{"epoch":0,"H":[[0.012100361287593842,-0.011100362055003643,0.0008373279124498367,-0.0008373286109417677,0.0038505559787154198,-0.003850556444376707,0.002460719086229801,-0.0024607188533991575,0.0016542416997253895,-0.0016542416997253895,0.001494124298915267,-0.0014941253466531634,-0.0005287295207381248,0.0005287295207381248,-0.0026848590932786465,0.0026848590932786465,0.001355539308860898,-0.0013555390760302544,0.0018130415119230747,-0.001813041395507753,0.0008175421971827745,-0.0008175426046364009,0.003370121354237199,-0.003370121354237199,6.330801988951862e-05,-6.330807809717953e-05,-0.0003347169840708375,0.0003347169840708375,-0.0008218082948587835,0.0008218083530664444,0.0007605672581121325,-0.0007605672581121325,-0.0004525856638792902,0.00045258563477545977,-0.00025627558352425694,0.00025627552531659603,0.0008894267375580966,-0.0008894267957657576,-0.00036727229598909616,0.00036727223778143525,0.0004512370505835861,-0.0004512370505835861,6.198166374815628e-05,-6.198166374815628e-05,0.0011151032522320747,-0.0011151033686473966,-0.0002938194083981216,0.00029381937929429114,-0.0002649167145136744,0.0002649166854098439,0.0003193463198840618,-0.0003193463198840618,0.0007062276708893478,-0.0007062276708893478,0.0013592565665021539,-0.0013592565665021539],[-0.011100362055003643,0.012100362218916416,-0.0008373281452804804,0.0008373281452804804,-0.003850556444376707,0.003850556444376707,-0.0024607188533991575,0.002460719086229801,-0.0016542416997253895,0.0016542416997253895,-0.0014941247645765543,0.0014941254630684853,0.0005287292879074812,-0.0005287290550768375,0.002684858860448003,-0.002684858860448003,-0.0013555394252762198,0.001355539308860898,-0.0018130416283383965,0.0018130415119230747,-0.0008175420225597918,0.0008175424300134182,-0.003370121819898486,0.0033701215870678425,-6.33081654086709e-05,6.33081654086709e-05,0.0003347170422784984,-0.0003347169840708375,0.0008218083530664444,-0.0008218083530664444,-0.0007605674909427762,0.0007605675491504371,0.0004525856638792902,-0.00045258563477545977,0.0002562754089012742,-0.00025627543800510466,-0.0008894268539734185,0.0008894268539734185,0.0003672722086776048,-0.00036727223778143525,-0.00045123713789507747,0.00045123713789507747,-6.198165647219867e-05,6.198165647219867e-05,-0.0011151033686473966,0.0011151033686473966,0.00029381943750195205,-0.00029381943750195205,0.0002649165107868612,-0.0002649165107868612,-0.0003193463198840618,0.0003193463198840618,-0.0007062277290970087,0.0007062277290970087,-0.0013592563336715102,0.001359256450086832],[0.0008373279124498367,-0.0008373281452804804,0.027493571862578392,-0.026493573561310768,0.002977809403091669,-0.002977809403091669,0.009973442181944847,-0.009973442181944847,-0.0007911853608675301,0.0007911851862445474,0.0007616730290465057,-0.0007616737857460976,0.004367468878626823,-0.004367467947304249,-0.0017399543430656195,0.0017399541102349758,-0.000291389471385628,0.00029138941317796707,-0.00094552559312433,0.00094552559312433,-0.00010573289182502776,0.00010573235340416431,-0.0009550678078085184,0.0009550679242238402,0.0022072624415159225,-0.002207262674346566,0.001111585064791143,-0.0011115844827145338,0.0017526843585073948,-0.0017526843585073948,0.0013369901571422815,-0.0013369902735576034,0.0011478114174678922,-0.001147811533883214,-7.123065006453544e-05,7.123076647985727e-05,0.00116258196067065,-0.00116258196067065,0.0007513165473937988,-0.0007513165473937988,0.000549043994396925,-0.000549043994396925,0.00025458773598074913,-0.00025458779418841004,0.00123332510702312,-0.0012333252234384418,0.0005909615429118276,-0.0005909615429118276,-2.719687472563237e-05,2.719687472563237e-05,0.00035345388459973037,-0.00035345388459973037,0.0019800830632448196,-0.0019800832960754633,0.0014306853991001844,-0.0014306853991001844],[-0.0008373286109417677,0.0008373281452804804,-0.026493573561310768,0.02749357745051384,-0.0029778098687529564,0.0029778098687529564,-0.009973443113267422,0.009973442181944847,0.0007911860011518002,-0.0007911859429441392,-0.0007616732618771493,0.0007616737857460976,-0.004367467947304249,0.0043674674816429615,0.0017399550415575504,-0.0017399548087269068,0.00029139011166989803,-0.0002913903445005417,0.0009455255349166691,-0.0009455254185013473,0.00010573298641247675,-0.00010573206236585975,0.0009550678660161793,-0.0009550678660161793,-0.00220726290717721,0.0022072624415159225,-0.0011115854140371084,0.0011115855304524302,-0.0017526845913380384,0.001752684824168682,-0.0013369907392188907,0.0013369907392188907,-0.0011478116502985358,0.0011478116502985358,7.12304754415527e-05,-7.12304754415527e-05,-0.0011625824263319373,0.0011625825427472591,-0.000751316430978477,0.0007513164891861379,-0.0005490440526045859,0.0005490440526045859,-0.00025458779418841004,0.00025458785239607096,-0.0012333254562690854,0.0012333255726844072,-0.0005909616593271494,0.0005909615429118276,2.7196583687327802e-05,-2.7196678274776787e-05,-0.00035345408832654357,0.00035345408832654357,-0.001980083528906107,0.001980083528906107,-0.0014306858647614717,0.00143068574834615],[0.0038505559787154198,-0.003850556444376707,0.002977809403091669,-0.0029778098687529564,0.006906101014465094,-0.005906100384891033,0.00038466567639261484,-0.00038466573460027575,0.0017322131898254156,-0.0017322133062407374,0.00047778571024537086,-0.0004777864087373018,-2.0207080524414778e-05,2.020705142058432e-05,0.00011792377335950732,-0.00011792372970376164,0.0013043528888374567,-0.0013043528888374567,0.0010286492761224508,-0.0010286492761224508,0.0006776897935196757,-0.0006776900263503194,0.001458032289519906,-0.0014580325223505497,0.0032146964222192764,-0.0032146964222192764,0.0006563991191796958,-0.0006563993520103395,-0.0007406500517390668,0.0007406499935314059,0.0002910250041168183,-0.0002910250623244792,-0.00044028848060406744,0.000440288451500237,-0.0001593475171830505,0.0001593474589753896,0.0007190325995907187,-0.0007190326577983797,-0.0002982703736051917,0.0002982703736051917,0.00032146769808605313,-0.00032146769808605313,2.228981611551717e-05,-2.228981611551717e-05,0.0006269460427574813,-0.0006269460427574813,-0.00027664582012221217,0.00027664582012221217,-0.00010749953798949718,0.00010749956709332764,0.00020284242054913193,-0.0002028424059972167,0.0005743186338804662,-0.0005743186338804662,0.0005190879455767572,-0.0005190879455767572],[-0.003850556444376707,0.003850556444376707,-0.002977809403091669,0.0029778098687529564,-0.005906100384891033,0.006906099617481232,-0.00038466567639261484,0.00038466573460027575,-0.0017322131898254156,0.0017322133062407374,-0.00047778571024537086,0.0004777864087373018,2.0207080524414778e-05,-2.020705142058432e-05,-0.00011792377335950732,0.00011792372970376164,-0.0013043528888374567,0.0013043528888374567,-0.0010286492761224508,0.0010286492761224508,-0.0006776897935196757,0.0006776900263503194,-0.001458032289519906,0.0014580325223505497,-0.0032146964222192764,0.0032146964222192764,-0.0006563991191796958,0.0006563993520103395,0.0007406500517390668,-0.0007406499935314059,-0.0002910250041168183,0.0002910250623244792,0.00044028848060406744,-0.000440288451500237,0.0001593475171830505,-0.0001593474589753896,-0.0007190325995907187,0.0007190326577983797,0.0002982703736051917,-0.0002982703736051917,-0.00032146769808605313,0.00032146769808605313,-2.228981611551717e-05,2.228981611551717e-05,-0.0006269460427574813,0.0006269460427574813,0.00027664582012221217,-0.00027664582012221217,0.00010749953798949718,-0.00010749956709332764,-0.00020284242054913193,0.0002028424059972167,-0.0005743186338804662,0.0005743186338804662,-0.0005190879455767572,0.0005190879455767572],[0.002460719086229801,-0.0024607188533991575,0.009973442181944847,-0.009973443113267422,0.00038466567639261484,-0.00038466567639261484,0.015766223892569542,-0.014766225591301918,0.0023207401391118765,-0.002320739906281233,0.00022375115077011287,-0.00022375155822373927,0.003315100446343422,-0.0033150999806821346,0.00109720544423908,-0.0010972055606544018,-0.0021683734375983477,0.0021683734375983477,-2.9819522751495242e-05,2.9819580959156156e-05,0.00014197416021488607,-0.00014197465498000383,-0.0005335095920599997,0.000533509417437017,0.00241255690343678,-0.0024125573690980673,-0.0004622565465979278,0.00046225631376728415,0.0010823460761457682,-0.0010823460761457682,0.00286447093822062,-0.00286447093822062,0.0007973000756464899,-0.0007973003084771335,0.0010208419989794493,-0.0010208419989794493,0.0003553022106643766,-0.000355302297975868,0.0005202507600188255,-0.0005202507600188255,0.0011123142903670669,-0.0011123142903670669,-5.581977893598378e-05,5.5819782573962584e-05,0.00014329329133033752,-0.00014329329133033752,0.0003249170840717852,-0.00032491693855263293,0.00044842972420156,-0.00044842972420156,-0.0001385388895869255,0.0001385388895869255,0.0005169154610484838,-0.0005169154610484838,0.0005113905062898993,-0.0005113905644975603],[-0.0024607188533991575,0.002460719086229801,-0.009973442181944847,0.009973442181944847,-0.00038466573460027575,0.00038466573460027575,-0.014766225591301918,0.01576622575521469,-0.002320739673450589,0.002320739673450589,-0.00022375088883563876,0.00022375150001607835,-0.0033151009120047092,0.003315100446343422,-0.0010972050949931145,0.0010972052114084363,0.0021683727391064167,-0.0021683727391064167,2.981946454383433e-05,-2.9819493647664785e-05,-0.00014197392738424242,0.00014197421842254698,0.0005335095338523388,-0.0005335095338523388,-0.002412557601928711,0.002412557601928711,0.00046225672122091055,-0.0004622566048055887,-0.0010823459597304463,0.0010823463089764118,-0.002864471171051264,0.00286447093822062,-0.0007973000174388289,0.0007973002502694726,-0.0010208417661488056,0.0010208416497334838,-0.0003553020069375634,0.0003553020942490548,-0.0005202506436035037,0.0005202506436035037,-0.001112314173951745,0.001112314173951745,5.581968434853479e-05,-5.581969162449241e-05,-0.00014329332043416798,0.00014329332043416798,-0.00032491731690242887,0.0003249172295909375,-0.0004484296659938991,0.00044842969509772956,0.0001385389914503321,-0.00013853900600224733,-0.0005169155774638057,0.0005169155774638057,-0.0005113904480822384,0.0005113905062898993],[0.0016542416997253895,-0.0016542416997253895,-0.0007911853608675301,0.0007911860011518002,0.0017322131898254156,-0.0017322131898254156,0.0023207401391118765,-0.002320739673450589,0.004949002061039209,-0.003949001897126436,0.00034649192821234465,-0.00034649213193915784,0.00014139583799988031,-0.00014139580889604986,0.0013739120913669467,-0.0013739119749516249,0.00045144197065383196,-0.00045144197065383196,0.0011711132247000933,-0.0011711132247000933,0.0002558919950388372,-0.00025589216966181993,0.0020783706568181515,-0.0020783706568181515,-0.0017976900562644005,0.0017976900562644005,-0.0021521784365177155,0.002152178669348359,-0.0014324879739433527,0.0014324879739433527,-0.00023197539849206805,0.00023197539849206805,-0.0009691932937130332,0.0009691933519206941,-0.00030360661912709475,0.00030360656091943383,-0.00017355041927658021,0.00017355041927658021,-0.0006547569064423442,0.0006547569064423442,-4.2708590626716614e-05,4.2708590626716614e-05,-0.00018796524091158062,0.00018796525546349585,-0.000540094799362123,0.0005400948575697839,-0.0006173443980515003,0.0006173443980515003,-0.0002584586327429861,0.0002584586327429861,-0.00019364833133295178,0.00019364833133295178,-0.0005480533000081778,0.0005480533000081778,-0.001018407056108117,0.001018407056108117],[-0.0016542416997253895,0.0016542416997253895,0.0007911851862445474,-0.0007911859429441392,-0.0017322133062407374,0.0017322133062407374,-0.002320739906281233,0.002320739673450589,-0.003949001897126436,0.004949002061039209,-0.00034649192821234465,0.00034649213193915784,-0.00014139583799988031,0.00014139580889604986,-0.0013739120913669467,0.0013739119749516249,-0.00045144197065383196,0.00045144197065383196,-0.0011711132247000933,0.0011711132247000933,-0.0002558919950388372,0.00025589216966181993,-0.0020783706568181515,0.0020783706568181515,0.0017976900562644005,-0.0017976900562644005,0.0021521784365177155,-0.002152178669348359,0.0014324879739433527,-0.0014324879739433527,0.00023197539849206805,-0.00023197539849206805,0.0009691932937130332,-0.0009691933519206941,0.00030360661912709475,-0.00030360656091943383,0.00017355041927658021,-0.00017355041927658021,0.0006547569064423442,-0.0006547569064423442,4.2708590626716614e-05,-4.2708590626716614e-05,0.00018796524091158062,-0.00018796525546349585,0.000540094799362123,-0.0005400948575697839,0.0006173443980515003,-0.0006173443980515003,0.0002584586327429861,-0.0002584586327429861,0.00019364833133295178,-0.00019364833133295178,0.0005480533000081778,-0.0005480533000081778,0.001018407056108117,-0.001018407056108117],[0.001494124298915267,-0.0014941247645765543,0.0007616730290465057,-0.0007616732618771493,0.00047778571024537086,-0.00047778571024537086,0.00022375115077011287,-0.00022375088883563876,0.00034649192821234465,-0.00034649192821234465,0.004481229465454817,-0.003481231862679124,0.0008448283770121634,-0.0008448282605968416,0.0005651128594763577,-0.0005651127430610359,0.0016841718461364508,-0.0016841718461364508,8.434017945546657e-05,-8.43401940073818e-05,0.0020985936280339956,-0.0020985938608646393,-0.00013902198406867683,0.00013902195496484637,-5.076309753349051e-05,5.076311208540574e-05,-0.0009279620717279613,0.0009279619553126395,0.0012504301266744733,-0.0012504301266744733,0.0002749401028268039,-0.0002749401319306344,0.0007699122652411461,-0.0007699122652411461,0.0002982407750096172,-0.0002982407750096172,-7.118312350939959e-05,7.118312350939959e-05,0.0006371978670358658,-0.0006371978670358658,0.00010529394057812169,-0.00010529394057812169,5.821556624141522e-05,-5.8215569879394025e-05,0.0002032024785876274,-0.00020320249313954264,0.0005351840518414974,-0.0005351840518414974,0.0002578817366156727,-0.00025788176571950316,5.0708400522125885e-05,-5.0708400522125885e-05,8.996741962619126e-05,-8.996742690214887e-05,-5.061041156295687e-05,5.0610404286999255e-05],[-0.0014941253466531634,0.0014941254630684853,-0.0007616737857460976,0.0007616737857460976,-0.0004777864087373018,0.0004777864087373018,-0.00022375155822373927,0.00022375150001607835,-0.00034649213193915784,0.00034649213193915784,-0.003481231862679124,0.0044812289997935295,-0.000844828668050468,0.0008448286098428071,-0.0005651133833453059,0.0005651133833453059,-0.001684173010289669,0.0016841727774590254,-8.434064511675388e-05,8.434060146100819e-05,-0.0020985943265259266,0.0020985943265259266,0.00013902151840738952,-0.00013902154751121998,5.0763002946041524e-05,-5.0762988394126296e-05,0.0009279627120122313,-0.0009279625373892486,-0.0012504302430897951,0.0012504301266744733,-0.0002749401319306344,0.0002749401319306344,-0.0007699123816564679,0.0007699123816564679,-0.00029824068769812584,0.0002982406294904649,7.118303619790822e-05,-7.118305074982345e-05,-0.0006371978670358658,0.0006371978670358658,-0.00010529393330216408,0.00010529393330216408,-5.821557351737283e-05,5.821557715535164e-05,-0.00020320284238550812,0.00020320285693742335,-0.0005351840518414974,0.0005351840518414974,-0.0002578816784080118,0.00025788164930418134,-5.0708451453829184e-05,5.0708451453829184e-05,-8.996744873002172e-05,8.996743417810649e-05,5.061028787167743e-05,-5.061029878561385e-05],[-0.0005287295207381248,0.0005287292879074812,0.004367468878626823,-0.004367467947304249,-2.0207080524414778e-05,2.0207080524414778e-05,0.003315100446343422,-0.0033151009120047092,0.00014139583799988031,-0.00014139583799988031,0.0008448283770121634,-0.000844828668050468,0.0030532043892890215,-0.002053203759714961,0.0008870726451277733,-0.0008870726451277733,0.0009947546059265733,-0.0009947546059265733,-0.0003017194103449583,0.00030171943944878876,0.0003717928775586188,-0.00037179316859692335,0.0001844606304075569,-0.00018446061585564166,-4.617309241439216e-05,4.6173096052370965e-05,0.0008797565824352205,-0.0008797565242275596,-9.003738523460925e-05,9.003742889035493e-05,0.0002661225735209882,-0.0002661225735209882,-8.784922101767734e-05,8.784915553405881e-05,-0.00027946438058279455,0.00027946432237513363,0.00010386882058810443,-0.00010386882786406204,-9.789373143576086e-05,9.789371688384563e-05,0.00010114579345099628,-0.00010114579345099628,-2.660905010998249e-06,2.6609104679664597e-06,0.0002239028544863686,-0.00022390286903828382,-0.00011416374036343768,0.00011416375491535291,-0.00020003003010060638,0.00020003003010060638,-4.835235813516192e-05,4.835236177314073e-05,0.0003092632396146655,-0.0003092631814070046,-0.00016334843530785292,0.0001633484207559377],[0.0005287295207381248,-0.0005287290550768375,-0.004367467947304249,0.0043674674816429615,2.020705142058432e-05,-2.020705142058432e-05,-0.0033150999806821346,0.003315100446343422,-0.00014139580889604986,0.00014139580889604986,-0.0008448282605968416,0.0008448286098428071,-0.002053203759714961,0.0030532036907970905,-0.0008870725287124515,0.0008870725287124515,-0.0009947546059265733,0.0009947546059265733,0.00030171938124112785,-0.0003017193521372974,-0.00037179270293563604,0.00037179302307777107,-0.00018446071771904826,0.00018446071771904826,4.617309241439216e-05,-4.617315426003188e-05,-0.0008797568152658641,0.0008797567570582032,9.003747254610062e-05,-9.003742889035493e-05,-0.0002661225153133273,0.00026612248620949686,8.784920646576211e-05,-8.784917008597404e-05,0.00027946438058279455,-0.00027946438058279455,-0.0001038688060361892,0.00010386881331214681,9.789370960788801e-05,-9.789370960788801e-05,-0.00010114575707120821,0.00010114575707120821,2.6608759071677923e-06,-2.6608740881783888e-06,-0.0002239029563497752,0.0002239029563497752,0.00011416371125960723,-0.0001141637476393953,0.00020003005920443684,-0.00020003001554869115,4.835234358324669e-05,-4.835234358324669e-05,-0.0003092631231993437,0.0003092631231993437,0.00016334840620402247,-0.00016334839165210724],[-0.0026848590932786465,0.002684858860448003,-0.0017399543430656195,0.0017399550415575504,0.00011792377335950732,-0.00011792377335950732,0.00109720544423908,-0.0010972050949931145,0.0013739120913669467,-0.0013739120913669467,0.0005651128594763577,-0.0005651133833453059,0.0008870726451277733,-0.0008870725287124515,0.0027665786910802126,-0.001766578876413405,0.0016890765400603414,-0.0016890766564756632,-8.889332821127027e-05,8.889331365935504e-05,0.0005545851308852434,-0.0005545850726775825,0.0007060343050397933,-0.0007060343050397933,-0.00032315743737854064,0.0003231574664823711,-0.0006731271278113127,0.0006731271860189736,-0.0006990500842221081,0.0006990500842221081,-1.662617432884872e-05,1.662617432884872e-05,-0.000465845427243039,0.000465845427243039,-0.00030044588493183255,0.00030044588493183255,0.00011997943511232734,-0.0001199794642161578,-0.0003500630846247077,0.0003500630846247077,-1.3093289453536272e-05,1.3093289453536272e-05,-2.9601174901472405e-05,2.9601185815408826e-05,7.717899279668927e-05,-7.717902190051973e-05,-0.0003132046549580991,0.0003132046549580991,-0.0002300803898833692,0.00023008037533145398,-5.255587529973127e-05,5.255587529973127e-05,-6.00985367782414e-06,6.00985367782414e-06,6.1001177527941763e-05,-6.100119207985699e-05],[0.0026848590932786465,-0.002684858860448003,0.0017399541102349758,-0.0017399548087269068,-0.00011792372970376164,0.00011792372970376164,-0.0010972055606544018,0.0010972052114084363,-0.0013739119749516249,0.0013739119749516249,-0.0005651127430610359,0.0005651133833453059,-0.0008870726451277733,0.0008870725287124515,-0.001766578876413405,0.0027665791567415,-0.0016890766564756632,0.0016890765400603414,8.88934446265921e-05,-8.889343007467687e-05,-0.0005545847816392779,0.0005545850726775825,-0.0007060341886244714,0.0007060342468321323,0.00032315735006704926,-0.0003231574082747102,0.0006731273024342954,-0.0006731273606419563,0.0006990500260144472,-0.0006990499095991254,1.662608701735735e-05,-1.662608701735735e-05,0.00046584539813920856,-0.00046584539813920856,0.0003004457976203412,-0.00030044582672417164,-0.00011997937690466642,0.00011997943511232734,0.00035006311372853816,-0.00035006311372853816,1.3093260349705815e-05,-1.3093260349705815e-05,2.960121855721809e-05,-2.960122947115451e-05,-7.71790073486045e-05,7.717903645243496e-05,0.0003132045967504382,-0.0003132045967504382,0.00023008034622762352,-0.00023008034622762352,5.255589712760411e-05,-5.255589712760411e-05,6.0098100220784545e-06,-6.0098100220784545e-06,-6.100120663177222e-05,6.100122118368745e-05],[0.001355539308860898,-0.0013555394252762198,-0.000291389471385628,0.00029139011166989803,0.0013043528888374567,-0.0013043528888374567,-0.0021683734375983477,0.0021683727391064167,0.00045144197065383196,-0.00045144197065383196,0.0016841718461364508,-0.001684173010289669,0.0009947546059265733,-0.0009947546059265733,0.0016890765400603414,-0.0016890766564756632,0.006995540112257004,-0.005995541345328093,0.0005544553278014064,-0.0005544552695937455,0.001093473401851952,-0.0010934736346825957,0.00121855060569942,-0.00121855060569942,-0.0009448121418245137,0.0009448120254091918,-0.00032608903711661696,0.0003260891535319388,-0.001734576653689146,0.001734576653689146,-0.0012909735087305307,0.0012909735087305307,-0.0010993017349392176,0.0010993017349392176,-0.001035069115459919,0.001035069115459919,-0.00021239215857349336,0.00021239218767732382,-0.0008432506583631039,0.0008432506583631039,-0.0006207276019267738,0.0006207276019267738,-8.240564056904987e-05,8.240564056904987e-05,-2.6751915356726386e-05,2.675194264156744e-05,-0.0006694138864986598,0.0006694138282909989,-0.0007070614956319332,0.0007070614956319332,-5.508572212420404e-05,5.508572576218285e-05,-0.0002438674564473331,0.0002438674564473331,9.335426148027182e-05,-9.335426148027182e-05],[-0.0013555390760302544,0.001355539308860898,0.00029138941317796707,-0.0002913903445005417,-0.0013043528888374567,0.0013043528888374567,0.0021683734375983477,-0.0021683727391064167,-0.00045144197065383196,0.00045144197065383196,-0.0016841718461364508,0.0016841727774590254,-0.0009947546059265733,0.0009947546059265733,-0.0016890766564756632,0.0016890765400603414,-0.005995541345328093,0.006995541509240866,-0.0005544553278014064,0.0005544552695937455,-0.001093473401851952,0.0010934736346825957,-0.00121855060569942,0.00121855060569942,0.0009448121418245137,-0.0009448120254091918,0.00032608903711661696,-0.0003260891535319388,0.001734576653689146,-0.001734576653689146,0.0012909735087305307,-0.0012909735087305307,0.0010993017349392176,-0.0010993017349392176,0.001035069115459919,-0.001035069115459919,0.00021239215857349336,-0.00021239218767732382,0.0008432506583631039,-0.0008432506583631039,0.0006207276019267738,-0.0006207276019267738,8.240564056904987e-05,-8.240564056904987e-05,2.6751915356726386e-05,-2.675194264156744e-05,0.0006694138864986598,-0.0006694138282909989,0.0007070614956319332,-0.0007070614956319332,5.508572212420404e-05,-5.508572576218285e-05,0.0002438674564473331,-0.0002438674564473331,-9.335426148027182e-05,9.335426148027182e-05],[0.0018130415119230747,-0.0018130416283383965,-0.00094552559312433,0.0009455255349166691,0.0010286492761224508,-0.0010286492761224508,-2.9819522751495242e-05,2.981946454383433e-05,0.0011711132247000933,-0.0011711132247000933,8.434017945546657e-05,-8.434064511675388e-05,-0.0003017194103449583,0.00030171938124112785,-8.889332821127027e-05,8.88934446265921e-05,0.0005544553278014064,-0.0005544553278014064,0.0017653889954090118,-0.0007653890643268824,0.00023863806563895196,-0.00023863815295044333,0.0006614456069655716,-0.0006614456651732326,-6.297259824350476e-05,6.297262734733522e-05,0.00034661131212487817,-0.0003466113412287086,-0.0001217899625771679,0.00012178995530121028,0.00015895796241238713,-0.00015895796241238713,-3.574909351300448e-05,3.574909715098329e-05,4.991324385628104e-05,-4.9913229304365814e-05,0.00014215256669558585,-0.00014215256669558585,-4.635882214643061e-05,4.6358829422388226e-05,8.212687680497766e-05,-8.212687680497766e-05,-1.7644499166635796e-05,1.7644502804614604e-05,0.0002269222168251872,-0.0002269222604809329,-7.303980237338692e-05,7.303980237338692e-05,-9.351562766823918e-06,9.351570042781532e-06,3.2681666198186576e-05,-3.2681669836165383e-05,-0.0001335596025455743,0.00013355963164940476,0.00029720825841650367,-0.00029720825841650367],[-0.001813041395507753,0.0018130415119230747,0.00094552559312433,-0.0009455254185013473,-0.0010286492761224508,0.0010286492761224508,2.9819580959156156e-05,-2.9819493647664785e-05,-0.0011711132247000933,0.0011711132247000933,-8.43401940073818e-05,8.434060146100819e-05,0.00030171943944878876,-0.0003017193521372974,8.889331365935504e-05,-8.889343007467687e-05,-0.0005544552695937455,0.0005544552695937455,-0.0007653890643268824,0.0017653886461630464,-0.00023863800743129104,0.0002386381383985281,-0.0006614454323425889,0.0006614455487579107,6.297258369158953e-05,-6.297261279541999e-05,-0.00034661139943636954,0.0003466113412287086,0.00012178999168099836,-0.00012178997712908313,-0.00015895790420472622,0.00015895790420472622,3.574909715098329e-05,-3.5749100788962096e-05,-4.991324385628104e-05,4.9913229304365814e-05,-0.00014215247938409448,0.00014215247938409448,4.6358814870473e-05,-4.635881123249419e-05,-8.212687680497766e-05,8.212687680497766e-05,1.7644550098339096e-05,-1.764454646036029e-05,-0.00022692210040986538,0.00022692212951369584,7.303980237338692e-05,-7.303980237338692e-05,9.351591870654374e-06,-9.351599146611989e-06,-3.2681644370313734e-05,3.2681644370313734e-05,0.00013355968985706568,-0.00013355967530515045,-0.0002972081128973514,0.00029720808379352093],[0.0008175421971827745,-0.0008175420225597918,-0.00010573289182502776,0.00010573298641247675,0.0006776897935196757,-0.0006776897935196757,0.00014197416021488607,-0.00014197392738424242,0.0002558919950388372,-0.0002558919950388372,0.0020985936280339956,-0.0020985943265259266,0.0003717928775586188,-0.00037179270293563604,0.0005545851308852434,-0.0005545847816392779,0.001093473401851952,-0.001093473401851952,0.00023863806563895196,-0.00023863800743129104,0.0036292739678174257,-0.002629272872582078,0.00031438691075891256,-0.0003143868816550821,0.00021445946185849607,-0.00021445940365083516,-0.001092154416255653,0.001092154299840331,0.00034442575997672975,-0.00034442575997672975,0.00010874928557313979,-0.00010874930012505502,0.00019707530736923218,-0.00019707529281731695,0.00017814565217122436,-0.00017814566672313958,-0.00023668110952712595,0.00023668110952712595,0.00012183166109025478,-0.00012183166109025478,4.578142034006305e-05,-4.578142034006305e-05,-9.47526132222265e-07,9.475297702010721e-07,5.1478404202498496e-05,-5.1478404202498496e-05,0.00013355622650124133,-0.0001335562119493261,0.0001829522952903062,-0.0001829522952903062,1.7128917534137145e-05,-1.7128921172115952e-05,5.022374898544513e-05,-5.022374898544513e-05,-0.0001453500590287149,0.0001453500590287149],[-0.0008175426046364009,0.0008175424300134182,0.00010573235340416431,-0.00010573206236585975,-0.0006776900263503194,0.0006776900263503194,-0.00014197465498000383,0.00014197421842254698,-0.00025589216966181993,0.00025589216966181993,-0.0020985938608646393,0.0020985943265259266,-0.00037179316859692335,0.00037179302307777107,-0.0005545850726775825,0.0005545850726775825,-0.0010934736346825957,0.0010934736346825957,-0.00023863815295044333,0.0002386381383985281,-0.002629272872582078,0.003629273036494851,-0.00031438699807040393,0.00031438699807040393,-0.00021445956372190267,0.00021445956372190267,0.0010921545326709747,-0.001092154299840331,-0.00034442570176906884,0.0003444256726652384,-0.00010874924919335172,0.00010874926374526694,-0.0001970751618500799,0.00019707519095391035,-0.00017814565217122436,0.00017814565217122436,0.0002366810804232955,-0.0002366810804232955,-0.00012183169747004285,0.00012183169019408524,-4.57813439425081e-05,4.57813439425081e-05,9.475334081798792e-07,-9.475370461586863e-07,-5.147836054675281e-05,5.147836054675281e-05,-0.00013355619739741087,0.00013355618284549564,-0.00018295222253073007,0.0001829522370826453,-1.7128928448073566e-05,1.712892481009476e-05,-5.022379264119081e-05,5.022379264119081e-05,0.00014535004447679967,-0.00014535004447679967],[0.003370121354237199,-0.003370121819898486,-0.0009550678078085184,0.0009550678660161793,0.001458032289519906,-0.001458032289519906,-0.0005335095920599997,0.0005335095338523388,0.0020783706568181515,-0.0020783706568181515,-0.00013902198406867683,0.00013902151840738952,0.0001844606304075569,-0.00018446071771904826,0.0007060343050397933,-0.0007060341886244714,0.00121855060569942,-0.00121855060569942,0.0006614456069655716,-0.0006614454323425889,0.00031438691075891256,-0.00031438699807040393,0.002781292423605919,-0.001781292143277824,-0.0001976421772269532,0.0001976422790903598,-0.0005204497138038278,0.0005204497138038278,-0.001161984633654356,0.0011619845172390342,-0.0006121197948232293,0.0006121198530308902,-0.0007549498695880175,0.0007549498695880175,-0.0004987302818335593,0.0004987303400412202,0.00010951506556011736,-0.00010951508011203259,-0.000552272773347795,0.000552272773347795,-0.00020081622642464936,0.00020081622642464936,-8.23365553515032e-05,8.233656262746081e-05,-0.0003726090944837779,0.0003726091526914388,-0.0005269044195301831,0.0005269044195301831,-0.00036916547105647624,0.0003691654419526458,-9.988354577217251e-05,9.988354577217251e-05,-0.0003244925173930824,0.0003244925173930824,-8.615252590971068e-05,8.615252590971068e-05],[-0.003370121354237199,0.0033701215870678425,0.0009550679242238402,-0.0009550678660161793,-0.0014580325223505497,0.0014580325223505497,0.000533509417437017,-0.0005335095338523388,-0.0020783706568181515,0.0020783706568181515,0.00013902195496484637,-0.00013902154751121998,-0.00018446061585564166,0.00018446071771904826,-0.0007060343050397933,0.0007060342468321323,-0.00121855060569942,0.00121855060569942,-0.0006614456651732326,0.0006614455487579107,-0.0003143868816550821,0.00031438699807040393,-0.001781292143277824,0.002781292423605919,0.0001976421772269532,-0.0001976422790903598,0.0005204497138038278,-0.0005204497138038278,0.001161984633654356,-0.0011619845172390342,0.0006121197948232293,-0.0006121198530308902,0.0007549498695880175,-0.0007549498695880175,0.0004987302818335593,-0.0004987303400412202,-0.00010951506556011736,0.00010951508011203259,0.000552272773347795,-0.000552272773347795,0.00020081622642464936,-0.00020081622642464936,8.23365553515032e-05,-8.233656262746081e-05,0.0003726090944837779,-0.0003726091526914388,0.0005269044195301831,-0.0005269044195301831,0.00036916547105647624,-0.0003691654419526458,9.988354577217251e-05,-9.988354577217251e-05,0.0003244925173930824,-0.0003244925173930824,8.615252590971068e-05,-8.615252590971068e-05],[6.330801988951862e-05,-6.33081654086709e-05,0.0022072624415159225,-0.00220726290717721,0.0032146964222192764,-0.0032146964222192764,0.00241255690343678,-0.002412557601928711,-0.0017976900562644005,0.0017976900562644005,-5.076309753349051e-05,5.0763002946041524e-05,-4.617309241439216e-05,4.617309241439216e-05,-0.00032315743737854064,0.00032315735006704926,-0.0009448121418245137,0.0009448121418245137,-6.297259824350476e-05,6.297258369158953e-05,0.00021445946185849607,-0.00021445956372190267,-0.0001976421772269532,0.0001976421772269532,0.0022695481311529875,-0.001269547501578927,0.0010365250054746866,-0.0010365250054746866,-0.00017912017938215286,0.00017912010662257671,-0.00012036023690598086,0.00012036024418193847,4.531343438429758e-05,-4.5313445298234e-05,-8.6835483671166e-05,8.6835483671166e-05,0.0005128546617925167,-0.0005128546617925167,-4.7130473831202835e-05,4.713050293503329e-05,-7.169723539846018e-05,7.169723539846018e-05,5.0220747652929276e-05,-5.022075492888689e-05,-8.726553642190993e-05,8.726552914595231e-05,1.8316355635761283e-05,-1.8316368368687108e-05,-4.291941877454519e-05,4.291943332646042e-05,0.0001288259372813627,-0.0001288259372813627,0.00014743352949153632,-0.00014743352949153632,0.0007536365883424878,-0.0007536365883424878],[-6.330807809717953e-05,6.33081654086709e-05,-0.002207262674346566,0.0022072624415159225,-0.0032146964222192764,0.0032146964222192764,-0.0024125573690980673,0.002412557601928711,0.0017976900562644005,-0.0017976900562644005,5.076311208540574e-05,-5.0762988394126296e-05,4.6173096052370965e-05,-4.617315426003188e-05,0.0003231574664823711,-0.0003231574082747102,0.0009448120254091918,-0.0009448120254091918,6.297262734733522e-05,-6.297261279541999e-05,-0.00021445940365083516,0.00021445956372190267,0.0001976422790903598,-0.0001976422790903598,-0.001269547501578927,0.0022695495281368494,-0.0010365248890593648,0.0010365248890593648,0.00017912000475917011,-0.0001791200484149158,0.00012036009866278619,-0.00012036013504257426,-4.531348531600088e-05,4.531343802227639e-05,8.683535997988656e-05,-8.683531632414088e-05,-0.0005128546617925167,0.0005128547200001776,4.7130437451414764e-05,-4.713046655524522e-05,7.169718446675688e-05,-7.169718446675688e-05,-5.0220834964420646e-05,5.022084224037826e-05,8.726555824978277e-05,-8.726554369786754e-05,-1.831639929150697e-05,1.8316413843422197e-05,4.291937511879951e-05,-4.2919367842841893e-05,-0.00012882595183327794,0.00012882596638519317,-0.0001474334712838754,0.0001474334712838754,-0.000753636471927166,0.0007536365301348269],[-0.0003347169840708375,0.0003347170422784984,0.001111585064791143,-0.0011115854140371084,0.0006563991191796958,-0.0006563991191796958,-0.0004622565465979278,0.00046225672122091055,-0.0021521784365177155,0.0021521784365177155,-0.0009279620717279613,0.0009279627120122313,0.0008797565824352205,-0.0008797568152658641,-0.0006731271278113127,0.0006731273024342954,-0.00032608903711661696,0.00032608903711661696,0.00034661131212487817,-0.00034661139943636954,-0.001092154416255653,0.0010921545326709747,-0.0005204497138038278,0.0005204497138038278,0.0010365250054746866,-0.0010365248890593648,0.006719281431287527,-0.005719282198697329,-4.346547939348966e-05,4.346546484157443e-05,-0.0012999125756323338,0.0012999126920476556,0.00010004235082305968,-0.00010004227806348354,-0.0003144268412142992,0.00031442695762962103,0.0005167817580513656,-0.0005167817580513656,6.545406358782202e-05,-6.54540053801611e-05,-0.00042097066761925817,0.00042097066761925817,0.00016696850070729852,-0.00016696851525921375,0.0006335037760436535,-0.0006335037760436535,-4.267448093742132e-05,4.267444455763325e-05,-0.0002682710764929652,0.0002682710764929652,7.238709076773375e-05,-7.238710531964898e-05,0.00035042475792579353,-0.00035042467061430216,6.268950528465211e-05,-6.268950528465211e-05],[0.0003347169840708375,-0.0003347169840708375,-0.0011115844827145338,0.0011115855304524302,-0.0006563993520103395,0.0006563993520103395,0.00046225631376728415,-0.0004622566048055887,0.002152178669348359,-0.002152178669348359,0.0009279619553126395,-0.0009279625373892486,-0.0008797565242275596,0.0008797567570582032,0.0006731271860189736,-0.0006731273606419563,0.0003260891535319388,-0.0003260891535319388,-0.0003466113412287086,0.0003466113412287086,0.001092154299840331,-0.001092154299840331,0.0005204497138038278,-0.0005204497138038278,-0.0010365250054746866,0.0010365248890593648,-0.005719282198697329,0.006719282362610102,4.346547939348966e-05,-4.346546484157443e-05,0.0012999125756323338,-0.0012999126920476556,-0.00010004235082305968,0.00010004227806348354,0.0003144268412142992,-0.00031442695762962103,-0.0005167817580513656,0.0005167817580513656,-6.545406358782202e-05,6.54540053801611e-05,0.00042097066761925817,-0.00042097066761925817,-0.00016696850070729852,0.00016696851525921375,-0.0006335037760436535,0.0006335037760436535,4.267448093742132e-05,-4.267444455763325e-05,0.0002682710764929652,-0.0002682710764929652,-7.238709076773375e-05,7.238710531964898e-05,-0.00035042475792579353,0.00035042467061430216,-6.268950528465211e-05,6.268950528465211e-05],[-0.0008218082948587835,0.0008218083530664444,0.0017526843585073948,-0.0017526845913380384,-0.0007406500517390668,0.0007406500517390668,0.0010823460761457682,-0.0010823459597304463,-0.0014324879739433527,0.0014324879739433527,0.0012504301266744733,-0.0012504302430897951,-9.003738523460925e-05,9.003747254610062e-05,-0.0006990500842221081,0.0006990500260144472,-0.001734576653689146,0.001734576653689146,-0.0001217899625771679,0.00012178999168099836,0.00034442575997672975,-0.00034442570176906884,-0.001161984633654356,0.001161984633654356,-0.00017912017938215286,0.00017912000475917011,-4.346547939348966e-05,4.346547939348966e-05,0.0034290929324924946,-0.0024290927685797215,0.0017713805427774787,-0.0017713806591928005,0.0014935857616364956,-0.0014935857616364956,0.001118278014473617,-0.001118278014473617,-0.00042232833220623434,0.0004223282739985734,0.0011018677614629269,-0.001101867645047605,0.0008185976184904575,-0.0008185976184904575,-0.00017114442016463727,0.0001711444347165525,0.0006314940401352942,-0.0006314940983429551,0.0008646281203255057,-0.0008646281203255057,0.0006722947000525892,-0.0006722946418449283,-0.00017714040586724877,0.00017714037676341832,0.00012779771350324154,-0.00012779771350324154,0.0004293076053727418,-0.0004293076053727418],[0.0008218083530664444,-0.0008218083530664444,-0.0017526843585073948,0.001752684824168682,0.0007406499935314059,-0.0007406499935314059,-0.0010823460761457682,0.0010823463089764118,0.0014324879739433527,-0.0014324879739433527,-0.0012504301266744733,0.0012504301266744733,9.003742889035493e-05,-9.003742889035493e-05,0.0006990500842221081,-0.0006990499095991254,0.001734576653689146,-0.001734576653689146,0.00012178995530121028,-0.00012178997712908313,-0.00034442575997672975,0.0003444256726652384,0.0011619845172390342,-0.0011619845172390342,0.00017912010662257671,-0.0001791200484149158,4.346546484157443e-05,-4.346546484157443e-05,-0.0024290927685797215,0.003429093398153782,-0.0017713805427774787,0.0017713806591928005,-0.0014935858780518174,0.0014935859944671392,-0.0011182778980582952,0.0011182778980582952,0.0004223285068292171,-0.0004223284777253866,-0.001101867645047605,0.001101867645047605,-0.0008185976184904575,0.0008185976184904575,0.00017114440561272204,-0.00017114442016463727,-0.0006314940983429551,0.0006314940983429551,-0.0008646280621178448,0.0008646280621178448,-0.000672294816467911,0.0006722947582602501,0.00017714039131533355,-0.0001771403622115031,-0.00012779766984749585,0.00012779768439941108,-0.0004293076926842332,0.0004293076926842332],[0.0007605672581121325,-0.0007605674909427762,0.0013369901571422815,-0.0013369907392188907,0.0002910250041168183,-0.0002910250041168183,0.00286447093822062,-0.002864471171051264,-0.00023197539849206805,0.00023197539849206805,0.0002749401028268039,-0.0002749401319306344,0.0002661225735209882,-0.0002661225153133273,-1.662617432884872e-05,1.662608701735735e-05,-0.0012909735087305307,0.0012909735087305307,0.00015895796241238713,-0.00015895790420472622,0.00010874928557313979,-0.00010874924919335172,-0.0006121197948232293,0.0006121197948232293,-0.00012036023690598086,0.00012036009866278619,-0.0012999125756323338,0.0012999125756323338,0.0017713805427774787,-0.0017713805427774787,0.0029666065238416195,-0.0019666063599288464,0.0011298827594146132,-0.0011298827594146132,0.0012675219913944602,-0.0012675219913944602,0.00012350812903605402,-0.00012350812903605402,0.0008653663098812103,-0.0008653664262965322,0.0008644849294796586,-0.0008644849294796586,0.00042334257159382105,-0.00042334251338616014,0.000696834409609437,-0.000696834409609437,0.0006577832391485572,-0.0006577832391485572,0.0007272341754287481,-0.0007272340590134263,0.0004956501070410013,-0.0004956501652486622,0.0002321936481166631,-0.0002321936481166631,0.00035402257344685495,-0.0003540225443430245],[-0.0007605672581121325,0.0007605675491504371,-0.0013369902735576034,0.0013369907392188907,-0.0002910250623244792,0.0002910250623244792,-0.00286447093822062,0.00286447093822062,0.00023197539849206805,-0.00023197539849206805,-0.0002749401319306344,0.0002749401319306344,-0.0002661225735209882,0.00026612248620949686,1.662617432884872e-05,-1.662608701735735e-05,0.0012909735087305307,-0.0012909735087305307,-0.00015895796241238713,0.00015895790420472622,-0.00010874930012505502,0.00010874926374526694,0.0006121198530308902,-0.0006121198530308902,0.00012036024418193847,-0.00012036013504257426,0.0012999126920476556,-0.0012999126920476556,-0.0017713806591928005,0.0017713806591928005,-0.0019666063599288464,