{"epoch":0,"H":[[0.04805545508861542,-0.047055453062057495,0.02220497652888298,-0.02220497466623783,0.02262359857559204,-0.02262360043823719,0.0101642906665802,-0.0101642906665802,0.01623319461941719,-0.01623319461941719,-0.0035248512867838144,0.003524849656969309,0.011113520711660385,-0.011113520711660385,0.013229664415121078,-0.013229665346443653,0.018589118495583534,-0.018589118495583534,0.006022316403687,-0.006022316403687,-0.002887727227061987,0.0028877260629087687,0.012955822050571442,-0.012955822050571442,-0.00028673571068793535,0.0002867358271032572,-0.0015542319742962718,0.0015542319742962718,8.90316441655159e-05,-8.903176058083773e-05,0.0028724768199026585,-0.002872476587072015,0.00018878106493502855,-0.0001887812977656722,-0.0004899249179288745,0.0004899249179288745,0.005774068646132946,-0.005774068646132946,-6.399990525096655e-06,6.3998159021139145e-06,0.0013627161970362067,-0.0013627163134515285,0.0008345831884071231,-0.0008345831884071231,0.00219682976603508,-0.00219682976603508,-0.0003116126172244549,0.0003116125299129635,-0.00022059348702896386,0.00022059354523662478,0.0024377554655075073,-0.0024377554655075073,0.0029895321931689978,-0.0029895324259996414,0.001369949197396636,-0.001369949197396636],[-0.047055453062057495,0.04805544763803482,-0.022204972803592682,0.022204972803592682,-0.02262360043823719,0.02262360230088234,-0.010164289735257626,0.010164289735257626,-0.01623319648206234,0.01623319648206234,0.0035248498897999525,-0.0035248487256467342,-0.011113518849015236,0.011113518849015236,-0.013229665346443653,0.013229665346443653,-0.018589118495583534,0.018589118495583534,-0.006022317800670862,0.006022317800670862,0.0028877262957394123,-0.0028877255972474813,-0.012955820187926292,0.012955820187926292,0.00028673477936536074,-0.0002867346629500389,0.0015542324399575591,-0.0015542319742962718,-8.903141133487225e-05,8.903187699615955e-05,-0.002872477751225233,0.0028724775183945894,-0.00018878158880397677,0.00018878158880397677,0.0004899248015135527,-0.0004899247433058918,-0.005774068646132946,0.005774068180471659,6.399874109774828e-06,-6.3996994867920876e-06,-0.001362716080620885,0.0013627161970362067,-0.0008345827227458358,0.0008345827227458358,-0.00219682976603508,0.00219682976603508,0.0003116126172244549,-0.0003116124717053026,0.00022059332695789635,-0.00022059326875023544,-0.0024377552326768637,0.00243775499984622,-0.0029895324259996414,0.002989532658830285,-0.001369949197396636,0.001369949197396636],[0.02220497652888298,-0.022204972803592682,0.03188364580273628,-0.03088364377617836,0.012858642265200615,-0.012858642265200615,0.008658016100525856,-0.00865801703184843,0.008408963680267334,-0.008408964611589909,-0.0001963647227967158,0.00019636463548522443,0.007182526867836714,-0.007182526867836714,0.01002847496420145,-0.010028475895524025,0.006696505006402731,-0.006696504075080156,0.006978640332818031,-0.006978640332818031,0.00041893243906088173,-0.00041893284651450813,0.009467840194702148,-0.009467840194702148,0.00554287526756525,-0.00554287526756525,0.0008331593126058578,-0.0008331590797752142,0.0001430248375982046,-0.000143025245051831,0.0052227783016860485,-0.005222778767347336,0.0004860297485720366,-0.0004860296903643757,0.0008113658986985683,-0.0008113660151138902,0.007313097361475229,-0.007313097361475229,0.00022039581381250173,-0.0002203960029873997,0.004192786756902933,-0.004192786756902933,0.0029289708472788334,-0.0029289708472788334,0.0023395358584821224,-0.0023395358584821224,0.00042687426321208477,-0.0004268744960427284,0.0008038047235459089,-0.0008038046071305871,0.005182642489671707,-0.005182642489671707,0.0039189644157886505,-0.0039189644157886505,0.0028685620054602623,-0.0028685620054602623],[-0.02220497466623783,0.022204972803592682,-0.03088364377617836,0.03188364580273628,-0.012858642265200615,0.01285864319652319,-0.008658016100525856,0.008658016100525856,-0.008408963680267334,0.008408963680267334,0.00019636542128864676,-0.0001963645190699026,-0.007182527333498001,0.007182526867836714,-0.010028474032878876,0.010028473101556301,-0.006696505472064018,0.006696504540741444,-0.006978640798479319,0.006978640798479319,-0.0004189317987766117,0.0004189329920336604,-0.009467840194702148,0.009467840194702148,-0.005542874336242676,0.005542874336242676,-0.0008331590797752142,0.0008331588469445705,-0.00014302489580586553,0.00014302495401352644,-0.005222778767347336,0.005222778767347336,-0.00048602992319501936,0.0004860299814026803,-0.0008113663643598557,0.0008113663643598557,-0.007313097827136517,0.007313097827136517,-0.0002203960611950606,0.00022039614850655198,-0.00419278722256422,0.00419278722256422,-0.002928970381617546,0.002928970381617546,-0.0023395363241434097,0.0023395363241434097,-0.0004268742923159152,0.0004268743214197457,-0.0008038049563765526,0.0008038048399612308,-0.005182642489671707,0.005182642489671707,-0.0039189644157886505,0.0039189644157886505,-0.0028685620054602623,0.0028685620054602623],[0.02262359857559204,-0.02262360043823719,0.012858642265200615,-0.012858642265200615,0.02694382518529892,-0.025943825021386147,0.004519273992627859,-0.004519273992627859,0.004686209373176098,-0.004686209373176098,-0.002705538412556052,0.0027055374812334776,0.007340926676988602,-0.007340926676988602,0.002638962585479021,-0.002638962585479021,0.006272722501307726,-0.006272722501307726,0.004887701943516731,-0.004887702409178019,-0.0020542743150144815,0.0020542738493531942,0.0020410281140357256,-0.0020410281140357256,0.0025361517909914255,-0.0025361517909914255,0.001559568801894784,-0.0015595685690641403,0.0021349871531128883,-0.0021349869202822447,0.004174103029072285,-0.004174103029072285,0.0013390702661126852,-0.0013390702661126852,0.0004720940487459302,-0.0004720940487459302,0.004278670530766249,-0.004278670530766249,0.0010762036545202136,-0.0010762036545202136,0.0027152993716299534,-0.0027152993716299534,0.0012973422417417169,-0.0012973422417417169,0.0024295179173350334,-0.002429518150165677,0.0008756838506087661,-0.000875683908816427,0.0002755191526375711,-0.00027551903622224927,0.0029004081152379513,-0.0029004081152379513,0.002751970663666725,-0.002751970663666725,0.001246956060640514,-0.001246956060640514],[-0.02262360043823719,0.02262360230088234,-0.012858642265200615,0.01285864319652319,-0.025943825021386147,0.02694382518529892,-0.004519275855273008,0.004519276320934296,-0.0046862089075148106,0.004686208441853523,0.002705539111047983,-0.002705537946894765,-0.007340926676988602,0.007340927142649889,-0.0026389637496322393,0.0026389637496322393,-0.006272722966969013,0.006272723898291588,-0.004887702409178019,0.004887702409178019,0.002054274547845125,-0.002054274082183838,-0.0020410281140357256,0.0020410281140357256,-0.002536152256652713,0.002536152256652713,-0.001559569383971393,0.0015595692675560713,-0.0021349869202822447,0.0021349869202822447,-0.004174103029072285,0.004174103029072285,-0.0013390704989433289,0.0013390702661126852,-0.00047209393233060837,0.00047209381591528654,-0.004278670996427536,0.004278670530766249,-0.0010762035381048918,0.00107620342168957,-0.0027152993716299534,0.002715299604460597,-0.0012973425909876823,0.0012973425909876823,-0.0024295183829963207,0.0024295186158269644,-0.0008756835595704615,0.0008756837341934443,-0.0002755190944299102,0.00027551923994906247,-0.0029004085808992386,0.0029004085808992386,-0.002751970663666725,0.002751970663666725,-0.0012469561770558357,0.0012469561770558357],[0.0101642906665802,-0.010164289735257626,0.008658016100525856,-0.008658016100525856,0.004519273992627859,-0.004519275855273008,0.01233420055359602,-0.011334201321005821,0.001887730904854834,-0.001887730904854834,-0.0012575871078297496,0.0012575866421684623,0.0055838292464613914,-0.0055838292464613914,-0.00022503104992210865,0.00022503093350678682,0.0038843925576657057,-0.0038843920920044184,0.0031837704591453075,-0.0031837704591453075,4.616955993697047e-05,-4.6170083805918694e-05,0.0003511838149279356,-0.0003511838149279356,0.001579073490574956,-0.001579073490574956,-0.0014882104005664587,0.0014882104005664587,-0.0005285474471747875,0.0005285473307594657,0.0019359475700184703,-0.0019359475700184703,-4.2402243707329035e-05,4.240230191498995e-05,-0.0003580189950298518,0.0003580190532375127,0.004724952392280102,-0.0047249519266188145,-0.0001000046031549573,0.00010000463225878775,0.0009670582367107272,-0.00096705841133371,0.0010443857172504067,-0.0010443857172504067,0.0007738108979538083,-0.0007738112471997738,-4.2666244553402066e-05,4.2666157241910696e-05,0.000245221599470824,-0.0002452216576784849,0.0017493163468316197,-0.0017493163468316197,0.002034985227510333,-0.0020349854603409767,0.0016253904905170202,-0.0016253904905170202],[-0.0101642906665802,0.010164289735257626,-0.00865801703184843,0.008658016100525856,-0.004519273992627859,0.004519276320934296,-0.011334201321005821,0.012334201484918594,-0.0018877311376854777,0.001887730904854834,0.001257586758583784,-0.0012575865257531404,-0.005583828780800104,0.005583828780800104,0.00022503093350678682,-0.000225030817091465,-0.003884393023326993,0.003884393023326993,-0.003183770924806595,0.003183770924806595,-4.616915248334408e-05,4.6170083805918694e-05,-0.00035118398955091834,0.0003511837567202747,-0.0015790736069902778,0.0015790736069902778,0.0014882112154737115,-0.0014882113318890333,0.0005285475635901093,-0.0005285473307594657,-0.0019359469879418612,0.0019359469879418612,4.240247653797269e-05,-4.240247653797269e-05,0.00035801902413368225,-0.0003580190532375127,-0.004724952392280102,0.004724952392280102,0.00010000489419326186,-0.00010000474867410958,-0.0009670581202954054,0.0009670582367107272,-0.0010443859500810504,0.0010443859500810504,-0.0007738106651231647,0.0007738108979538083,4.266609903424978e-05,-4.2665982618927956e-05,-0.0002452217449899763,0.0002452216867823154,-0.001749316114000976,0.001749316114000976,-0.0020349849946796894,0.0020349849946796894,-0.001625389908440411,0.001625389908440411],[0.01623319461941719,-0.01623319648206234,0.008408963680267334,-0.008408963680267334,0.004686209373176098,-0.0046862089075148106,0.001887730904854834,-0.0018877311376854777,0.009568112902343273,-0.0085681127384305,-0.0003535070572979748,0.00035350624239072204,0.00573010602965951,-0.005730106495320797,0.0021953824907541275,-0.0021953824907541275,0.0017237153369933367,-0.0017237155698239803,0.0028388136997818947,-0.0028388136997818947,0.0003611599968280643,-0.0003611608117353171,0.0008014910854399204,-0.0008014910854399204,0.0009958134032785892,-0.0009958132868632674,-0.0021906110923737288,0.0021906110923737288,0.001033782260492444,-0.0010337823769077659,0.0005955959786660969,-0.0005955959786660969,0.0006434472743421793,-0.0006434472743421793,-0.0007974840700626373,0.0007974840700626373,0.0028940855991095304,-0.002894085366278887,0.0005033737979829311,-0.0005033737979829311,0.0014011664316058159,-0.0014011664316058159,-8.972396608442068e-05,8.972395153250545e-05,0.0005596323753707111,-0.0005596327246166766,0.0005315996240824461,-0.0005315996240824461,-0.00016929527919273823,0.00016929527919273823,0.0005351487779989839,-0.0005351487779989839,0.0004111536545678973,-0.00041115371277555823,5.332315049599856e-05,-5.3323106840252876e-05],[-0.01623319461941719,0.01623319648206234,-0.008408964611589909,0.008408963680267334,-0.004686209373176098,0.004686208441853523,-0.001887730904854834,0.001887730904854834,-0.0085681127384305,0.009568113833665848,0.0003535070572979748,-0.00035350624239072204,-0.00573010602965951,0.005730106495320797,-0.0021953824907541275,0.0021953824907541275,-0.0017237153369933367,0.0017237155698239803,-0.0028388136997818947,0.0028388136997818947,-0.0003611599968280643,0.0003611608117353171,-0.0008014910854399204,0.0008014910854399204,-0.0009958134032785892,0.0009958132868632674,0.0021906110923737288,-0.0021906110923737288,-0.001033782260492444,0.0010337823769077659,-0.0005955959786660969,0.0005955959786660969,-0.0006434472743421793,0.0006434472743421793,0.0007974840700626373,-0.0007974840700626373,-0.0028940855991095304,0.002894085366278887,-0.0005033737979829311,0.0005033737979829311,-0.0014011664316058159,0.0014011664316058159,8.972396608442068e-05,-8.972395153250545e-05,-0.0005596323753707111,0.0005596327246166766,-0.0005315996240824461,0.0005315996240824461,0.00016929527919273823,-0.00016929527919273823,-0.0005351487779989839,0.0005351487779989839,-0.0004111536545678973,0.00041115371277555823,-5.332315049599856e-05,5.3323106840252876e-05],[-0.0035248512867838144,0.0035248498897999525,-0.0001963647227967158,0.00019636542128864676,-0.002705538412556052,0.002705539111047983,-0.0012575871078297496,0.001257586758583784,-0.0003535070572979748,0.0003535070572979748,0.007881294935941696,-0.006881293375045061,0.0006745422724634409,-0.0006745422724634409,0.0012424754677340388,-0.0012424754677340388,0.0004884087247774005,-0.0004884087829850614,-0.0011803340166807175,0.0011803341330960393,0.002807335229590535,-0.0028073356952518225,-0.0008494450594298542,0.0008494451176375151,0.0008024465059861541,-0.0008024465059861541,0.0017355030868202448,-0.0017355030868202448,0.0016131021548062563,-0.0016131021548062563,0.0007756081758998334,-0.0007756080594845116,0.0009237462654709816,-0.0009237462654709816,0.0006165448576211929,-0.0006165449740365148,0.0012438433477655053,-0.0012438432313501835,0.0008376163896173239,-0.0008376163896173239,0.0008296811720356345,-0.0008296811720356345,0.0006707366555929184,-0.0006707367138005793,0.000884269829839468,-0.000884269829839468,0.0007072667358443141,-0.0007072667358443141,0.0003811269998550415,-0.0003811269998550415,0.00048373054596595466,-0.00048373054596595466,0.000601813429966569,-0.0006018135463818908,-0.00018615993030834943,0.0001861599157564342],[0.003524849656969309,-0.0035248487256467342,0.00019636463548522443,-0.0001963645190699026,0.0027055374812334776,-0.002705537946894765,0.0012575866421684623,-0.0012575865257531404,0.00035350624239072204,-0.00035350624239072204,-0.006881293375045061,0.00788129586726427,-0.0006745426217094064,0.0006745426217094064,-0.001242476049810648,0.0012424762826412916,-0.000488409074023366,0.0004884091904386878,0.001180333667434752,-0.0011803337838500738,-0.002807335229590535,0.002807335462421179,0.0008494450594298542,-0.0008494450012221932,-0.0008024469134397805,0.0008024468552321196,-0.0017355030868202448,0.0017355030868202448,-0.0016131020383909345,0.0016131021548062563,-0.0007756078848615289,0.0007756078848615289,-0.0009237460326403379,0.0009237460326403379,-0.0006165448576211929,0.0006165448576211929,-0.0012438439298421144,0.0012438439298421144,-0.0008376163896173239,0.0008376164478249848,-0.0008296812884509563,0.0008296812884509563,-0.0006707367720082402,0.0006707367720082402,-0.000884269829839468,0.0008842698880471289,-0.0007072666194289923,0.0007072666194289923,-0.0003811268543358892,0.0003811268834397197,-0.00048373074969276786,0.00048373074969276786,-0.0006018136627972126,0.0006018137210048735,0.0001861601776909083,-0.00018616016313899308],[0.011113520711660385,-0.011113518849015236,0.007182526867836714,-0.007182527333498001,0.007340926676988602,-0.007340926676988602,0.0055838292464613914,-0.005583828780800104,0.00573010602965951,-0.00573010602965951,0.0006745422724634409,-0.0006745426217094064,0.012145619839429855,-0.011145618744194508,0.002624411601573229,-0.002624411368742585,0.002919804072007537,-0.0029198038391768932,0.0029275375418365,-0.0029275375418365,-5.284216604195535e-05,5.284234066493809e-05,-1.5034223906695843e-05,1.5034223906695843e-05,0.002608202863484621,-0.002608202863484621,0.000885742949321866,-0.0008857432985678315,0.0017668523360043764,-0.0017668523360043764,0.003065108321607113,-0.003065108321607113,0.0012704982655122876,-0.0012704982655122876,0.0005290511762723327,-0.0005290512926876545,0.0006878938293084502,-0.0006878938293084502,0.0009526978246867657,-0.0009526978246867657,0.002022895961999893,-0.002022896194830537,0.0004001223132945597,-0.0004001223132945597,0.0012089352821931243,-0.0012089352821931243,0.0008149105706252158,-0.0008149105706252158,0.0003449599607847631,-0.00034495984436944127,0.0005253561539575458,-0.0005253561539575458,0.0007263119332492352,-0.0007263119332492352,0.0006910598604008555,-0.0006910598604008555],[-0.011113520711660385,0.011113518849015236,-0.007182526867836714,0.007182526867836714,-0.007340926676988602,0.007340927142649889,-0.0055838292464613914,0.005583828780800104,-0.005730106495320797,0.005730106495320797,-0.0006745422724634409,0.0006745426217094064,-0.011145618744194508,0.01214561890810728,-0.0026244111359119415,0.0026244111359119415,-0.002919804770499468,0.0029198050033301115,-0.002927536843344569,0.0029275373090058565,5.2841438446193933e-05,-5.284138023853302e-05,1.5033932868391275e-05,-1.5033991076052189e-05,-0.0026082026306539774,0.0026082026306539774,-0.0008857435313984752,0.0008857432985678315,-0.0017668522195890546,0.0017668521031737328,-0.0030651078559458256,0.0030651078559458256,-0.0012704983819276094,0.0012704983819276094,-0.0005290512926876545,0.0005290512926876545,-0.000687894003931433,0.000687894003931433,-0.0009526980575174093,0.0009526980575174093,-0.002022895961999893,0.002022895961999893,-0.000400122458813712,0.000400122458813712,-0.0012089353986084461,0.0012089353986084461,-0.0008149108034558594,0.0008149108034558594,-0.00034495966974645853,0.00034495978616178036,-0.0005253563285805285,0.0005253562703728676,-0.000726312049664557,0.0007263119914568961,-0.0006910599768161774,0.0006910599768161774],[0.013229664415121078,-0.013229665346443653,0.01002847496420145,-0.010028474032878876,0.002638962585479021,-0.0026389637496322393,-0.00022503104992210865,0.00022503093350678682,0.0021953824907541275,-0.0021953824907541275,0.0012424754677340388,-0.001242476049810648,0.002624411601573229,-0.0026244111359119415,0.01727301999926567,-0.016273019835352898,0.0035549760796129704,-0.0035549767781049013,0.0003365867305546999,-0.0003365867305546999,-0.0006056290585547686,0.0006056288257241249,0.0002675378927960992,-0.00026753777638077736,0.0037138499319553375,-0.0037138499319553375,0.0012508556246757507,-0.0012508556246757507,-0.00024048688646871597,0.00024048691557254642,0.0017382341902703047,-0.0017382341902703047,-0.00034012988908216357,0.00034012988908216357,0.0006633320590481162,-0.000663332175463438,0.0008674385026097298,-0.0008674385026097298,-0.00031340340501628816,0.0003134034341201186,0.0016007865779101849,-0.0016007865779101849,-0.0009021660662256181,0.000902166124433279,-0.00014953466597944498,0.00014953460777178407,4.451521817827597e-05,-4.4515203626360744e-05,0.0003181189822498709,-0.0003181189822498709,0.0012124816421419382,-0.0012124815257266164,0.0005385185359045863,-0.0005385185359045863,0.0010952188167721033,-0.0010952188167721033],[-0.013229665346443653,0.013229665346443653,-0.010028475895524025,0.010028473101556301,-0.002638962585479021,0.0026389637496322393,0.00022503093350678682,-0.000225030817091465,-0.0021953824907541275,0.0021953824907541275,-0.0012424754677340388,0.0012424762826412916,-0.002624411368742585,0.0026244111359119415,-0.016273019835352898,0.01727301999926567,-0.0035549772437661886,0.003554978407919407,-0.0003365862648934126,0.00033658649772405624,0.0006056291749700904,-0.0006056288257241249,-0.0002675378927960992,0.0002675378927960992,-0.003713850164785981,0.0037138499319553375,-0.0012508559739217162,0.0012508559739217162,0.00024048640625551343,-0.00024048640625551343,-0.001738234655931592,0.001738234655931592,0.0003401300637051463,-0.0003401300637051463,-0.000663332233671099,0.000663332233671099,-0.0008674382697790861,0.0008674383861944079,0.0003134033759124577,-0.00031340340501628816,-0.0016007863450795412,0.0016007863450795412,0.000902166124433279,-0.000902166124433279,0.00014953507343307137,-0.00014953501522541046,-4.451521090231836e-05,4.4515189074445516e-05,-0.00031811895314604044,0.0003181189822498709,-0.0012124814093112946,0.0012124814093112946,-0.0005385181866586208,0.0005385181866586208,-0.0010952185839414597,0.0010952185839414597],[0.018589118495583534,-0.018589118495583534,0.006696505006402731,-0.006696505472064018,0.006272722501307726,-0.006272722966969013,0.0038843925576657057,-0.003884393023326993,0.0017237153369933367,-0.0017237153369933367,0.0004884087247774005,-0.000488409074023366,0.002919804072007537,-0.002919804770499468,0.0035549760796129704,-0.0035549772437661886,0.015392902307212353,-0.014392903074622154,-0.0013076087925583124,0.0013076085597276688,-0.00018110411474481225,0.00018110364908352494,0.0014815940521657467,-0.0014815940521657467,0.0010990058071911335,-0.0010990060400217772,-0.002526694443076849,0.002526694443076849,-0.0015522526809945703,0.0015522525645792484,-0.00027790642343461514,0.00027790653984993696,-0.0003663696988951415,0.00036636964068748057,0.0005005960701964796,-0.0005005960119888186,0.0013522085500881076,-0.0013522085500881076,-0.0003677796630654484,0.00036777963396161795,5.826982669532299e-05,-5.8269884902983904e-05,-0.0009143184870481491,0.0009143184870481491,0.00016114387835841626,-0.00016114406753331423,-0.00013382485485635698,0.00013382484030444175,0.0006087453803047538,-0.0006087454967200756,0.0005940396222285926,-0.0005940395640209317,0.0006478638388216496,-0.0006478639552369714,6.014280370436609e-05,-6.0142861912027e-05],[-0.018589118495583534,0.018589118495583534,-0.006696504075080156,0.006696504540741444,-0.006272722501307726,0.006272723898291588,-0.0038843920920044184,0.003884393023326993,-0.0017237155698239803,0.0017237155698239803,-0.0004884087829850614,0.0004884091904386878,-0.0029198038391768932,0.0029198050033301115,-0.0035549767781049013,0.003554978407919407,-0.014392903074622154,0.015392904169857502,0.0013076086761429906,-0.0013076087925583124,0.0001811043475754559,-0.00018110405653715134,-0.0014815942849963903,0.0014815944014117122,-0.0010990062728524208,0.001099006156437099,0.0025266935117542744,-0.0025266932789236307,0.0015522530302405357,-0.001552252913825214,0.0002779063070192933,-0.0002779063070192933,0.000366369669791311,-0.00036636972799897194,-0.0005005963030271232,0.000500596419442445,-0.001352208200842142,0.001352208200842142,0.00036777983768843114,-0.00036777983768843114,-5.826976848766208e-05,5.8269710280001163e-05,0.0009143191855400801,-0.0009143190691247582,-0.0001611436455277726,0.0001611438929103315,0.00013382473844103515,-0.00013382473844103515,-0.0006087457295507193,0.0006087456713430583,-0.0005940394476056099,0.000594039389397949,-0.0006478638388216496,0.0006478638970293105,-6.014321115799248e-05,6.0143182054162025e-05],[0.006022316403687,-0.006022317800670862,0.006978640332818031,-0.006978640798479319,0.004887701943516731,-0.004887702409178019,0.0031837704591453075,-0.003183770924806595,0.0028388136997818947,-0.0028388136997818947,-0.0011803340166807175,0.001180333667434752,0.0029275375418365,-0.002927536843344569,0.0003365867305546999,-0.0003365862648934126,-0.0013076087925583124,0.0013076086761429906,0.009368779137730598,-0.008368777111172676,-4.595397331286222e-05,4.595365317072719e-05,0.0013670697808265686,-0.0013670696644112468,-0.001935774926096201,0.001935774926096201,-0.00016898190369829535,0.00016898181638680398,-0.00028794773970730603,0.00028794771060347557,0.0015822977293282747,-0.0015822977293282747,-0.00013334982213564217,0.00013334988034330308,0.0002447895531076938,-0.0002447896113153547,-0.0016345938201993704,0.0016345938201993704,-0.00010690244380384684,0.00010690244380384684,0.000521276902873069,-0.000521276902873069,0.00038503779796883464,-0.00038503779796883464,0.0008959385449998081,-0.0008959385449998081,-0.00021311140153557062,0.00021311140153557062,0.00018547114450484514,-0.00018547114450484514,-0.0003293066401965916,0.0003293066401965916,-0.0004160548560321331,0.00041605503065511584,-0.0007601993856951594,0.0007601992692798376],[-0.006022316403687,0.006022317800670862,-0.006978640332818031,0.006978640798479319,-0.004887702409178019,0.004887702409178019,-0.0031837704591453075,0.003183770924806595,-0.0028388136997818947,0.0028388136997818947,0.0011803341330960393,-0.0011803337838500738,-0.0029275375418365,0.0029275373090058565,-0.0003365867305546999,0.00033658649772405624,0.0013076085597276688,-0.0013076087925583124,-0.008368777111172676,0.009368778206408024,4.595397331286222e-05,-4.595365317072719e-05,-0.0013670697808265686,0.0013670696644112468,0.001935774926096201,-0.001935774926096201,0.00016898190369829535,-0.00016898181638680398,0.00028794773970730603,-0.00028794771060347557,-0.0015822977293282747,0.0015822977293282747,0.00013334982213564217,-0.00013334988034330308,-0.0002447895531076938,0.0002447896113153547,0.0016345938201993704,-0.0016345938201993704,0.00010690244380384684,-0.00010690244380384684,-0.000521276902873069,0.000521276902873069,-0.00038503779796883464,0.00038503779796883464,-0.0008959385449998081,0.0008959385449998081,0.00021311140153557062,-0.00021311140153557062,-0.00018547114450484514,0.00018547114450484514,0.0003293066401965916,-0.0003293066401965916,0.0004160548560321331,-0.00041605503065511584,0.0007601993856951594,-0.0007601992692798376],[-0.002887727227061987,0.0028877262957394123,0.00041893243906088173,-0.0004189317987766117,-0.0020542743150144815,0.002054274547845125,4.616955993697047e-05,-4.616915248334408e-05,0.0003611599968280643,-0.0003611599968280643,0.002807335229590535,-0.002807335229590535,-5.284216604195535e-05,5.2841438446193933e-05,-0.0006056290585547686,0.0006056291749700904,-0.00018110411474481225,0.0001811043475754559,-4.595397331286222e-05,4.595397331286222e-05,0.004277961794286966,-0.0032779609318822622,0.0007416369626298547,-0.0007416369626298547,-0.0007083271630108356,0.0007083271630108356,8.742493810132146e-05,-8.742496720515192e-05,-0.0006335573852993548,0.0006335573852993548,0.0008515642257407308,-0.0008515642257407308,-0.00024280603975057602,0.00024280601064674556,-0.00010138456127606332,0.00010138457582797855,0.00018639139307197183,-0.00018639134941622615,-0.00014704167551826686,0.00014704169007018209,8.641167369205505e-05,-8.641163003630936e-05,-0.0001632050407351926,0.0001632050407351926,-0.00013709015911445022,0.00013709015911445022,-6.624198431381956e-05,6.624198431381956e-05,3.051607563975267e-05,-3.0516061087837443e-05,-4.395552241476253e-05,4.395552241476253e-05,0.0005794665194116533,-0.0005794665776193142,-0.00035678112180903554,0.0003567810927052051],[0.0028877260629087687,-0.0028877255972474813,-0.00041893284651450813,0.0004189329920336604,0.0020542738493531942,-0.002054274082183838,-4.6170083805918694e-05,4.6170083805918694e-05,-0.0003611608117353171,0.0003611608117353171,-0.0028073356952518225,0.002807335462421179,5.284234066493809e-05,-5.284138023853302e-05,0.0006056288257241249,-0.0006056288257241249,0.00018110364908352494,-0.00018110405653715134,4.595365317072719e-05,-4.595365317072719e-05,-0.0032779609318822622,0.004277962725609541,-0.0007416370790451765,0.0007416370790451765,0.000708326930180192,-0.000708326930180192,-8.742499630898237e-05,8.742508362047374e-05,0.000633557909168303,-0.000633557909168303,-0.0008515636436641216,0.0008515636436641216,0.00024280606885440648,-0.0002428060834063217,0.00010138467769138515,-0.00010138473589904606,-0.00018639190238900483,0.00018639190238900483,0.00014704192290082574,-0.00014704198110848665,-8.641165914013982e-05,8.641158638056368e-05,0.00016320490976795554,-0.00016320492431987077,0.00013709027552977204,-0.0001370903046336025,6.624202796956524e-05,-6.624202796956524e-05,-3.05160392599646e-05,3.0515995604218915e-05,4.3955435103271157e-05,-4.395544237922877e-05,-0.0005794667522422969,0.0005794668104499578,0.0003567812673281878,-0.0003567812673281878],[0.012955822050571442,-0.012955820187926292,0.009467840194702148,-0.009467840194702148,0.0020410281140357256,-0.0020410281140357256,0.0003511838149279356,-0.00035118398955091834,0.0008014910854399204,-0.0008014910854399204,-0.0008494450594298542,0.0008494450594298542,-1.5034223906695843e-05,1.5033932868391275e-05,0.0002675378927960992,-0.0002675378927960992,0.0014815940521657467,-0.0014815942849963903,0.0013670697808265686,-0.0013670697808265686,0.0007416369626298547,-0.0007416370790451765,0.00466266879811883,-0.003662669099867344,-0.00010561844101175666,0.00010561838280409575,0.00047238991828635335,-0.0004723898018710315,0.0002575099060777575,-0.00025750993518158793,-4.1787963709793985e-05,4.178799281362444e-05,0.00018072898092214018,-0.00018072902457788587,0.00021001347340643406,-0.00021001350251026452,0.001728762174025178,-0.001728762174025178,3.8836849853396416e-05,-3.8836911699036136e-05,-3.9719110645819455e-05,3.97191324736923e-05,0.0011017215438187122,-0.0011017215438187122,0.001129355514422059,-0.001129355514422059,0.00013660269905813038,-0.00013660284457728267,0.00013028972898609936,-0.00013028971443418413,0.0010266806930303574,-0.0010266806930303574,0.000541039917152375,-0.0005410399753600359,0.0007792473188601434,-0.0007792473770678043],[-0.012955822050571442,0.012955820187926292,-0.009467840194702148,0.009467840194702148,-0.0020410281140357256,0.0020410281140357256,-0.0003511838149279356,0.0003511837567202747,-0.0008014910854399204,0.0008014910854399204,0.0008494451176375151,-0.0008494450012221932,1.5034223906695843e-05,-1.5033991076052189e-05,-0.00026753777638077736,0.0002675378927960992,-0.0014815940521657467,0.0014815944014117122,-0.0013670696644112468,0.0013670696644112468,-0.0007416369626298547,0.0007416370790451765,-0.003662669099867344,0.004662667866796255,0.00010561844101175666,-0.00010561838280409575,-0.00047238991828635335,0.0004723898018710315,-0.0002575099060777575,0.00025750993518158793,4.1787963709793985e-05,-4.178799281362444e-05,-0.00018072898092214018,0.00018072902457788587,-0.00021001347340643406,0.00021001350251026452,-0.001728762174025178,0.001728762174025178,-3.8836849853396416e-05,3.8836911699036136e-05,3.9719110645819455e-05,-3.97191324736923e-05,-0.0011017215438187122,0.0011017215438187122,-0.001129355514422059,0.001129355514422059,-0.00013660269905813038,0.00013660284457728267,-0.00013028972898609936,0.00013028971443418413,-0.0010266806930303574,0.0010266806930303574,-0.000541039917152375,0.0005410399753600359,-0.0007792473188601434,0.0007792473770678043],[-0.00028673571068793535,0.00028673477936536074,0.00554287526756525,-0.005542874336242676,0.0025361517909914255,-0.002536152256652713,0.001579073490574956,-0.0015790736069902778,0.0009958134032785892,-0.0009958134032785892,0.0008024465059861541,-0.0008024469134397805,0.002608202863484621,-0.0026082026306539774,0.0037138499319553375,-0.003713850164785981,0.0010990058071911335,-0.0010990062728524208,-0.001935774926096201,0.001935774926096201,-0.0007083271630108356,0.000708326930180192,-0.00010561844101175666,0.00010561844101175666,0.008006581105291843,-0.007006581872701645,0.0008157066768035293,-0.0008157065603882074,0.00020823963859584183,-0.00020823950762860477,0.001389994751662016,-0.0013899948680773377,0.00016586411220487207,-0.0001658641267567873,0.0009758107480593026,-0.0009758106898516417,0.0009238239144906402,-0.0009238239144906402,8.508272003382444e-05,-8.50826982059516e-05,0.0009019516874104738,-0.000901951570995152,3.388566256035119e-05,-3.388566256035119e-05,-0.00023448746651411057,0.0002344874374102801,-8.977489051176235e-05,8.977490506367758e-05,0.00034018640872091055,-0.00034018640872091055,0.00028643509722314775,-0.00028643503901548684,-7.520544750150293e-05,7.520547660533339e-05,0.000550199649296701,-0.000550199649296701],[0.0002867358271032572,-0.0002867346629500389,-0.00554287526756525,0.005542874336242676,-0.0025361517909914255,0.002536152256652713,-0.001579073490574956,0.0015790736069902778,-0.0009958132868632674,0.0009958132868632674,-0.0008024465059861541,0.0008024468552321196,-0.002608202863484621,0.0026082026306539774,-0.0037138499319553375,0.0037138499319553375,-0.0010990060400217772,0.001099006156437099,0.001935774926096201,-0.001935774926096201,0.0007083271630108356,-0.000708326930180192,0.00010561838280409575,-0.00010561838280409575,-0.007006581872701645,0.008006582036614418,-0.0008157066768035293,0.0008157065603882074,-0.00020823963859584183,0.00020823950762860477,-0.001389994751662016,0.0013899948680773377,-0.00016586411220487207,0.0001658641267567873,-0.0009758107480593026,0.0009758106898516417,-0.0009238239144906402,0.0009238239144906402,-8.508272003382444e-05,8.50826982059516e-05,-0.0009019516874104738,0.000901951570995152,-3.388566256035119e-05,3.388566256035119e-05,0.00023448746651411057,-0.0002344874374102801,8.977489051176235e-05,-8.977490506367758e-05,-0.00034018640872091055,0.00034018640872091055,-0.00028643509722314775,0.00028643503901548684,7.520544750150293e-05,-7.520547660533339e-05,-0.000550199649296701,0.000550199649296701],[-0.0015542319742962718,0.0015542324399575591,0.0008331593126058578,-0.0008331590797752142,0.001559568801894784,-0.001559569383971393,-0.0014882104005664587,0.0014882112154737115,-0.0021906110923737288,0.0021906110923737288,0.0017355030868202448,-0.0017355030868202448,0.000885742949321866,-0.0008857435313984752,0.0012508556246757507,-0.0012508559739217162,-0.002526694443076849,0.0025266935117542744,-0.00016898190369829535,0.00016898190369829535,8.742493810132146e-05,-8.742499630898237e-05,0.00047238991828635335,-0.00047238991828635335,0.0008157066768035293,-0.0008157066768035293,0.0062005650252103806,-0.005200563929975033,0.0003827288746833801,-0.0003827289037872106,-0.00012699310900643468,0.00012699310900643468,0.00013099379430059344,-0.0001309938234044239,0.0004361566388979554,-0.0004361566388979554,0.001344748423434794,-0.001344748423434794,0.00042227617814205587,-0.00042227632366120815,-6.508025762741454e-06,6.508051228593104e-06,0.0011876407079398632,-0.0011876407079398632,0.001081956783309579,-0.001081956783309579,0.00011941448610741645,-0.00011941447155550122,0.00020980151020921767,-0.00020980151020921767,7.726185140199959e-05,-7.726185867795721e-05,0.0004670582711696625,-0.0004670582711696625,0.0005905189900659025,-0.0005905189318582416],[0.0015542319742962718,-0.0015542319742962718,-0.0008331590797752142,0.0008331588469445705,-0.0015595685690641403,0.0015595692675560713,0.0014882104005664587,-0.0014882113318890333,0.0021906110923737288,-0.0021906110923737288,-0.0017355030868202448,0.0017355030868202448,-0.0008857432985678315,0.0008857432985678315,-0.0012508556246757507,0.0012508559739217162,0.002526694443076849,-0.0025266932789236307,0.00016898181638680398,-0.00016898181638680398,-8.742496720515192e-05,8.742508362047374e-05,-0.0004723898018710315,0.0004723898018710315,-0.0008157065603882074,0.0008157065603882074,-0.005200563929975033,0.006200564093887806,-0.0003827288746833801,0.0003827289037872106,0.00012699310900643468,-0.00012699310900643468,-0.00013099379430059344,0.0001309938234044239,-0.0004361566388979554,0.0004361566388979554,-0.001344748423434794,0.001344748423434794,-0.00042227617814205587,0.00042227632366120815,6.508025762741454e-06,-6.508051228593104e-06,-0.0011876407079398632,0.0011876407079398632,-0.001081956783309579,0.001081956783309579,-0.00011941448610741645,0.00011941447155550122,-0.00020980151020921767,0.00020980151020921767,-7.726185140199959e-05,7.726185867795721e-05,-0.0004670582711696625,0.0004670582711696625,-0.0005905189900659025,0.0005905189318582416],[8.90316441655159e-05,-8.903141133487225e-05,0.0001430248375982046,-0.00014302489580586553,0.0021349871531128883,-0.0021349869202822447,-0.0005285474471747875,0.0005285475635901093,0.001033782260492444,-0.001033782260492444,0.0016131021548062563,-0.0016131020383909345,0.0017668523360043764,-0.0017668522195890546,-0.00024048688646871597,0.00024048640625551343,-0.0015522526809945703,0.0015522530302405357,-0.00028794773970730603,0.00028794773970730603,-0.0006335573852993548,0.000633557909168303,0.0002575099060777575,-0.0002575099060777575,0.00020823963859584183,-0.00020823963859584183,0.0003827288746833801,-0.0003827288746833801,0.005381065420806408,-0.004381065256893635,0.0033232413697987795,-0.003323241136968136,0.0020588464103639126,-0.0020588464103639126,0.001807667315006256,-0.001807667315006256,-0.001145928748883307,0.0011459288652986288,0.001629832899197936,-0.001629832899197936,0.0012937230058014393,-0.0012937228893861175,-8.740820339880884e-05,8.740821795072407e-05,0.0012809108011424541,-0.0012809106847271323,0.0012102712644264102,-0.0012102712644264102,0.001081115216948092,-0.001081115216948092,-0.0003341491101309657,0.00033414913923479617,0.00016583551769144833,-0.00016583543037995696,0.0009251607116311789,-0.0009251607116311789],[-8.903176058083773e-05,8.903187699615955e-05,-0.000143025245051831,0.00014302495401352644,-0.0021349869202822447,0.0021349869202822447,0.0005285473307594657,-0.0005285473307594657,-0.0010337823769077659,0.0010337823769077659,-0.0016131021548062563,0.0016131021548062563,-0.0017668523360043764,0.0017668521031737328,0.00024048691557254642,-0.00024048640625551343,0.0015522525645792484,-0.001552252913825214,0.00028794771060347557,-0.00028794771060347557,0.0006335573852993548,-0.000633557909168303,-0.00025750993518158793,0.00025750993518158793,-0.00020823950762860477,0.00020823950762860477,-0.0003827289037872106,0.0003827289037872106,-0.004381065256893635,0.005381065420806408,-0.0033232413697987795,0.0033232413697987795,-0.0020588464103639126,0.0020588464103639126,-0.0018076670821756124,0.0018076670821756124,0.0011459286324679852,-0.0011459286324679852,-0.0016298326663672924,0.0016298327827826142,-0.0012937231222167611,0.0012937230058014393,8.740829071030021e-05,-8.740831981413066e-05,-0.001280910917557776,0.001280910917557776,-0.001210271380841732,0.001210271380841732,-0.001081115216948092,0.001081115216948092,0.0003341491974424571,-0.0003341491683386266,-0.00016583551769144833,0.00016583545948378742,-0.0009251606534235179,0.0009251606534235179],[0.0028724768199026585,-0.002872477751225233,0.0052227783016860485,-0.005222778767347336,0.004174103029072285,-0.004174103029072285,0.0019359475700184703,-0.0019359469879418612,0.0005955959786660969,-0.0005955959786660969,0.0007756081758998334,-0.0007756078848615289,0.003065108321607113,-0.0030651078559458256,0.0017382341902703047,-0.001738234655931592,-0.00027790642343461514,0.0002779063070192933,0.0015822977293282747,-0.0015822977293282747,0.0008515642257407308,-0.0008515636436641216,-4.1787963709793985e-05,4.1787963709793985e-05,0.001389994751662016,-0.001389994751662016,-0.00012699310900643468,0.00012699310900643468,0.0033232413697987795,-0.0033232413697987795,0.012490343302488327,-0.011490343138575554,0.0016030011465772986,-0.0016030011465772986,0.002381146652624011,-0.002381146652624011,-0.0004039041814394295,0.00040390435606241226,0.0011734599247574806,-0.0011734599247574806,0.002373650437220931,-0.002373650437220931,-0.0023591364733874798,0.0023591367062181234,0.0008338161278516054,-0.0008338162442669272,0.0008299208129756153,-0.0008299208129756153,0.0013844422064721584,-0.0013844422064721584,0.0005163747700862586,-0.000516374537255615,-0.0006285866838879883,0.0006285867420956492,0.0011848107678815722,-0.0011848107678815722],[-0.002872476587072015,0.0028724775183945894,-0.005222778767347336,0.005222778767347336,-0.004174103029072285,0.004174103029072285,-0.0019359475700184703,0.0019359469879418612,-0.0005955959786660969,0.0005955959786660969,-0.0007756080594845116,0.0007756078848615289,-0.003065108321607113,0.0030651078559458256,-0.0017382341902703047,0.001738234655931592,0.00027790653984993696,-0.0002779063070192933,-0.0015822977293282747,0.0015822977293282747,-0.0008515642257407308,0.0008515636436641216,4.178799281362444e-05,-4.178799281362444e-05,-0.0013899948680773377,0.0013899948680773377,0.00012699310900643468,-0.00012699310900643468,-0.003323241136968136,0.0033232413697987795,-0.011490343138575554,0.012490343302488327,-0.0016030011465772986,0.0016030011465772986,-0.002381146652624011,0.002381146652624011,0.0004039041814394295,-0.00040390435606241226,-0.0011734599247574806,0.0011734599247574806,-0.002373650437220931,0.002373650437220931,0.0023591364733874798,-0.0023591367062181234,-0.0008338161278516054,0.0008338162442669272,-0.0008299208129756153,0.0008299208129756153,-0.0013844422064721584,0.0013844422064721584,-0.0005163747700862586,0.000516374537255615,0.0006285866838879883,-0.00062858674