{"epoch":0,"H":[[0.020172754302620888,-0.019172756001353264,0.01408817246556282,-0.014088170602917671,0.010303972288966179,-0.010303972288966179,0.0035025556571781635,-0.003502555890008807,-0.0007928539998829365,0.0007928535342216492,0.0007992577156983316,-0.0007992579485289752,-0.0010384771740064025,0.0010384772904217243,0.0026350528933107853,-0.0026350528933107853,0.009772079065442085,-0.009772079065442085,0.004892605356872082,-0.004892605356872082,0.002576566068455577,-0.002576566766947508,0.0017145733581855893,-0.0017145734746009111,-0.0004693032242357731,0.00046930357348173857,-0.0031038084998726845,0.00310380756855011,0.0003355650987941772,-0.0003355650987941772,0.001443733461201191,-0.001443733461201191,0.0006920283194631338,-0.0006920283776707947,0.00046859733993187547,-0.0004685973690357059,0.004647573456168175,-0.004647573921829462,0.000550749828107655,-0.0005507499445229769,0.0011016794014722109,-0.0011016794014722109,-8.665438508614898e-05,8.665432687848806e-05,0.002789547201246023,-0.002789547201246023,0.0005803318927064538,-0.0005803319509141147,0.00012428071931935847,-0.00012428060290403664,0.0018951150123029947,-0.0018951150123029947,0.0001400139881297946,-0.0001400139881297946,0.0022300397977232933,-0.002230040030553937],[-0.019172756001353264,0.020172761753201485,-0.014088170602917671,0.01408817246556282,-0.010303973220288754,0.010303974151611328,-0.003502555890008807,0.0035025570541620255,0.0007928545819595456,-0.0007928545819595456,-0.0007992590544745326,0.0007992583559826016,0.0010384777560830116,-0.0010384779889136553,-0.0026350519619882107,0.0026350526604801416,-0.009772079065442085,0.009772079065442085,-0.0048926048912107944,0.0048926048912107944,-0.002576566068455577,0.002576567232608795,-0.0017145706806331873,0.0017145704478025436,0.0004693033988587558,-0.00046930357348173857,0.0031038071028888226,-0.0031038071028888226,-0.00033556492417119443,0.0003355648659635335,-0.0014437332283705473,0.001443733461201191,-0.0006920285522937775,0.0006920285522937775,-0.0004685976018663496,0.00046859733993187547,-0.004647573456168175,0.004647573921829462,-0.0005507496534846723,0.0005507495952770114,-0.0011016796343028545,0.0011016796343028545,8.665421046316624e-05,-8.665429777465761e-05,-0.0027895476669073105,0.0027895476669073105,-0.000580331776291132,0.0005803318344987929,-0.00012428074842318892,0.0001242806320078671,-0.001895114895887673,0.0018951150123029947,-0.00014001422096043825,0.00014001422096043825,-0.0022300397977232933,0.002230040030553937],[0.01408817246556282,-0.014088170602917671,0.029085498303174973,-0.02808550000190735,0.0063388049602508545,-0.0063388049602508545,-0.009843509644269943,0.009843509644269943,0.0013698143884539604,-0.0013698136899620295,-0.00419833417981863,0.00419833417981863,0.00912412442266941,-0.009124123491346836,-0.006155543494969606,0.006155543029308319,-0.00027080276049673557,0.00027080276049673557,0.00189428951125592,-0.00189428951125592,0.0004768603830598295,-0.0004768609069287777,-0.004225695505738258,0.004225695505738258,0.0046510882675647736,-0.004651087801903486,0.0049148499965667725,-0.0049148499965667725,0.0005972506478428841,-0.0005972508806735277,0.00030399952083826065,-0.0003039996372535825,0.0003876663977280259,-0.0003876664559356868,-1.0380870662629604e-05,1.0380870662629604e-05,0.0065465099178254604,-0.0065465099178254604,0.0008562501170672476,-0.0008562501752749085,-0.00014806602848693728,0.00014806597027927637,-1.906912075355649e-06,1.9069702830165625e-06,0.0016936964821070433,-0.0016936964821070433,0.0008534407243132591,-0.0008534407243132591,0.0008087508613243699,-0.0008087506867013872,0.004830189980566502,-0.004830189980566502,0.0031840309966355562,-0.0031840312294662,0.006524225231260061,-0.006524225231260061],[-0.014088170602917671,0.01408817246556282,-0.02808550000190735,0.029085498303174973,-0.006338803563266993,0.006338803563266993,0.009843507781624794,-0.009843507781624794,-0.0013698141556233168,0.0013698136899620295,0.0041983360424637794,-0.004198335576802492,-0.009124125353991985,0.009124125353991985,0.006155543960630894,-0.006155543960630894,0.0002708029933273792,-0.0002708029933273792,-0.001894290093332529,0.001894290093332529,-0.0004768609651364386,0.0004768617218360305,0.004225694574415684,-0.004225695505738258,-0.0046510882675647736,0.004651087801903486,-0.004914850927889347,0.004914850927889347,-0.0005972500657662749,0.0005972501821815968,-0.00030399905517697334,0.000303999288007617,-0.0003876659902743995,0.00038766610668972135,1.0380521416664124e-05,-1.038063783198595e-05,-0.006546509452164173,0.006546510383486748,-0.0008562502916902304,0.0008562502916902304,0.00014806637773290277,-0.00014806631952524185,1.906795660033822e-06,-1.9070866983383894e-06,-0.0016936963656917214,0.0016936963656917214,-0.0008534405496902764,0.0008534406078979373,-0.0008087507449090481,0.0008087506867013872,-0.004830190446227789,0.004830190446227789,-0.0031840307638049126,0.0031840307638049126,-0.006524224765598774,0.006524224765598774],[0.010303972288966179,-0.010303973220288754,0.0063388049602508545,-0.006338803563266993,0.013004939071834087,-0.012004939839243889,-0.0031683328561484814,0.0031683333218097687,0.0009262607200071216,-0.0009262606617994606,0.00139064050745219,-0.0013906412059441209,-1.1197349522262812e-05,1.119798980653286e-05,0.00011418701615184546,-0.00011418701615184546,0.0131818987429142,-0.013181897811591625,0.0029120882973074913,-0.0029120882973074913,0.0003192536241840571,-0.00031925379880703986,8.203781908378005e-05,-8.203781908378005e-05,-0.0018092566169798374,0.0018092567333951592,-0.0027669642586261034,0.0027669642586261034,-0.0006547595839947462,0.0006547594675794244,-0.0006115174619480968,0.0006115174619480968,-0.0004590032040141523,0.00045900308759883046,-0.0009581843623891473,0.0009581842459738255,0.0018475844990462065,-0.0018475844990462065,-0.0004676136886700988,0.00046761357225477695,0.0006757365190424025,-0.0006757364608347416,0.00015670861466787755,-0.00015670861466787755,0.0008203386096283793,-0.0008203386096283793,-0.0004646576999220997,0.00046465761261060834,-0.0008097975514829159,0.0008097975514829159,0.0017000110819935799,-0.0017000110819935799,0.002218702109530568,-0.002218702109530568,0.0012401551939547062,-0.0012401551939547062],[-0.010303972288966179,0.010303974151611328,-0.0063388049602508545,0.006338803563266993,-0.012004939839243889,0.013004940003156662,0.0031683328561484814,-0.0031683333218097687,-0.0009262607200071216,0.0009262606617994606,-0.00139064050745219,0.0013906412059441209,1.1197349522262812e-05,-1.119798980653286e-05,-0.00011418701615184546,0.00011418701615184546,-0.0131818987429142,0.013181897811591625,-0.0029120882973074913,0.0029120882973074913,-0.0003192536241840571,0.00031925379880703986,-8.203781908378005e-05,8.203781908378005e-05,0.0018092566169798374,-0.0018092567333951592,0.0027669642586261034,-0.0027669642586261034,0.0006547595839947462,-0.0006547594675794244,0.0006115174619480968,-0.0006115174619480968,0.0004590032040141523,-0.00045900308759883046,0.0009581843623891473,-0.0009581842459738255,-0.0018475844990462065,0.0018475844990462065,0.0004676136886700988,-0.00046761357225477695,-0.0006757365190424025,0.0006757364608347416,-0.00015670861466787755,0.00015670861466787755,-0.0008203386096283793,0.0008203386096283793,0.0004646576999220997,-0.00046465761261060834,0.0008097975514829159,-0.0008097975514829159,-0.0017000110819935799,0.0017000110819935799,-0.002218702109530568,0.002218702109530568,-0.0012401551939547062,0.0012401551939547062],[0.0035025556571781635,-0.003502555890008807,-0.009843509644269943,0.009843507781624794,-0.0031683328561484814,0.0031683328561484814,0.00792523194104433,-0.006925235502421856,0.0008962401188910007,-0.0008962400024756789,6.252649473026395e-05,-6.252591265365481e-05,0.0028293051291257143,-0.002829304663464427,0.001855070237070322,-0.0018550700042396784,-0.003401469439268112,0.003401469439268112,0.0017081100959330797,-0.0017081104451790452,0.00043279671808704734,-0.0004327968636061996,0.002697356976568699,-0.002697356976568699,-0.002321637701243162,0.002321637934073806,0.002477657748386264,-0.00247765751555562,0.0014166494365781546,-0.0014166494365781546,0.0033214327413588762,-0.003321433439850807,0.0006801355048082769,-0.0006801352137699723,0.00041281868470832705,-0.00041281856829300523,0.0021139499731361866,-0.0021139502059668303,0.0005553937517106533,-0.0005553938099183142,0.0013155827764421701,-0.0013155827764421701,0.0007896762108430266,-0.0007896762108430266,-0.0006346410373225808,0.0006346410373225808,6.778733222745359e-05,-6.778727401979268e-05,4.121538222534582e-05,-4.121538222534582e-05,-0.00034968910040333867,0.00034968910040333867,-0.001150619937106967,0.001150619937106967,-0.0010899731423705816,0.0010899731423705816],[-0.003502555890008807,0.0035025570541620255,0.009843509644269943,-0.009843507781624794,0.0031683333218097687,-0.0031683333218097687,-0.006925235502421856,0.007925235666334629,-0.0008962388965301216,0.000896238605491817,-6.252608727663755e-05,6.25258544459939e-05,-0.0028293044306337833,0.0028293044306337833,-0.0018550701206550002,0.0018550704699009657,0.003401468973606825,-0.003401469672098756,-0.001708109863102436,0.0017081100959330797,-0.00043279596138745546,0.0004327959904912859,-0.002697356976568699,0.002697357442229986,0.0023216367699205875,-0.0023216367699205875,-0.002477657748386264,0.00247765751555562,-0.0014166495529934764,0.0014166496694087982,-0.0033214325085282326,0.0033214327413588762,-0.0006801358540542424,0.000680135446600616,-0.0004128184518776834,0.00041281856829300523,-0.0021139506716281176,0.0021139506716281176,-0.000555393984541297,0.0005553940427489579,-0.0013155827764421701,0.001315582892857492,-0.0007896767929196358,0.0007896767929196358,0.0006346405134536326,-0.0006346405134536326,-6.778763781767339e-05,6.778744864277542e-05,-4.121538222534582e-05,4.121538222534582e-05,0.00034968892578035593,-0.00034968892578035593,0.0011506202863529325,-0.0011506202863529325,0.001089973608031869,-0.0010899733752012253],[-0.0007928539998829365,0.0007928545819595456,0.0013698143884539604,-0.0013698141556233168,0.0009262607200071216,-0.0009262607200071216,0.0008962401188910007,-0.0008962388965301216,0.009576700627803802,-0.00857669860124588,0.0022046007215976715,-0.002204600488767028,0.0019144434481859207,-0.0019144434481859207,0.005151350982487202,-0.005151351448148489,0.0017470036400482059,-0.0017470034072175622,-0.003125542774796486,0.0031255425419658422,0.00039520530845038593,-0.00039520577411167324,0.0015569963725283742,-0.0015569961396977305,0.00011284832726232708,-0.00011284832726232708,-0.002471714746206999,0.002471714513376355,-0.0010194391943514347,0.0010194391943514347,0.002522079274058342,-0.0025220795068889856,-0.0005873878835700452,0.0005873879999853671,8.760180207900703e-05,-8.760167838772759e-05,0.0008273185230791569,-0.0008273186394944787,-0.0006581385969184339,0.0006581385969184339,0.0014076289953663945,-0.0014076289953663945,0.00043723598355427384,-0.00043723604176193476,0.0007589842425659299,-0.0007589843589812517,-0.0006836964748799801,0.0006836964748799801,-0.00024149715318344533,0.00024149709497578442,0.0008168650092557073,-0.0008168650092557073,0.0010305213509127498,-0.0010305213509127498,0.0004614996141754091,-0.00046149967238307],[0.0007928535342216492,-0.0007928545819595456,-0.0013698136899620295,0.0013698136899620295,-0.0009262606617994606,0.0009262606617994606,-0.0008962400024756789,0.000896238605491817,-0.00857669860124588,0.009576699696481228,-0.002204600954428315,0.002204600954428315,-0.0019144429825246334,0.0019144433317705989,-0.005151351448148489,0.005151351448148489,-0.0017470048042014241,0.0017470048042014241,0.0031255425419658422,-0.0031255423091351986,-0.00039520542486570776,0.00039520568680018187,-0.0015569968381896615,0.0015569966053590178,-0.00011284847278147936,0.00011284847278147936,0.00247171544469893,-0.002471715211868286,0.0010194391943514347,-0.0010194391943514347,-0.0025220795068889856,0.0025220797397196293,0.0005873878253623843,-0.0005873879417777061,-8.760132914176211e-05,8.760108903516084e-05,-0.0008273182902485132,0.000827318406663835,0.0006581386551260948,-0.0006581386551260948,-0.0014076288789510727,0.0014076288789510727,-0.00043723551789298654,0.00043723563430830836,-0.0007589840097352862,0.000758984184358269,0.0006836963584646583,-0.0006836963584646583,0.00024149719683919102,-0.00024149719683919102,-0.0008168649510480464,0.0008168649510480464,-0.0010305213509127498,0.0010305213509127498,-0.00046149949776008725,0.00046149949776008725],[0.0007992577156983316,-0.0007992590544745326,-0.00419833417981863,0.0041983360424637794,0.00139064050745219,-0.00139064050745219,6.252649473026395e-05,-6.252608727663755e-05,0.0022046007215976715,-0.002204600954428315,0.0059188362210989,-0.004918836988508701,-0.0007779946317896247,0.0007779946899972856,-0.0007739578722976148,0.0007739578722976148,-0.002048267051577568,0.002048267051577568,-0.0010399967432022095,0.0010399966267868876,0.001558647956699133,-0.0015586483059450984,0.00036526203621178865,-0.0003652620071079582,0.0012552266707643867,-0.0012552266707643867,-0.0007471502758562565,0.0007471500430256128,0.00019736032118089497,-0.00019736032118089497,-0.0004023460205644369,0.000402345962356776,8.731419802643359e-05,-8.731419802643359e-05,0.00046061910688877106,-0.00046061910688877106,0.0011314586736261845,-0.0011314586736261845,0.00023294855782296509,-0.00023294858692679554,7.32106200302951e-05,-7.321064913412556e-05,0.0007368941442109644,-0.0007368941442109644,0.0002785603574011475,-0.0002785604156088084,0.00012070254888385534,-0.00012070254888385534,0.00027473620139062405,-0.00027473620139062405,8.814215107122436e-05,-8.81421219673939e-05,-0.0006904440233483911,0.0006904440233483911,-0.00046524626668542624,0.00046524626668542624],[-0.0007992579485289752,0.0007992583559826016,0.00419833417981863,-0.004198335576802492,-0.0013906412059441209,0.0013906412059441209,-6.252591265365481e-05,6.25258544459939e-05,-0.002204600488767028,0.002204600954428315,-0.004918836988508701,0.005918835289776325,0.0007779946317896247,-0.0007779946899972856,0.0007739578722976148,-0.0007739578722976148,0.002048267051577568,-0.002048267051577568,0.0010399967432022095,-0.0010399966267868876,-0.001558647956699133,0.0015586483059450984,-0.00036526203621178865,0.0003652620071079582,-0.0012552266707643867,0.0012552266707643867,0.0007471502758562565,-0.0007471500430256128,-0.00019736032118089497,0.00019736032118089497,0.0004023460205644369,-0.000402345962356776,-8.731419802643359e-05,8.731419802643359e-05,-0.00046061910688877106,0.00046061910688877106,-0.0011314586736261845,0.0011314586736261845,-0.00023294855782296509,0.00023294858692679554,-7.32106200302951e-05,7.321064913412556e-05,-0.0007368941442109644,0.0007368941442109644,-0.0002785603574011475,0.0002785604156088084,-0.00012070254888385534,0.00012070254888385534,-0.00027473620139062405,0.00027473620139062405,-8.814215107122436e-05,8.81421219673939e-05,0.0006904440233483911,-0.0006904440233483911,0.00046524626668542624,-0.00046524626668542624],[-0.0010384771740064025,0.0010384777560830116,0.00912412442266941,-0.009124125353991985,-1.1197349522262812e-05,1.1197349522262812e-05,0.0028293051291257143,-0.0028293044306337833,0.0019144434481859207,-0.0019144429825246334,-0.0007779946317896247,0.0007779946317896247,0.019777515903115273,-0.0187775157392025,0.005599345080554485,-0.005599345080554485,0.0034638699144124985,-0.0034638699144124985,0.0030789270531386137,-0.0030789270531386137,0.0007144827395677567,-0.0007144823903217912,0.0018998256418853998,-0.0018998256418853998,0.0007725182804279029,-0.0007725176983512938,-0.0030418417882174253,0.0030418417882174253,0.0003882842429447919,-0.00038828435936011374,0.004336275160312653,-0.004336275160312653,5.044537829235196e-05,-5.044540739618242e-05,0.0012785306898877025,-0.0012785306898877025,0.0016758564161136746,-0.0016758566489443183,0.00022535916650667787,-0.00022535915195476264,0.0004673000948969275,-0.0004673002695199102,-0.00041244784370064735,0.0004124479601159692,-0.000912957068067044,0.000912957068067044,0.00027346055139787495,-0.0002734605222940445,0.0009747663279995322,-0.0009747663279995322,0.0009679030044935644,-0.0009679029462859035,-0.00033059564884752035,0.00033059564884752035,0.0025904157664626837,-0.0025904157664626837],[0.0010384772904217243,-0.0010384779889136553,-0.009124123491346836,0.009124125353991985,1.119798980653286e-05,-1.119798980653286e-05,-0.002829304663464427,0.0028293044306337833,-0.0019144434481859207,0.0019144433317705989,0.0007779946899972856,-0.0007779946899972856,-0.0187775157392025,0.019777515903115273,-0.005599344614893198,0.005599344149231911,-0.0034638706129044294,0.0034638706129044294,-0.003078928217291832,0.0030789277516305447,-0.0007144829723984003,0.0007144826231524348,-0.0018998259911313653,0.001899825525470078,-0.0007725180475972593,0.0007725179311819375,0.003041842021048069,-0.0030418422538787127,-0.00038828467950224876,0.00038828467950224876,-0.004336276091635227,0.004336276091635227,-5.0445611122995615e-05,5.04455529153347e-05,-0.0012785308063030243,0.0012785308063030243,-0.0016758565325289965,0.0016758565325289965,-0.00022535906464327127,0.0002253591374028474,-0.00046730032772757113,0.0004673005605582148,0.00041244772728532553,-0.0004124476108700037,0.0009129567770287395,-0.0009129568934440613,-0.0002734605222940445,0.0002734605222940445,-0.0009747662115842104,0.0009747662115842104,-0.0009679030044935644,0.0009679030627012253,0.0003305955324321985,-0.0003305955324321985,-0.0025904159992933273,0.0025904159992933273],[0.0026350528933107853,-0.0026350519619882107,-0.006155543494969606,0.006155543960630894,0.00011418701615184546,-0.00011418701615184546,0.001855070237070322,-0.0018550701206550002,0.005151350982487202,-0.005151351448148489,-0.0007739578722976148,0.0007739578722976148,0.005599345080554485,-0.005599344614893198,0.015051297843456268,-0.014051295816898346,0.005394043400883675,-0.005394042935222387,0.000524915405549109,-0.0005249156383797526,0.0006531815160997212,-0.0006531815160997212,0.0035139485262334347,-0.0035139485262334347,-0.0009982457850128412,0.0009982460178434849,-0.0015779332024976611,0.0015779330860823393,-0.0007561045931652188,0.0007561046513728797,0.0004597362130880356,-0.00045973615488037467,-0.0004896061727777123,0.0004896061727777123,-0.00039979134453460574,0.0003997912281192839,0.0013815455604344606,-0.0013815457932651043,-0.00048003686242736876,0.00048003686242736876,0.00042819068767130375,-0.00042819068767130375,-0.0003376444219611585,0.0003376444219611585,0.0015234369784593582,-0.0015234369784593582,-0.0004199018294457346,0.00041990180034190416,-0.0002791276783682406,0.0002791276201605797,0.00023379491176456213,-0.00023379491176456213,-0.0006641274667344987,0.0006641274667344987,0.0006294368649832904,-0.0006294369231909513],[-0.0026350528933107853,0.0026350526604801416,0.006155543029308319,-0.006155543960630894,-0.00011418701615184546,0.00011418701615184546,-0.0018550700042396784,0.0018550704699009657,-0.005151351448148489,0.005151351448148489,0.0007739578722976148,-0.0007739578722976148,-0.005599345080554485,0.005599344149231911,-0.014051295816898346,0.015051297843456268,-0.005394043400883675,0.005394043400883675,-0.0005249148816801608,0.0005249148816801608,-0.0006531813414767385,0.0006531813996843994,-0.003513948293402791,0.0035139480605721474,0.0009982454357668757,-0.0009982457850128412,0.0015779335517436266,-0.0015779334353283048,0.0007561041857115924,-0.0007561042439192533,-0.0004597358638420701,0.0004597358056344092,0.0004896062891930342,-0.0004896062891930342,0.00039979128632694483,-0.0003997912281192839,-0.001381545327603817,0.0013815455604344606,0.00048003680421970785,-0.00048003680421970785,-0.00042819068767130375,0.00042819068767130375,0.00033764459658414125,-0.00033764465479180217,-0.0015234367456287146,0.0015234367456287146,0.0004199016548227519,-0.0004199016548227519,0.0002791276783682406,-0.00027912776567973197,-0.00023379485355690122,0.00023379482445307076,0.0006641274085268378,-0.0006641274085268378,-0.0006294365739449859,0.0006294365739449859],[0.009772079065442085,-0.009772079065442085,-0.00027080276049673557,0.0002708029933273792,0.0131818987429142,-0.0131818987429142,-0.003401469439268112,0.003401468973606825,0.0017470036400482059,-0.0017470048042014241,-0.002048267051577568,0.002048267051577568,0.0034638699144124985,-0.0034638706129044294,0.005394043400883675,-0.005394043400883675,0.015538732521235943,-0.01453873235732317,0.000926845648791641,-0.0009268457652069628,0.0010067988187074661,-0.001006799517199397,0.00416535884141922,-0.004165358375757933,-0.0019082806538790464,0.0019082811195403337,0.0026860744692385197,-0.0026860744692385197,-0.0008085340959951282,0.0008085340377874672,0.0021378216333687305,-0.002137821400538087,-0.0007165729766711593,0.0007165729184634984,-0.0005396214546635747,0.0005396215710788965,0.001019565504975617,-0.001019565504975617,-0.0006886649644002318,0.0006886649644002318,-0.00011598598212003708,0.00011598604032769799,-0.001322288764640689,0.001322288764640689,-0.0005596429109573364,0.0005596428527496755,-0.0003189879935234785,0.0003189879353158176,-0.00046468476648442447,0.00046468476648442447,0.00013559003127738833,-0.00013559003127738833,0.00039751443546265364,-0.0003975144645664841,0.00023220974253490567,-0.00023220977163873613],[-0.009772079065442085,0.009772079065442085,0.00027080276049673557,-0.0002708029933273792,-0.013181897811591625,0.013181897811591625,0.003401469439268112,-0.003401469672098756,-0.0017470034072175622,0.0017470048042014241,0.002048267051577568,-0.002048267051577568,-0.0034638699144124985,0.0034638706129044294,-0.005394042935222387,0.005394043400883675,-0.01453873235732317,0.015538729727268219,-0.000926845648791641,0.0009268457652069628,-0.0010067988187074661,0.001006799517199397,-0.00416535884141922,0.004165358375757933,0.0019082806538790464,-0.0019082811195403337,-0.0026860744692385197,0.0026860744692385197,0.0008085340959951282,-0.0008085340377874672,-0.0021378216333687305,0.002137821400538087,0.0007165729766711593,-0.0007165729184634984,0.0005396214546635747,-0.0005396215710788965,-0.001019565504975617,0.001019565504975617,0.0006886649644002318,-0.0006886649644002318,0.00011598598212003708,-0.00011598604032769799,0.001322288764640689,-0.001322288764640689,0.0005596429109573364,-0.0005596428527496755,0.0003189879935234785,-0.0003189879353158176,0.00046468476648442447,-0.00046468476648442447,-0.00013559003127738833,0.00013559003127738833,-0.00039751443546265364,0.0003975144645664841,-0.00023220974253490567,0.00023220977163873613],[0.004892605356872082,-0.0048926048912107944,0.00189428951125592,-0.001894290093332529,0.0029120882973074913,-0.0029120882973074913,0.0017081100959330797,-0.001708109863102436,-0.003125542774796486,0.0031255425419658422,-0.0010399967432022095,0.0010399967432022095,0.0030789270531386137,-0.003078928217291832,0.000524915405549109,-0.0005249148816801608,0.000926845648791641,-0.000926845648791641,0.012006600387394428,-0.011006600223481655,0.0008865686249919236,-0.00088656903244555,0.003398728324100375,-0.0033987287897616625,0.0022820145823061466,-0.0022820145823061466,0.00014826509868726134,-0.00014826521510258317,0.0012412024661898613,-0.0012412024661898613,0.00042555335676297545,-0.0004255535313859582,0.0007973816245794296,-0.0007973815081641078,0.0005864937556907535,-0.0005864936974830925,-0.00021057174308225513,0.0002105717285303399,0.0005909568862989545,-0.0005909568862989545,0.0012438371777534485,-0.0012438371777534485,0.0010499279014766216,-0.0010499277850612998,0.0018968636868521571,-0.0018968636868521571,0.0002747513062786311,-0.00027475127717480063,0.00022573659953195602,-0.00022573657042812556,0.00021279187058098614,-0.00021279182692524046,0.00027622649213299155,-0.00027622649213299155,9.44924249779433e-05,-9.449251228943467e-05],[-0.004892605356872082,0.0048926048912107944,-0.00189428951125592,0.001894290093332529,-0.0029120882973074913,0.0029120882973074913,-0.0017081104451790452,0.0017081100959330797,0.0031255425419658422,-0.0031255423091351986,0.0010399966267868876,-0.0010399966267868876,-0.0030789270531386137,0.0030789277516305447,-0.0005249156383797526,0.0005249148816801608,-0.0009268457652069628,0.0009268457652069628,-0.011006600223481655,0.012006598524749279,-0.0008865685667842627,0.0008865690906532109,-0.0033987287897616625,0.003398728556931019,-0.002282014349475503,0.002282014349475503,-0.0001482648658566177,0.00014826509868726134,-0.0012412023497745395,0.0012412023497745395,-0.00042555324034765363,0.0004255534731782973,-0.000797381391748786,0.0007973812753334641,-0.0005864935228601098,0.0005864933482371271,0.00021057167032267898,-0.00021057164121884853,-0.0005909568280912936,0.0005909568280912936,-0.0012438371777534485,0.0012438371777534485,-0.0010499277850612998,0.0010499277850612998,-0.0018968641525134444,0.0018968642689287663,-0.0002747512480709702,0.000274751044344157,-0.00022573665773961693,0.00022573662863578647,-0.00021279184147715569,0.00021279181237332523,-0.0002762267249636352,0.0002762267249636352,-9.449236677028239e-05,9.449239587411284e-05],[0.002576566068455577,-0.002576566068455577,0.0004768603830598295,-0.0004768609651364386,0.0003192536241840571,-0.0003192536241840571,0.00043279671808704734,-0.00043279596138745546,0.00039520530845038593,-0.00039520542486570776,0.001558647956699133,-0.001558647956699133,0.0007144827395677567,-0.0007144829723984003,0.0006531815160997212,-0.0006531813414767385,0.0010067988187074661,-0.0010067988187074661,0.0008865686249919236,-0.0008865685667842627,0.0034583609085530043,-0.0024583612103015184,0.0010908746626228094,-0.0010908747790381312,0.000573738303501159,-0.0005737383617088199,-0.0005108939949423075,0.0005108939949423075,0.00025144527899101377,-0.00025144527899101377,-0.000993945519439876,0.0009939454030245543,5.767729089711793e-05,-5.767728725913912e-05,8.673548290971667e-05,-8.673548290971667e-05,0.0002350222202949226,-0.00023502220574300736,0.00020067357399966568,-0.0002006735885515809,-0.00023453612811863422,0.00023453612811863422,0.0005978213157504797,-0.0005978213739581406,3.100371395703405e-05,-3.100372850894928e-05,2.6361631171312183e-05,-2.6361689378973097e-05,-0.00015274692850653082,0.00015274695761036128,-3.67586144420784e-05,3.6758643545908853e-05,-0.0004142149118706584,0.0004142149118706584,-0.00022318756964523345,0.000223187540541403],[-0.002576566766947508,0.002576567232608795,-0.0004768609069287777,0.0004768617218360305,-0.00031925379880703986,0.00031925379880703986,-0.0004327968636061996,0.0004327959904912859,-0.00039520577411167324,0.00039520568680018187,-0.0015586483059450984,0.0015586483059450984,-0.0007144823903217912,0.0007144826231524348,-0.0006531815160997212,0.0006531813996843994,-0.001006799517199397,0.001006799517199397,-0.00088656903244555,0.0008865690906532109,-0.0024583612103015184,0.0034583592787384987,-0.0010908752446994185,0.0010908753611147404,-0.0005737387109547853,0.0005737387109547853,0.0005108937039040029,-0.0005108937039040029,-0.0002514451916795224,0.0002514451916795224,0.000993946217931807,-0.000993946217931807,-5.767698530689813e-05,5.767698530689813e-05,-8.673527918290347e-05,8.673527918290347e-05,-0.00023502226395066828,0.00023502223484683782,-0.00020067366131115705,0.00020067366131115705,0.00023453612811863422,-0.00023453609901480377,-0.0005978216649964452,0.0005978216649964452,-3.1003983167465776e-05,3.100396861555055e-05,-2.6361441996414214e-05,2.636147110024467e-05,0.0001527469721622765,-0.0001527469721622765,3.675851985462941e-05,-3.675851985462941e-05,0.00041421494097448885,-0.00041421494097448885,0.00022318752598948777,-0.000223187540541403],[0.0017145733581855893,-0.0017145706806331873,-0.004225695505738258,0.004225694574415684,8.203781908378005e-05,-8.203781908378005e-05,0.002697356976568699,-0.002697356976568699,0.0015569963725283742,-0.0015569968381896615,0.00036526203621178865,-0.00036526203621178865,0.0018998256418853998,-0.0018998259911313653,0.0035139485262334347,-0.003513948293402791,0.00416535884141922,-0.00416535884141922,0.003398728324100375,-0.0033987287897616625,0.0010908746626228094,-0.0010908752446994185,0.007229434326291084,-0.006229434162378311,0.001217797165736556,-0.0012177973985671997,0.0006211254512891173,-0.0006211254512891173,4.8078145482577384e-05,-4.807816003449261e-05,0.00039470905903726816,-0.0003947091172449291,-0.0002466227160766721,0.0002466227160766721,0.0002827293938025832,-0.0002827293938025832,-0.0004907776601612568,0.0004907777183689177,-1.881456410046667e-05,1.8814505892805755e-05,-4.149362212046981e-05,4.149362212046981e-05,0.0015690403524786234,-0.0015690404688939452,0.0021509425714612007,-0.0021509425714612007,-0.000299826730042696,0.00029982675914652646,5.712680285796523e-05,-5.7126861065626144e-05,0.0008834575419314206,-0.0008834575419314206,5.4396194173023105e-05,-5.4396194173023105e-05,-0.0005548588815145195,0.0005548588233068585],[-0.0017145734746009111,0.0017145704478025436,0.004225695505738258,-0.004225695505738258,-8.203781908378005e-05,8.203781908378005e-05,-0.002697356976568699,0.002697357442229986,-0.0015569961396977305,0.0015569966053590178,-0.0003652620071079582,0.0003652620071079582,-0.0018998256418853998,0.001899825525470078,-0.0035139485262334347,0.0035139480605721474,-0.004165358375757933,0.004165358375757933,-0.0033987287897616625,0.003398728556931019,-0.0010908747790381312,0.0010908753611147404,-0.006229434162378311,0.007229435257613659,-0.0012177977478131652,0.0012177975149825215,-0.000621125684119761,0.0006211255677044392,-4.807807272300124e-05,4.807805817108601e-05,-0.00039470894262194633,0.00039470905903726816,0.0002466226287651807,-0.0002466226869728416,-0.00028272930649109185,0.00028272910276427865,0.0004907778929919004,-0.0004907778929919004,1.8814622308127582e-05,-1.8814593204297125e-05,4.149362212046981e-05,-4.1493563912808895e-05,-0.0015690402360633016,0.0015690402360633016,-0.0021509425714612007,0.0021509425714612007,0.000299826730042696,-0.000299826730042696,-5.7126861065626144e-05,5.712683196179569e-05,-0.0008834573673084378,0.0008834573673084378,-5.439613596536219e-05,5.439613596536219e-05,0.0005548590561375022,-0.0005548590561375022],[-0.0004693032242357731,0.0004693033988587558,0.0046510882675647736,-0.0046510882675647736,-0.0018092566169798374,0.0018092566169798374,-0.002321637701243162,0.0023216367699205875,0.00011284832726232708,-0.00011284847278147936,0.0012552266707643867,-0.0012552266707643867,0.0007725182804279029,-0.0007725180475972593,-0.0009982457850128412,0.0009982454357668757,-0.0019082806538790464,0.0019082806538790464,0.0022820145823061466,-0.002282014349475503,0.000573738303501159,-0.0005737387109547853,0.001217797165736556,-0.0012177977478131652,0.007140663918107748,-0.006140663754194975,0.0022889263927936554,-0.002288926625624299,0.0003475405101198703,-0.0003475405101198703,-0.0002227623190265149,0.00022276220261119306,0.0002910406910814345,-0.0002910406910814345,0.00014184296014718711,-0.00014184293104335666,0.000562540371902287,-0.000562540371902287,0.0003310856409370899,-0.0003310856409370899,0.0008003779221326113,-0.0008003779221326113,0.00036636809818446636,-0.0003663680690806359,-0.0004731136723421514,0.0004731136723421514,0.00042894488433375955,-0.00042894488433375955,0.0002634899574331939,-0.00026348992832936347,0.00039081519935280085,-0.00039081519935280085,0.00014439999358728528,-0.00014440008089877665,0.0005687330267392099,-0.0005687330849468708],[0.00046930357348173857,-0.00046930357348173857,-0.004651087801903486,0.004651087801903486,0.0018092567333951592,-0.0018092567333951592,0.002321637934073806,-0.0023216367699205875,-0.00011284832726232708,0.00011284847278147936,-0.0012552266707643867,0.0012552266707643867,-0.0007725176983512938,0.0007725179311819375,0.0009982460178434849,-0.0009982457850128412,0.0019082811195403337,-0.0019082811195403337,-0.0022820145823061466,0.002282014349475503,-0.0005737383617088199,0.0005737387109547853,-0.0012177973985671997,0.0012177975149825215,-0.006140663754194975,0.007140663452446461,-0.0022889261599630117,0.0022889263927936554,-0.000347540364600718,0.000347540364600718,0.00022276220261119306,-0.00022276220261119306,-0.00029104072018526495,0.00029104066197760403,-0.00014184298925101757,0.00014184298925101757,-0.000562540371902287,0.000562540371902287,-0.00033108555362559855,0.00033108555362559855,-0.0008003778057172894,0.0008003778057172894,-0.00036636809818446636,0.00036636803997680545,0.0004731135268229991,-0.00047311349771916866,-0.00042894488433375955,0.00042894488433375955,-0.0002634899865370244,0.0002634899865370244,-0.00039081505383364856,0.00039081505383364856,-0.0001443999062757939,0.000144399848068133,-0.0005687329103238881,0.0005687328521162271],[-0.0031038084998726845,0.0031038071028888226,0.0049148499965667725,-0.004914850927889347,-0.0027669642586261034,0.0027669642586261034,0.002477657748386264,-0.002477657748386264,-0.002471714746206999,0.00247171544469893,-0.0007471502758562565,0.0007471502758562565,-0.0030418417882174253,0.003041842021048069,-0.0015779332024976611,0.0015779335517436266,0.0026860744692385197,-0.0026860744692385197,0.00014826509868726134,-0.0001482648658566177,-0.0005108939949423075,0.0005108937039040029,0.0006211254512891173,-0.000621125684119761,0.0022889263927936554,-0.0022889261599630117,0.008486106060445309,-0.0074861072935163975,0.00014155975077301264,-0.00014155969256535172,-0.0012344596907496452,0.0012344596907496452,0.00013401743490248919,-0.00013401746400631964,0.0003529342357069254,-0.0003529342357069254,0.000238831591559574,-0.00023883156245574355,-9.575154399499297e-05,9.57515585469082e-05,0.0007103397510945797,-0.0007103397510945797,-0.00021127142827026546,0.00021127142827026546,0.00023547091404907405,-0.0002354709431529045,-9.17295110411942e-05,9.172946738544852e-05,2.199372829636559e-05,-2.199355367338285e-05,0.0004817168810404837,-0.0004817168810404837,0.00020904713892377913,-0.0002090471680276096,0.0005141724832355976,-0.0005141725414432585],[0.00310380756855011,-0.0031038071028888226,-0.0049148499965667725,0.004914850927889347,0.0027669642586261034,-0.0027669642586261034,-0.00247765751555562,0.00247765751555562,0.002471714513376355,-0.002471715211868286,0.0007471500430256128,-0.0007471500430256128,0.0030418417882174253,-0.0030418422538787127,0.0015779330860823393,-0.0015779334353283048,-0.0026860744692385197,0.0026860744692385197,-0.00014826521510258317,0.00014826509868726134,0.0005108939949423075,-0.0005108937039040029,-0.0006211254512891173,0.0006211255677044392,-0.002288926625624299,0.0022889263927936554,-0.0074861072935163975,0.008486108854413033,-0.00014155975077301264,0.00014155969256535172,0.0012344596907496452,-0.0012344596907496452,-0.00013401743490248919,0.00013401746400631964,-0.0003529342357069254,0.0003529342357069254,-0.000238831591559574,0.00023883156245574355,9.575154399499297e-05,-9.57515585469082e-05,-0.0007103397510945797,0.0007103397510945797,0.00021127142827026546,-0.00021127142827026546,-0.00023547091404907405,0.0002354709431529045,9.17295110411942e-05,-9.172946738544852e-05,-2.199372829636559e-05,2.199355367338285e-05,-0.0004817168810404837,0.0004817168810404837,-0.00020904713892377913,0.0002090471680276096,-0.0005141724832355976,0.0005141725414432585],[0.0003355650987941772,-0.00033556492417119443,0.0005972506478428841,-0.0005972500657662749,-0.0006547595839947462,0.0006547595839947462,0.0014166494365781546,-0.0014166495529934764,-0.0010194391943514347,0.0010194391943514347,0.00019736032118089497,-0.00019736032118089497,0.0003882842429447919,-0.00038828467950224876,-0.0007561045931652188,0.0007561041857115924,-0.0008085340959951282,0.0008085340959951282,0.0012412024661898613,-0.0012412023497745395,0.00025144527899101377,-0.0002514451916795224,4.8078145482577384e-05,-4.807807272300124e-05,0.0003475405101198703,-0.000347540364600718,0.00014155975077301264,-0.00014155975077301264,0.0032384488731622696,-0.0022384466137737036,0.0009438368142582476,-0.0009438369888812304,0.000901343475561589,-0.0009013435919769108,0.0005293650319799781,-0.0005293650319799781,-9.427141048945487e-05,9.427124314242974e-05,0.0006435510003939271,-0.0006435510003939271,0.0003661137307062745,-0.00036611375981010497,-0.0015160082839429379,0.0015160080511122942,0.00014286230725701898,-0.00014286230725701898,0.0004764036857523024,-0.0004764036857523024,0.0002698382013477385,-0.0002698382013477385,-0.0014812524896115065,0.0014812524896115065,-0.0009575842996127903,0.0009575842996127903,-0.0009604848455637693,0.0009604849037714303],[-0.0003355650987941772,0.0003355648659635335,-0.0005972508806735277,0.0005972501821815968,0.0006547594675794244,-0.0006547594675794244,-0.0014166494365781546,0.0014166496694087982,0.0010194391943514347,-0.0010194391943514347,-0.00019736032118089497,0.00019736032118089497,-0.00038828435936011374,0.00038828467950224876,0.0007561046513728797,-0.0007561042439192533,0.0008085340377874672,-0.0008085340377874672,-0.0012412024661898613,0.0012412023497745395,-0.00025144527899101377,0.0002514451916795224,-4.807816003449261e-05,4.807805817108601e-05,-0.0003475405101198703,0.000347540364600718,-0.00014155969256535172,0.00014155969256535172,-0.0022384466137737036,0.0032384481746703386,-0.0009438368142582476,0.0009438369888812304,-0.000901343475561589,0.0009013435919769108,-0.0005293650319799781,0.0005293650319799781,9.427141048945487e-05,-9.427124314242974e-05,-0.0006435510003939271,0.0006435510003939271,-0.0003661137307062745,0.00036611375981010497,0.0015160082839429379,-0.0015160080511122942,-0.00014286230725701898,0.00014286230725701898,-0.0004764036857523024,0.0004764036857523024,-0.0002698382013477385,0.0002698382013477385,0.0014812524896115065,-0.0014812524896115065,0.0009575842996127903,-0.0009575842996127903,0.0009604848455637693,-0.0009604849037714303],[0.001443733461201191,-0.0014437332283705473,0.00030399952083826065,-0.00030399905517697334,-0.0006115174619480968,0.0006115174619480968,0.0033214327413588762,-0.0033214325085282326,0.002522079274058342,-0.0025220795068889856,-0.0004023460205644369,0.0004023460205644369,0.004336275160312653,-0.004336276091635227,0.0004597362130880356,-0.0004597358638420701,0.0021378216333687305,-0.0021378216333687305,0.00042555335676297545,-0.00042555324034765363,-0.000993945519439876,0.000993946217931807,0.00039470905903726816,-0.00039470894262194633,-0.0002227623190265149,0.00022276220261119306,-0.0012344596907496452,0.0012344596907496452,0.0009438368142582476,-0.0009438368142582476,0.005414523649960756,-0.004414524417370558,0.0003192818840034306,-0.0003192818840034306,0.001073864521458745,-0.0010738644050434232,0.0005833253380842507,-0.0005833253962919116,0.00039768737042322755,-0.00039768737042322755,0.0005608810461126268,-0.0005608812789432704,0.00035440997453406453,-0.0003544102655723691,-0.00041965750278905034,0.00041965750278905034,0.0003138907777611166,-0.00031389074865728617,0.0006766768638044596,-0.0006766768638044596,-0.00045171414967626333,0.0004517141205724329,0.00029071568860672414,-0.0002907157177105546,5.9682439314201474e-05,-5.9682439314201474e-05],[-0.001443733461201191,0.001443733461201191,-0.0003039996372535825,0.000303999288007617,0.0006115174619480968,-0.0006115174619480968,-0.003321433439850807,0.0033214327413588762,-0.0025220795068889856,0.0025220797397196293,0.000402345962356776,-0.000402345962356776,-0.004336275160312653,0.004336276091635227,-0.00045973615488037467,0.0004597358056344092,-0.002137821400538087,0.002137821400538087,-0.0004255535313859582,0.0004255534731782973,0.0009939454030245543,-0.000993946217931807,-0.0003947091172449291,0.00039470905903726816,0.00022276220261119306,-0.00022276220261119306,0.0012344596907496452,-0.0012344596907496452,-0.0009438369888812304,0.0009438369888812304,-0.004414524417370558,0.005414523649960756,-0.0003192819422110915,0.0003192819422110915,-0.0010738646378740668,0.0010738644050434232,-0.0005833255709148943,0.0005833257455378771,-0.00039768737042322755,0.00039768737042322755,-0.0005608813371509314,0.0005608813371509314,-0.0003544102655723691,0.0003544103819876909,0.0004196572117507458,