{"epoch":0,"H":[[0.02809043601155281,-0.027090437710285187,0.009223724715411663,-0.009223724715411663,0.007809709757566452,-0.007809709757566452,0.0018216848839074373,-0.0018216848839074373,6.086169742047787e-05,-6.086146458983421e-05,-0.00013520376523956656,0.00013520466745831072,0.0022301184944808483,-0.0022301184944808483,-0.0026313229463994503,0.0026313234120607376,0.00420053256675601,-0.00420053256675601,0.005756576545536518,-0.005756576079875231,0.00020256885909475386,-0.00020256880088709295,0.004046734422445297,-0.004046733491122723,0.0010628689778968692,-0.0010628686286509037,-0.002998058218508959,0.002998057985678315,0.001614203560166061,-0.001614203560166061,1.9314640667289495e-05,-1.9314640667289495e-05,0.000763025542255491,-0.0007630256004631519,-0.0006488070357590914,0.0006488070357590914,0.000571058364585042,-0.000571058364585042,0.000679288525134325,-0.000679288525134325,-0.0011918926611542702,0.0011918926611542702,-0.00020512851187959313,0.00020512851187959313,0.0001600707182660699,-0.0001600707182660699,0.0003815248783212155,-0.0003815248783212155,-0.0006135645089671016,0.0006135645089671016,-0.0006151554407551885,0.0006151554407551885,0.0008909246535040438,-0.0008909246535040438,3.2106414437294006e-05,-3.210658906027675e-05],[-0.027090437710285187,0.02809043973684311,-0.009223724715411663,0.009223724715411663,-0.007809709757566452,0.007809709757566452,-0.0018216848839074373,0.0018216848839074373,-6.086169742047787e-05,6.086146458983421e-05,0.00013520376523956656,-0.00013520466745831072,-0.0022301184944808483,0.0022301184944808483,0.0026313229463994503,-0.0026313234120607376,-0.00420053256675601,0.00420053256675601,-0.005756576545536518,0.005756576079875231,-0.00020256885909475386,0.00020256880088709295,-0.004046734422445297,0.004046733491122723,-0.0010628689778968692,0.0010628686286509037,0.002998058218508959,-0.002998057985678315,-0.001614203560166061,0.001614203560166061,-1.9314640667289495e-05,1.9314640667289495e-05,-0.000763025542255491,0.0007630256004631519,0.0006488070357590914,-0.0006488070357590914,-0.000571058364585042,0.000571058364585042,-0.000679288525134325,0.000679288525134325,0.0011918926611542702,-0.0011918926611542702,0.00020512851187959313,-0.00020512851187959313,-0.0001600707182660699,0.0001600707182660699,-0.0003815248783212155,0.0003815248783212155,0.0006135645089671016,-0.0006135645089671016,0.0006151554407551885,-0.0006151554407551885,-0.0008909246535040438,0.0008909246535040438,-3.2106414437294006e-05,3.210658906027675e-05],[0.009223724715411663,-0.009223724715411663,0.03067145124077797,-0.029671449214220047,-0.0022202427498996258,0.0022202427498996258,0.0049124788492918015,-0.004912479314953089,0.0009964306373149157,-0.0009964300552383065,-0.0005397475324571133,0.0005397479399107397,0.003397842403501272,-0.003397842636331916,0.001097129425033927,-0.0010971293086186051,0.010204067453742027,-0.010204067453742027,-0.0005310288979671896,0.0005310284905135632,-0.0016004543285816908,0.0016004540957510471,0.004468091763556004,-0.004468091297894716,0.002433264162391424,-0.002433263696730137,0.003975792787969112,-0.003975792787969112,0.0024602061603218317,-0.0024602061603218317,0.0026469652075320482,-0.0026469652075320482,0.0011259987950325012,-0.0011259987950325012,0.0005879767704755068,-0.0005879770033061504,0.0027027514297515154,-0.0027027514297515154,0.0009034804534167051,-0.0009034804534167051,0.0010292800143361092,-0.0010292800143361092,0.0024422709830105305,-0.0024422709830105305,0.0020590166095644236,-0.0020590166095644236,0.0009247931884601712,-0.0009247931884601712,0.00023667259665671736,-0.00023667253844905645,0.0015212837606668472,-0.0015212837606668472,0.003593896748498082,-0.003593896748498082,0.0012150438269600272,-0.0012150438269600272],[-0.009223724715411663,0.009223724715411663,-0.029671449214220047,0.03067145124077797,0.002220243215560913,-0.002220243215560913,-0.004912477917969227,0.0049124788492918015,-0.0009964309865608811,0.0009964301716536283,0.0005397471832111478,-0.0005397471832111478,-0.003397841937839985,0.0033978417050093412,-0.0010971295414492488,0.0010971288429573178,-0.010204068385064602,0.010204067453742027,0.0005310285487212241,-0.0005310287815518677,0.0016004543285816908,-0.0016004543285816908,-0.004468090832233429,0.004468091763556004,-0.0024332639295607805,0.0024332634638994932,-0.003975793719291687,0.003975793719291687,-0.0024602063931524754,0.002460206625983119,-0.0026469652075320482,0.0026469652075320482,-0.0011259987950325012,0.0011259987950325012,-0.0005879770033061504,0.0005879771779291332,-0.002702751662582159,0.002702751662582159,-0.0009034803952090442,0.0009034803952090442,-0.0010292802471667528,0.0010292802471667528,-0.002442270517349243,0.002442270517349243,-0.0020590159110724926,0.0020590159110724926,-0.0009247928974218667,0.0009247929556295276,-0.00023667264031246305,0.0002366726112086326,-0.0015212836442515254,0.0015212836442515254,-0.0035938965156674385,0.0035938965156674385,-0.0012150430120527744,0.0012150430120527744],[0.007809709757566452,-0.007809709757566452,-0.0022202427498996258,0.002220243215560913,0.014550411142408848,-0.0135504100471735,-0.0031011514365673065,0.0031011514365673065,-0.0013895612210035324,0.001389560871757567,8.928970783017576e-05,-8.928938768804073e-05,-0.00020915892673656344,0.00020915857749059796,0.00017915409989655018,-0.00017915398348122835,-0.003088930621743202,0.003088930156081915,0.0035253555979579687,-0.0035253555979579687,-0.0006722979596816003,0.0006722974358126521,0.0008159056305885315,-0.0008159056305885315,-0.0012805273290723562,0.0012805276783183217,0.0007427548407576978,-0.0007427549571730196,-0.00020598582341335714,0.00020598586706910282,0.0016652971971780062,-0.0016652971971780062,1.3602672879642341e-05,-1.3602672879642341e-05,-0.00018489039211999625,0.00018489033391233534,0.0011671282118186355,-0.0011671282118186355,-1.1200114386156201e-05,1.1200099834240973e-05,0.00038310684612952173,-0.00038310684612952173,0.0003331257903482765,-0.00033312581945210695,-0.001171398675069213,0.001171398675069213,-6.466514605563134e-05,6.466520426329225e-05,-0.00013313911040313542,0.00013313913950696588,-0.0002949233748950064,0.0002949233748950064,0.0004011981945950538,-0.00040119816549122334,-0.00042639614548534155,0.00042639620369300246],[-0.007809709757566452,0.007809709757566452,0.0022202427498996258,-0.002220243215560913,-0.0135504100471735,0.014550412073731422,0.0031011514365673065,-0.0031011514365673065,0.0013895612210035324,-0.001389560871757567,-8.928970783017576e-05,8.928938768804073e-05,0.00020915892673656344,-0.00020915857749059796,-0.00017915409989655018,0.00017915398348122835,0.003088930621743202,-0.003088930156081915,-0.0035253555979579687,0.0035253555979579687,0.0006722979596816003,-0.0006722974358126521,-0.0008159056305885315,0.0008159056305885315,0.0012805273290723562,-0.0012805276783183217,-0.0007427548407576978,0.0007427549571730196,0.00020598582341335714,-0.00020598586706910282,-0.0016652971971780062,0.0016652971971780062,-1.3602672879642341e-05,1.3602672879642341e-05,0.00018489039211999625,-0.00018489033391233534,-0.0011671282118186355,0.0011671282118186355,1.1200114386156201e-05,-1.1200099834240973e-05,-0.00038310684612952173,0.00038310684612952173,-0.0003331257903482765,0.00033312581945210695,0.001171398675069213,-0.001171398675069213,6.466514605563134e-05,-6.466520426329225e-05,0.00013313911040313542,-0.00013313913950696588,0.0002949233748950064,-0.0002949233748950064,-0.0004011981945950538,0.00040119816549122334,0.00042639614548534155,-0.00042639620369300246],[0.0018216848839074373,-0.0018216848839074373,0.0049124788492918015,-0.004912477917969227,-0.0031011514365673065,0.0031011514365673065,0.014670001342892647,-0.013670001178979874,0.0034618861973285675,-0.0034618861973285675,0.0003308198065496981,-0.00033081992296501994,0.002324713859707117,-0.0023247140925377607,0.001809787703678012,-0.0018097874708473682,0.003290977096185088,-0.003290977096185088,-3.476435085758567e-05,3.476414713077247e-05,0.00021100256708450615,-0.00021100256708450615,-1.1029609595425427e-05,1.1029565939679742e-05,0.002445703372359276,-0.0024457029066979885,-0.0004833404382225126,0.0004833407874684781,-0.0005429534940049052,0.0005429533775895834,0.00010387587826699018,-0.00010387599468231201,-0.00013033507275395095,0.00013033508730586618,-0.0005781483487226069,0.0005781482323072851,0.0011641683522611856,-0.0011641682358458638,-0.0003378236142452806,0.0003378236433491111,0.00017667666543275118,-0.00017667663632892072,0.0010610907338559628,-0.0010610907338559628,0.000931495800614357,-0.0009314958588220179,-8.812482701614499e-05,8.812485611997545e-05,-0.0003026168269570917,0.0003026168269570917,0.0003247566055506468,-0.0003247566637583077,0.0010804852936416864,-0.0010804852936416864,0.0009922899771481752,-0.0009922899771481752],[-0.0018216848839074373,0.0018216848839074373,-0.004912479314953089,0.0049124788492918015,0.0031011514365673065,-0.0031011514365673065,-0.013670001178979874,0.014669998548924923,-0.0034618868958204985,0.0034618868958204985,-0.00033082003938034177,0.0003308199520688504,-0.0023247143253684044,0.0023247140925377607,-0.0018097872380167246,0.0018097871216014028,-0.0032909768633544445,0.003290976630523801,3.476470010355115e-05,-3.476475831121206e-05,-0.000211003003641963,0.00021100288722664118,1.1029376764781773e-05,-1.1029362212866545e-05,-0.002445703139528632,0.0024457029066979885,0.0004833402344956994,-0.00048334026359952986,0.0005429532029666007,-0.0005429530865512788,-0.00010387663496658206,0.00010387669317424297,0.00013033492723479867,-0.00013033491268288344,0.000578148290514946,-0.000578148290514946,-0.0011641678865998983,0.0011641678865998983,0.00033782346872612834,-0.00033782358514145017,-0.0001766765781212598,0.00017667663632892072,-0.0010610907338559628,0.0010610907338559628,-0.0009314962662756443,0.0009314962662756443,8.81247833603993e-05,-8.812475425656885e-05,0.00030261671054176986,-0.0003026167396456003,-0.00032475675106979907,0.0003247567219659686,-0.0010804854100570083,0.0010804854100570083,-0.000992290209978819,0.000992290209978819],[6.086169742047787e-05,-6.086169742047787e-05,0.0009964306373149157,-0.0009964309865608811,-0.0013895612210035324,0.0013895612210035324,0.0034618861973285675,-0.0034618868958204985,0.014682441018521786,-0.013682440854609013,0.0019232532940804958,-0.0019232530612498522,-0.0007756938575766981,0.0007756938575766981,0.0026711388491094112,-0.0026711386162787676,0.006387796252965927,-0.0063877953216433525,-0.00021706661209464073,0.000217066437471658,0.001143330242484808,-0.0011433305917307734,-0.0013923654332756996,0.0013923654332756996,0.0036321082152426243,-0.0036321082152426243,0.001401012996211648,-0.0014010128797963262,4.806576907867566e-05,-4.806581273442134e-05,-0.0003931144601665437,0.00039311451837420464,-0.00011789586278609931,0.00011789592099376023,-5.823126411996782e-05,5.823123501613736e-05,0.0013895336305722594,-0.0013895336305722594,3.506019129417837e-05,-3.506013308651745e-05,-0.00039420140092261136,0.0003942014300264418,0.0012260254006832838,-0.0012260254006832838,0.0018707381095737219,-0.0018707381095737219,-5.1155097025912255e-05,5.11550679220818e-05,-4.055341560160741e-05,4.055337194586173e-05,0.0007677616085857153,-0.0007677616085857153,0.0016915213782340288,-0.0016915213782340288,0.0008071513730101287,-0.000807151198387146],[-6.086146458983421e-05,6.086146458983421e-05,-0.0009964300552383065,0.0009964301716536283,0.001389560871757567,-0.001389560871757567,-0.0034618861973285675,0.0034618868958204985,-0.013682440854609013,0.014682442881166935,-0.0019232528284192085,0.0019232527120038867,0.0007756933337077498,-0.0007756933337077498,-0.0026711388491094112,0.0026711388491094112,-0.006387796718627214,0.006387796718627214,0.000217066437471658,-0.00021706637926399708,-0.0011433303589001298,0.0011433304753154516,0.0013923653168603778,-0.0013923653168603778,-0.0036321082152426243,0.0036321082152426243,-0.0014010134618729353,0.0014010132290422916,-4.80656890431419e-05,4.80658418382518e-05,0.00039311457658186555,-0.00039311451837420464,0.000117895906441845,-0.00011789596464950591,5.823135143145919e-05,-5.8231293223798275e-05,-0.001389533281326294,0.001389533281326294,-3.506014763843268e-05,3.506008943077177e-05,0.0003942015173379332,-0.0003942015173379332,-0.001226025284267962,0.001226025284267962,-0.001870737411081791,0.001870737411081791,5.1155147957615554e-05,-5.1155060646124184e-05,4.055343015352264e-05,-4.0553473809268326e-05,-0.0007677612593397498,0.0007677612593397498,-0.0016915206797420979,0.0016915206797420979,-0.0008071514894254506,0.0008071514312177896],[-0.00013520376523956656,0.00013520376523956656,-0.0005397475324571133,0.0005397471832111478,8.928970783017576e-05,-8.928970783017576e-05,0.0003308198065496981,-0.00033082003938034177,0.0019232532940804958,-0.0019232528284192085,0.0069822343066334724,-0.0059822313487529755,-0.0005116451065987349,0.0005116452812217176,0.0014251340180635452,-0.0014251337852329016,0.0002515451342333108,-0.00025154525064863265,0.00119779200758785,-0.001197792124003172,0.00222097453661263,-0.00222097453661263,0.0013211311306804419,-0.0013211308978497982,-0.00052947539370507,0.0005294754519127309,-0.0005010392051190138,0.0005010392633266747,0.0013246489688754082,-0.0013246487360447645,0.0017946446314454079,-0.0017946447478607297,0.0009624725789763033,-0.0009624725789763033,0.0009435832034796476,-0.0009435832616873085,0.00023015780607238412,-0.00023015780607238412,0.000804130919277668,-0.000804130919277668,0.0007352109532803297,-0.0007352109532803297,-0.0005280792829580605,0.0005280792247503996,0.00011200574226677418,-0.00011200578592251986,0.0007742749294266105,-0.0007742748712189496,0.0008404220570810139,-0.0008404220570810139,0.0007312964298762381,-0.0007312964298762381,0.00018096982967108488,-0.00018096981511916965,0.0006153601570986211,-0.0006153601570986211],[0.00013520466745831072,-0.00013520466745831072,0.0005397479399107397,-0.0005397471832111478,-8.928938768804073e-05,8.928938768804073e-05,-0.00033081992296501994,0.0003308199520688504,-0.0019232530612498522,0.0019232527120038867,-0.0059822313487529755,0.006982231512665749,0.0005116452812217176,-0.0005116453394293785,-0.0014251336688175797,0.0014251333195716143,-0.00025154431932605803,0.0002515443484298885,-0.001197792124003172,0.001197792124003172,-0.0022209743037819862,0.0022209747694432735,-0.0013211306650191545,0.001321130432188511,0.0005294752190820873,-0.0005294752772897482,0.0005010393797419965,-0.0005010391469113529,-0.0013246488524600863,0.0013246488524600863,-0.001794644515030086,0.0017946443986147642,-0.0009624726371839643,0.0009624725789763033,-0.0009435832034796476,0.0009435832034796476,-0.00023015780607238412,0.00023015780607238412,-0.0008041308028623462,0.0008041308028623462,-0.0007352109532803297,0.0007352109532803297,0.0005280790501274168,-0.0005280791083350778,-0.00011200600420124829,0.00011200601875316352,-0.0007742749294266105,0.0007742749294266105,-0.0008404222317039967,0.0008404221734963357,-0.0007312963716685772,0.0007312963716685772,-0.0001809698878787458,0.00018096987332683057,-0.0006153603899292648,0.0006153604481369257],[0.0022301184944808483,-0.0022301184944808483,0.003397842403501272,-0.003397841937839985,-0.00020915892673656344,0.00020915892673656344,0.002324713859707117,-0.0023247143253684044,-0.0007756938575766981,0.0007756933337077498,-0.0005116451065987349,0.0005116452812217176,0.011586368083953857,-0.01058636698871851,0.0034036694560199976,-0.003403669223189354,0.00560001190751791,-0.00560001190751791,0.001714217709377408,-0.001714217709377408,-4.797024303115904e-05,4.7970330342650414e-05,0.0026166755706071854,-0.0026166755706071854,-0.0013680636184290051,0.0013680636184290051,-0.0009584231302142143,0.0009584231302142143,0.001576012815348804,-0.0015760129317641258,0.0025552776642143726,-0.002555277431383729,0.0009010630310513079,-0.0009010630310513079,0.00042110407957807183,-0.0004211041668895632,-0.00018875751993618906,0.00018875734531320632,0.000713186280336231,-0.000713186280336231,0.0019142715027555823,-0.0019142715027555823,0.0007481506327167153,-0.0007481506327167153,0.002618128666654229,-0.002618128666654229,0.0006064072949811816,-0.0006064072949811816,0.00037568743573501706,-0.00037568743573501706,0.0005280899931676686,-0.0005280899931676686,0.0015298087382689118,-0.0015298087382689118,0.0007720247376710176,-0.0007720247376710176],[-0.0022301184944808483,0.0022301184944808483,-0.003397842636331916,0.0033978417050093412,0.00020915857749059796,-0.00020915857749059796,-0.0023247140925377607,0.0023247140925377607,0.0007756938575766981,-0.0007756933337077498,0.0005116452812217176,-0.0005116453394293785,-0.01058636698871851,0.011586367152631283,-0.0034036694560199976,0.003403669223189354,-0.00560001190751791,0.00560001190751791,-0.001714217709377408,0.001714217709377408,4.797024303115904e-05,-4.7970330342650414e-05,-0.0026166755706071854,0.0026166755706071854,0.0013680636184290051,-0.0013680636184290051,0.0009584231302142143,-0.0009584231302142143,-0.001576012815348804,0.0015760129317641258,-0.0025552776642143726,0.002555277431383729,-0.0009010630310513079,0.0009010630310513079,-0.00042110407957807183,0.0004211041668895632,0.00018875751993618906,-0.00018875734531320632,-0.000713186280336231,0.000713186280336231,-0.0019142715027555823,0.0019142715027555823,-0.0007481506327167153,0.0007481506327167153,-0.002618128666654229,0.002618128666654229,-0.0006064072949811816,0.0006064072949811816,-0.00037568743573501706,0.00037568743573501706,-0.0005280899931676686,0.0005280899931676686,-0.0015298087382689118,0.0015298087382689118,-0.0007720247376710176,0.0007720247376710176],[-0.0026313229463994503,0.0026313229463994503,0.001097129425033927,-0.0010971295414492488,0.00017915409989655018,-0.00017915409989655018,0.001809787703678012,-0.0018097872380167246,0.0026711388491094112,-0.0026711388491094112,0.0014251340180635452,-0.0014251336688175797,0.0034036694560199976,-0.0034036694560199976,0.013308705762028694,-0.01230870746076107,0.0034757046960294247,-0.0034757046960294247,-0.0010067508555948734,0.0010067508555948734,0.002783713396638632,-0.002783713396638632,0.002190483035519719,-0.0021904832683503628,-0.0001595487119629979,0.00015954850823618472,-0.0009123563067987561,0.0009123563067987561,0.001504196086898446,-0.0015041959704831243,0.00245956564322114,-0.00245956564322114,0.0008979860576801002,-0.0008979860576801002,0.0006379845435731113,-0.000637984718196094,0.0012087810318917036,-0.0012087811483070254,0.0005355811445042491,-0.0005355811445042491,0.0012427965411916375,-0.0012427965411916375,1.3265031157061458e-05,-1.3264943845570087e-05,0.0009564234060235322,-0.0009564234060235322,0.0004976332420483232,-0.0004976332420483232,0.0003978567838203162,-0.00039785681292414665,0.0005057635135017335,-0.0005057635135017335,0.00010397266305517405,-0.00010397267760708928,-0.001037431531585753,0.0010374316480010748],[0.0026313234120607376,-0.0026313234120607376,-0.0010971293086186051,0.0010971288429573178,-0.00017915398348122835,0.00017915398348122835,-0.0018097874708473682,0.0018097871216014028,-0.0026711386162787676,0.0026711388491094112,-0.0014251337852329016,0.0014251333195716143,-0.003403669223189354,0.003403669223189354,-0.01230870746076107,0.013308706693351269,-0.0034757046960294247,0.0034757046960294247,0.0010067513212561607,-0.0010067513212561607,-0.002783713396638632,0.002783713396638632,-0.002190482337027788,0.0021904828026890755,0.00015954856644384563,-0.00015954862465150654,0.0009123561321757734,-0.0009123562485910952,-0.001504196086898446,0.0015041959704831243,-0.0024595654103904963,0.0024595654103904963,-0.0008979861158877611,0.0008979861158877611,-0.0006379844853654504,0.0006379843689501286,-0.0012087811483070254,0.0012087811483070254,-0.00053558120271191,0.00053558120271191,-0.0012427964247763157,0.0012427964247763157,-1.32651039166376e-05,1.3265031157061458e-05,-0.0009564232314005494,0.0009564232314005494,-0.0004976331838406622,0.0004976332420483232,-0.000397856580093503,0.00039785660919733346,-0.0005057633970864117,0.0005057633970864117,-0.00010397266305517405,0.00010397270671091974,0.0010374316480010748,-0.0010374316480010748],[0.00420053256675601,-0.00420053256675601,0.010204067453742027,-0.010204068385064602,-0.003088930621743202,0.003088930621743202,0.003290977096185088,-0.0032909768633544445,0.006387796252965927,-0.006387796718627214,0.0002515451342333108,-0.00025154431932605803,0.00560001190751791,-0.00560001190751791,0.0034757046960294247,-0.0034757046960294247,0.015225350856781006,-0.014225352555513382,-0.0014335333835333586,0.0014335333835333586,0.000727023754734546,-0.0007270239875651896,0.0032203090377151966,-0.0032203092705458403,0.0015646922402083874,-0.0015646923566237092,0.002568831667304039,-0.0025688312016427517,0.00037087639793753624,-0.0003708763397298753,0.0013706451281905174,-0.0013706451281905174,0.000105739374703262,-0.000105739374703262,-0.00045655539724975824,0.0004565552808344364,9.749161108629778e-05,-9.74916183622554e-05,0.00014322431525215507,-0.0001432242861483246,-0.00021440634736791253,0.00021440634736791253,0.0002639652229845524,-0.0002639651938807219,0.0013072560541331768,-0.0013072560541331768,0.00010967832349706441,-0.00010967829439323395,-0.00013656588271260262,0.00013656585360877216,0.0006920458981767297,-0.0006920458981767297,0.0012276924680918455,-0.0012276924680918455,0.0009467060444876552,-0.0009467060444876552],[-0.00420053256675601,0.00420053256675601,-0.010204067453742027,0.010204067453742027,0.003088930156081915,-0.003088930156081915,-0.003290977096185088,0.003290976630523801,-0.0063877953216433525,0.006387796718627214,-0.00025154525064863265,0.0002515443484298885,-0.00560001190751791,0.00560001190751791,-0.0034757046960294247,0.0034757046960294247,-0.014225352555513382,0.015225350856781006,0.0014335333835333586,-0.0014335333835333586,-0.000727023754734546,0.0007270239875651896,-0.0032203090377151966,0.0032203092705458403,-0.0015646922402083874,0.0015646923566237092,-0.002568831667304039,0.0025688312016427517,-0.00037087639793753624,0.0003708763397298753,-0.0013706451281905174,0.0013706451281905174,-0.000105739374703262,0.000105739374703262,0.00045655539724975824,-0.0004565552808344364,-9.749161108629778e-05,9.74916183622554e-05,-0.00014322431525215507,0.0001432242861483246,0.00021440634736791253,-0.00021440634736791253,-0.0002639652229845524,0.0002639651938807219,-0.0013072560541331768,0.0013072560541331768,-0.00010967832349706441,0.00010967829439323395,0.00013656588271260262,-0.00013656585360877216,-0.0006920458981767297,0.0006920458981767297,-0.0012276924680918455,0.0012276924680918455,-0.0009467060444876552,0.0009467060444876552],[0.005756576545536518,-0.005756576545536518,-0.0005310288979671896,0.0005310285487212241,0.0035253555979579687,-0.0035253555979579687,-3.476435085758567e-05,3.476470010355115e-05,-0.00021706661209464073,0.000217066437471658,0.00119779200758785,-0.001197792124003172,0.001714217709377408,-0.001714217709377408,-0.0010067508555948734,0.0010067513212561607,-0.0014335333835333586,0.0014335333835333586,0.011004996486008167,-0.010004996322095394,0.0008202530443668365,-0.0008202531025744975,0.002167950849980116,-0.002167950849980116,-0.00033796345815062523,0.00033796357456594706,-0.0005813451716676354,0.0005813450552523136,0.0009668122511357069,-0.0009668121347203851,0.0013301221188157797,-0.0013301222352311015,0.0001654578372836113,-0.0001654578954912722,-5.7374301832169294e-05,5.7374214520677924e-05,0.0007474141311831772,-0.0007474142475984991,0.00023455949849449098,-0.00023455949849449098,0.0005970202619209886,-0.0005970203783363104,0.00017823756206780672,-0.00017823757661972195,3.6770561564480886e-05,-3.677056520245969e-05,0.00030972130480222404,-0.0003097212465945631,0.00014169758651405573,-0.00014169758651405573,0.0002382847451372072,-0.00023828475968912244,0.0003336109220981598,-0.00033361095120199025,0.00033327212440781295,-0.00033327212440781295],[-0.005756576079875231,0.005756576079875231,0.0005310284905135632,-0.0005310287815518677,-0.0035253555979579687,0.0035253555979579687,3.476414713077247e-05,-3.476475831121206e-05,0.000217066437471658,-0.00021706637926399708,-0.001197792124003172,0.001197792124003172,-0.001714217709377408,0.001714217709377408,0.0010067508555948734,-0.0010067513212561607,0.0014335333835333586,-0.0014335333835333586,-0.010004996322095394,0.011004993692040443,-0.0008202530443668365,0.0008202531025744975,-0.002167950849980116,0.002167950849980116,0.00033796345815062523,-0.00033796357456594706,0.0005813451716676354,-0.0005813450552523136,-0.0009668122511357069,0.0009668121347203851,-0.0013301221188157797,0.0013301222352311015,-0.0001654578372836113,0.0001654578954912722,5.7374301832169294e-05,-5.7374214520677924e-05,-0.0007474141311831772,0.0007474142475984991,-0.00023455949849449098,0.00023455949849449098,-0.0005970202619209886,0.0005970203783363104,-0.00017823756206780672,0.00017823757661972195,-3.6770561564480886e-05,3.677056520245969e-05,-0.00030972130480222404,0.0003097212465945631,-0.00014169758651405573,0.00014169758651405573,-0.0002382847451372072,0.00023828475968912244,-0.0003336109220981598,0.00033361095120199025,-0.00033327212440781295,0.00033327212440781295],[0.00020256885909475386,-0.00020256885909475386,-0.0016004543285816908,0.0016004543285816908,-0.0006722979596816003,0.0006722979596816003,0.00021100256708450615,-0.000211003003641963,0.001143330242484808,-0.0011433303589001298,0.00222097453661263,-0.0022209743037819862,-4.797024303115904e-05,4.797024303115904e-05,0.002783713396638632,-0.002783713396638632,0.000727023754734546,-0.000727023754734546,0.0008202530443668365,-0.0008202530443668365,0.005170760676264763,-0.004170760978013277,0.0016042510978877544,-0.0016042510978877544,0.0001733703538775444,-0.0001733702956698835,-0.00036214152351021767,0.0003621415817178786,0.0007873460417613387,-0.0007873459835536778,0.00058122503105551,-0.00058122503105551,0.0004251035279594362,-0.0004251035279594362,0.0007879409240558743,-0.0007879409822635353,-6.194734305609018e-05,6.194734305609018e-05,0.0004243244475219399,-0.0004243244475219399,0.0005569045897573233,-0.0005569045315496624,-0.0006709448643960059,0.0006709448643960059,7.59020185796544e-05,-7.590203313156962e-05,0.00037340432754717767,-0.0003734043857548386,0.0005832959432154894,-0.0005832959432154894,-1.455149322282523e-05,1.455149322282523e-05,-2.207408397225663e-05,2.2074076696299016e-05,0.00046825228491798043,-0.00046825228491798043],[-0.00020256880088709295,0.00020256880088709295,0.0016004540957510471,-0.0016004543285816908,0.0006722974358126521,-0.0006722974358126521,-0.00021100256708450615,0.00021100288722664118,-0.0011433305917307734,0.0011433304753154516,-0.00222097453661263,0.0022209747694432735,4.7970330342650414e-05,-4.7970330342650414e-05,-0.002783713396638632,0.002783713396638632,-0.0007270239875651896,0.0007270239875651896,-0.0008202531025744975,0.0008202531025744975,-0.004170760978013277,0.0051707616075873375,-0.001604251330718398,0.001604251330718398,-0.00017337061581201851,0.0001733704993966967,0.00036214181454852223,-0.00036214187275618315,-0.0007873461581766605,0.0007873459835536778,-0.0005812253220938146,0.0005812252056784928,-0.0004251035861670971,0.0004251035861670971,-0.0007879409240558743,0.0007879409240558743,6.194713932927698e-05,-6.194713932927698e-05,-0.0004243244475219399,0.0004243244475219399,-0.0005569045897573233,0.0005569045897573233,0.0006709449226036668,-0.0006709449226036668,-7.590198947582394e-05,7.590200402773917e-05,-0.0003734043857548386,0.0003734043857548386,-0.0005832960596308112,0.0005832960596308112,1.4551464118994772e-05,-1.4551464118994772e-05,2.207390934927389e-05,-2.207390934927389e-05,-0.00046825248864479363,0.00046825254685245454],[0.004046734422445297,-0.004046734422445297,0.004468091763556004,-0.004468090832233429,0.0008159056305885315,-0.0008159056305885315,-1.1029609595425427e-05,1.1029376764781773e-05,-0.0013923654332756996,0.0013923653168603778,0.0013211311306804419,-0.0013211306650191545,0.0026166755706071854,-0.0026166755706071854,0.002190483035519719,-0.002190482337027788,0.0032203090377151966,-0.0032203090377151966,0.002167950849980116,-0.002167950849980116,0.0016042510978877544,-0.001604251330718398,0.009990516118705273,-0.008990516886115074,0.0010722143342718482,-0.00107221445068717,0.00018050489597953856,-0.00018050498329102993,0.0016956771723926067,-0.001695676939561963,0.0015976822469383478,-0.0015976823633536696,0.00041791846160776913,-0.0004179184325039387,0.0003169613773934543,-0.00031696134828962386,-0.00038000126369297504,0.0003800012345891446,0.0004961848026141524,-0.0004961848026141524,-0.00016040730406530201,0.00016040730406530201,-0.00041819800389930606,0.00041819800389930606,-3.101202310062945e-06,3.101173206232488e-06,0.0003420326975174248,-0.0003420326975174248,0.0001655037485761568,-0.0001655037485761568,-0.0002994169481098652,0.0002994169481098652,0.001058679772540927,-0.001058679772540927,2.066034357994795e-05,-2.066034357994795e-05],[-0.004046733491122723,0.004046733491122723,-0.004468091297894716,0.004468091763556004,-0.0008159056305885315,0.0008159056305885315,1.1029565939679742e-05,-1.1029362212866545e-05,0.0013923654332756996,-0.0013923653168603778,-0.0013211308978497982,0.001321130432188511,-0.0026166755706071854,0.0026166755706071854,-0.0021904832683503628,0.0021904828026890755,-0.0032203092705458403,0.0032203092705458403,-0.002167950849980116,0.002167950849980116,-0.0016042510978877544,0.001604251330718398,-0.008990516886115074,0.009990517050027847,-0.0010722139850258827,0.0010722139850258827,-0.00018050502694677562,0.0001805050706025213,-0.001695676939561963,0.001695676939561963,-0.0015976827125996351,0.0015976827125996351,-0.0004179184907115996,0.0004179184907115996,-0.00031696120277047157,0.00031696120277047157,0.0003800012345891446,-0.0003800011472776532,-0.0004961846861988306,0.0004961846279911697,0.00016040727496147156,-0.00016040728951338679,0.0004181981203146279,-0.0004181981203146279,3.1011149985715747e-06,-3.101129550486803e-06,-0.00034203275572508574,0.00034203275572508574,-0.00016550363216083497,0.00016550366126466542,0.00029941691900603473,-0.0002994168607983738,-0.001058679772540927,0.001058679772540927,-2.0660168956965208e-05,2.0660285372287035e-05],[0.0010628689778968692,-0.0010628689778968692,0.002433264162391424,-0.0024332639295607805,-0.0012805273290723562,0.0012805273290723562,0.002445703372359276,-0.002445703139528632,0.0036321082152426243,-0.0036321082152426243,-0.00052947539370507,0.0005294752190820873,-0.0013680636184290051,0.0013680636184290051,-0.0001595487119629979,0.00015954856644384563,0.0015646922402083874,-0.0015646922402083874,-0.00033796345815062523,0.00033796345815062523,0.0001733703538775444,-0.00017337061581201851,0.0010722143342718482,-0.0010722139850258827,0.008073893375694752,-0.007073894143104553,-0.0001820173638407141,0.00018201718921773136,-0.00021085744083393365,0.00021085742628201842,-0.00039220412145368755,0.00039220412145368755,-0.0001355152198811993,0.0001355152198811993,-0.00022018409799784422,0.00022018406889401376,-0.0003691072342917323,0.00036910726339556277,-0.00022669840836897492,0.00022669846657663584,-0.0006019239081069827,0.0006019239081069827,-7.5385360105428845e-06,7.5385360105428845e-06,-0.0007985428674146533,0.0007985429256223142,-0.00013876256707590073,0.00013876253797207028,-0.00019539898494258523,0.00019539905770216137,-0.0005315243033692241,0.000531524361576885,-0.000705413636751473,0.0007054137531667948,-0.00025064824149012566,0.00025064829969778657],[-0.0010628686286509037,0.0010628686286509037,-0.002433263696730137,0.0024332634638994932,0.0012805276783183217,-0.0012805276783183217,-0.0024457029066979885,0.0024457029066979885,-0.0036321082152426243,0.0036321082152426243,0.0005294754519127309,-0.0005294752772897482,0.0013680636184290051,-0.0013680636184290051,0.00015954850823618472,-0.00015954862465150654,-0.0015646923566237092,0.0015646923566237092,0.00033796357456594706,-0.00033796357456594706,-0.0001733702956698835,0.0001733704993966967,-0.00107221445068717,0.0010722139850258827,-0.007073894143104553,0.008073892444372177,0.0001820172619773075,-0.00018201717466581613,0.00021085763000883162,-0.00021085749904159456,0.0003922038013115525,-0.0003922038013115525,0.00013551529264077544,-0.00013551535084843636,0.00022018395247869194,-0.00022018395247869194,0.0003691073216032237,-0.00036910735070705414,0.00022669852478429675,-0.00022669852478429675,0.0006019238498993218,-0.0006019238498993218,7.53835411160253e-06,-7.5383395596873015e-06,0.0007985426345840096,-0.0007985426345840096,0.00013876272714696825,-0.0001387626980431378,0.00019539915956556797,-0.00019539905770216137,0.0005315243033692241,-0.0005315243033692241,0.000705413578543812,-0.0007054135203361511,0.00025064809597097337,-0.00025064812507480383],[-0.002998058218508959,0.002998058218508959,0.003975792787969112,-0.003975793719291687,0.0007427548407576978,-0.0007427548407576978,-0.0004833404382225126,0.0004833402344956994,0.001401012996211648,-0.0014010134618729353,-0.0005010392051190138,0.0005010393797419965,-0.0009584231302142143,0.0009584231302142143,-0.0009123563067987561,0.0009123561321757734,0.002568831667304039,-0.002568831667304039,-0.0005813451716676354,0.0005813451716676354,-0.00036214152351021767,0.00036214181454852223,0.00018050489597953856,-0.00018050502694677562,-0.0001820173638407141,0.0001820172619773075,0.008825499564409256,-0.007825501263141632,-0.00013947690604254603,0.00013947667321190238,2.7083424356533214e-05,-2.7083387976745144e-05,-0.0001397751912008971,0.00013977501657791436,0.00025059370091184974,-0.00025059361360035837,0.0018392708152532578,-0.0018392708152532578,-1.2112766853533685e-05,1.2112825061194599e-05,0.0008520716801285744,-0.0008520716219209135,0.0003725807764567435,-0.00037258071824908257,0.00012220570351928473,-0.00012220570351928473,-0.00017839481006376445,0.00017839476640801877,0.0001706029288470745,-0.00017060289974324405,0.0007252603536471725,-0.0007252603536471725,-0.0004042857326567173,0.0004042857326567173,0.0007856893935240805,-0.0007856893935240805],[0.002998057985678315,-0.002998057985678315,-0.003975792787969112,0.003975793719291687,-0.0007427549571730196,0.0007427549571730196,0.0004833407874684781,-0.00048334026359952986,-0.0014010128797963262,0.0014010132290422916,0.0005010392633266747,-0.0005010391469113529,0.0009584231302142143,-0.0009584231302142143,0.0009123563067987561,-0.0009123562485910952,-0.0025688312016427517,0.0025688312016427517,0.0005813450552523136,-0.0005813450552523136,0.0003621415817178786,-0.00036214187275618315,-0.00018050498329102993,0.0001805050706025213,0.00018201718921773136,-0.00018201717466581613,-0.007825501263141632,0.008825499564409256,0.00013947690604254603,-0.00013947667321190238,-2.7083424356533214e-05,2.7083387976745144e-05,0.0001397751912008971,-0.00013977501657791436,-0.00025059370091184974,0.00025059361360035837,-0.0018392708152532578,0.0018392708152532578,1.2112766853533685e-05,-1.2112825061194599e-05,-0.0008520716801285744,0.0008520716219209135,-0.0003725807764567435,0.00037258071824908257,-0.00012220570351928473,0.00012220570351928473,0.00017839481006376445,-0.00017839476640801877,-0.0001706029288470745,0.00017060289974324405,-0.0007252603536471725,0.0007252603536471725,0.0004042857326567173,-0.0004042857326567173,-0.0007856893935240805,0.0007856893935240805],[0.001614203560166061,-0.001614203560166061,0.0024602061603218317,-0.0024602063931524754,-0.00020598582341335714,0.00020598582341335714,-0.0005429534940049052,0.0005429532029666007,4.806576907867566e-05,-4.80656890431419e-05,0.0013246489688754082,-0.0013246488524600863,0.001576012815348804,-0.001576012815348804,0.001504196086898446,-0.001504196086898446,0.00037087639793753624,-0.00037087639793753624,0.0009668122511357069,-0.0009668122511357069,0.0007873460417613387,-0.0007873461581766605,0.0016956771723926067,-0.001695676939561963,-0.00021085744083393365,0.00021085763000883162,-0.00013947690604254603,0.00013947690604254603,0.002908946480602026,-0.0019089463166892529,0.0015721512027084827,-0.0015721512027084827,0.00105043756775558,-0.00105043756775558,0.0007932201260700822,-0.000793220242485404,-0.0016439406899735332,0.0016439406899735332,0.0008571625221520662,-0.0008571625221520662,0.0006368171889334917,-0.0006368171889334917,-0.0009100333554670215,0.0009100333554670215,0.0006941950996406376,-0.0006941950996406376,0.000750516599509865,-0.000750516599509865,0.0005218791775405407,-0.0005218791193328798,-0.00106819870416075,0.00106819870416075,0.00016874409629963338,-0.00016874412540346384,-0.0011507816379889846,0.0011507816379889846],[-0.001614203560166061,0.001614203560166061,-0.0024602061603218317,0.002460206625983119,0.00020598586706910282,-0.00020598586706910282,0.0005429533775895834,-0.0005429530865512788,-4.806581273442134e-05,4.80658418382518e-05,-0.0013246487360447645,0.0013246488524600863,-0.0015760129317641258,0.0015760129317641258,-0.0015041959704831243,0.0015041959704831243,-0.0003708763397298753,0.0003708763397298753,-0.0009668121347203851,0.0009668121347203851,-0.0007873459835536778,0.0007873459835536778,-0.001695676939561963,0.001695676939561963,0.00021085742628201842,-0.00021085749904159456,0.00013947667321190238,-0.00013947667321190238,-0.0019089463166892529,0.0029089460149407387,-0.0015721508534625173,0.0015721508534625173,-0.0010504376841709018,0.0010504376841709018,-0.000793220242485404,0.000793220242485404,0.0016439405735582113,-0.0016439405735582113,-0.0008571624639444053,0.0008571624639444053,-0.0006368171307258308,0.0006368171307258308,0.0009100333554670215,-0.0009100333554670215,-0.0006941949832253158,0.0006941950414329767,-0.000750516657717526,0.000750516657717526,-0.0005218791193328798,0.0005218791775405407,0.001068198587745428,-0.001068198587745428,-0.00016874390712473541,0.00016874390712473541,0.0011507816379889846,-0.0011507816379889846],[1.9314640667289495e-05,-1.9314640667289495e-05,0.0026469652075320482,-0.0026469652075320482,0.0016652971971780062,-0.0016652971971780062,0.00010387587826699018,-0.00010387663496658206,-0.0003931144601665437,0.00039311457658186555,0.0017946446314454079,-0.001794644515030086,0.0025552776642143726,-0.0025552776642143726,0.00245956564322114,-0.0024595654103904963,0.0013706451281905174,-0.0013706451281905174,0.0013301221188157797,-0.0013301221188157797,0.00058122503105551,-0.0005812253220938146,0.0015976822469383478,-0.0015976827125996351,-0.00039220412145368755,0.0003922038013115525,2.7083424356533214e-05,-2.7083424356533214e-05,0.0015721512027084827,-0.0015721508534625173,0.0029411055147647858,-0.0019411054672673345,0.0010141775710508227,-0.0010141775710508227,0.0008328818948939443,-0.0008328818948939443,0.0011099077528342605,-0.0011099077528342605,0.0006346729351207614,-0.0006346729351207614,0.0006952281692065299,-0.0006952281109988689,-0.0015295089688152075,0.0015295092016458511,0.0008098054677248001,-0.0008098055841401219,0.0005642818287014961,-0.0005642818287014961,0.00041836575837805867,-0.00041836570017039776,-0.00013453123392537236,0.0001345313503406942,0.0006259564543142915,-0.0006259564543142915,0.0001975497871171683,-0.00019754981622099876],[-1.9314640667289495e-05,1.9314640667289495e-05,-0.0026469652075320482,0.0026469652075320482,-0.0016652971971780062,0.0016652971971780062,-0.00010387599468231201,0.00010387669317424297,0.00039311451837420464,-0.00039311451837420464,-0.0017946447478607297,0.0017946443986147642,-0.002555277431383729,0.002555277431383729,-0.00245956564322114,0.0024595654103904963,-0.0013706451281905174,0.0013706451281905174,-0.0013301222352311015,0.0013301222352311015,-0.00058122503105551,0.0005812252056784928,-0.0015976823633536696,0.0015976827125996351,0.00039220412145368755,-0.0003922038013115525,-2.7083387976745144e-05,2.7083387976745144e-05,-0.0015721512027084827,0.0015721508534625173,-0.0019411054672673345,0.0029411055147647858,-0.0010141775710508227,0.0010141775710508227,-0.0008328818948939443,0.0008328818948939443,-0.0011099077528342605,0.0011099077528342605,-0.0006346729351207614,0.0006346729351207614,-0.0006952281692065