{"epoch":0,"H":[[-0.0006462880410254002,0.001326737110503018,0.0003195507451891899,-0.002769665326923132,-0.0005655740387737751,0.0033352398313581944,0.0020534731447696686,0.0013731070794165134,-0.003426580224186182,-0.0007420119363814592,0.0007759365835227072,-3.392453072592616e-05,0.0009475069236941636,-0.0004143710539210588,-0.0005331357242539525,0.0015260166255757213,0.00034222350222989917,-0.0018682401860132813,-0.001130402204580605,-0.0009688235586509109,0.002099225763231516,0.0002078049146803096,0.0013542227679863572,-0.0015620277263224125,0.0007826762739568949,-0.001384472823701799,0.000601796549744904,0.0009893251117318869,-0.0001352402614429593,-0.0008540850831195712,-0.0005933409556746483,3.422313602641225e-05,0.000559117877855897,-0.0006493054097518325,4.012549470644444e-05,0.0006091798422858119,-0.00014541820564772934,-0.0015159107279032469,0.0016613289481028914,-0.0008777179755270481,-0.001449370989575982,0.00232708896510303,-0.0005629905499517918,0.0012967957882210612,-0.0007338051218539476,-0.0003888114879373461,-0.0010276547400280833,0.001416466198861599,0.0007679712725803256,0.0016960569191724062,-0.0024640283081680536,-0.0003953600535169244,0.0003942069597542286,1.1530355550348759e-06,-0.00032512308098375797,0.0004262964939698577,-0.00010117352940142155,0.001468269038014114,-0.0004059934872202575,-0.0010622753761708736,-0.000611834810115397,-7.715533138252795e-05,0.0006889901123940945,-0.000669328379444778,0.00032903000828810036,0.00034029834205284715,0.00027928766212426126,0.0005317478789947927,-0.0008110356284305453,-0.000125350576126948,0.0008587460033595562,-0.0007333954563364387,-0.0002642188919708133,0.0003948123485315591,-0.00013059345656074584,-0.00022656508372165263,3.8247402699198574e-05,0.0001883176591945812,-1.140026142820716e-06,-0.0007793076802045107,0.0007804477354511619,0.0009533034171909094,-0.00013321006554178894,-0.0008200932643376291],[0.001326737110503018,0.008793523535132408,-0.009120260365307331,0.0007498415652662516,0.004477179609239101,-0.005227021407335997,-0.0014310155529528856,0.0022767980117350817,-0.0008457822259515524,0.00020598911214619875,0.0004115654155611992,-0.0006175542366690934,0.004695166368037462,0.004805088043212891,-0.009500253945589066,0.000619410362560302,0.0033313725143671036,-0.003950783051550388,-0.0006840181304141879,0.0004162667610216886,0.00026775134028866887,-0.0008598985732533038,-0.0007719983113929629,0.0016318968264386058,0.0023638803977519274,0.0011393798049539328,-0.0035032606683671474,-0.0003518493613228202,0.0016218151431530714,-0.0012699656654149294,0.00046265145647339523,0.001488740323111415,-0.001951392157934606,0.00021212345745880157,0.0007396842702291906,-0.0009518078295513988,0.0020345936063677073,0.0013422741321846843,-0.0033768678549677134,0.0008990901987999678,0.002558948704972863,-0.0034580386709421873,0.0006514077540487051,2.7318426873534918e-05,-0.0006787262391299009,-0.0009279382647946477,9.169447002932429e-05,0.0008362436783500016,-0.0003379087138455361,0.0006438494892790914,-0.0003059407463297248,-0.0014985214220359921,0.002989727770909667,-0.0014912064652889967,-0.0005158961284905672,-0.00040138428448699415,0.0009172804420813918,-0.00020613717788364738,-0.002339219441637397,0.0025453565176576376,0.00012975923891644925,0.0013695098459720612,-0.0014992691576480865,0.001150460448116064,0.0007843413623049855,-0.0019348019268363714,0.0015329946763813496,0.002719511277973652,-0.004252506420016289,0.0007221809355542064,-0.0016980548389256,0.0009758739615790546,-0.0001539319200674072,0.0009238864295184612,-0.0007699545822106302,0.0004379622987471521,0.0002769440761767328,-0.0007149063749238849,-0.0001676959655014798,0.0009666216792538762,-0.0007989258738234639,-0.0011006194399669766,-0.0022188639268279076,0.003319483483210206],[0.0003195507451891899,-0.009120260365307331,0.009800709784030914,0.002019823295995593,-0.003911606501787901,0.0018917829729616642,-0.0006224579992704093,-0.003649905789643526,0.004272363148629665,0.0005360227660275996,-0.0011875027557834983,0.0006514802807942033,-0.005642673932015896,-0.004390718415379524,0.010033391416072845,-0.0021454275120049715,-0.00367359584197402,0.005819023121148348,0.0018144201021641493,0.0005525561282411218,-0.00236697681248188,0.0006520936149172485,-0.0005822255043312907,-6.986771040828899e-05,-0.003146557603031397,0.0002450923784635961,0.002901465632021427,-0.000637476914562285,-0.001486574998125434,0.0021240520291030407,0.0001306895283050835,-0.0015229643322527409,0.0013922748621553183,0.00043718121014535427,-0.0007798108272254467,0.0003426295006647706,-0.0018891762010753155,0.00017363665392622352,0.0017155399546027184,-2.1373634808696806e-05,-0.001109577715396881,0.0011309513356536627,-8.841778617352247e-05,-0.0013241146225482225,0.001412532408721745,0.0013167490251362324,0.0009359600953757763,-0.0022527091205120087,-0.0004300622676964849,-0.0023399076890200377,0.002769969869405031,0.0018938819412142038,-0.0033839349634945393,0.001490053255110979,0.0008410189184360206,-2.4912646040320396e-05,-0.0008161062141880393,-0.001262131379917264,0.0027452120557427406,-0.0014830806758254766,0.00048207564395852387,-0.00129235431086272,0.0008102788124233484,-0.0004811317194253206,-0.0011133708758279681,0.001594502478837967,-0.0018122820183634758,-0.003251259680837393,0.005063542164862156,-0.0005968301557004452,0.0008393081952817738,-0.00024247808323707432,0.00041815079748630524,-0.0013186987489461899,0.0009005479514598846,-0.00021139762247912586,-0.0003151915152557194,0.0005265891086310148,0.0001688366464804858,-0.0001873135333880782,1.8476741388440132e-05,0.00014731654664501548,0.0023520737886428833,-0.0024993903934955597],[-0.002769665326923132,0.0007498415652662516,0.002019823295995593,0.008090700022876263,0.0011377102928236127,-0.00822841189801693,0.00019926493405364454,3.8181315176188946e-05,-0.00023744624922983348,-0.00012509754742495716,-0.001881866599433124,0.00200696405954659,-0.0004944708198308945,-0.002561314031481743,0.0030557848513126373,-0.000561562308575958,-0.0002557050029281527,0.0008172672241926193,0.0013781307497993112,0.00120059703476727,-0.002578727900981903,0.0010408207308501005,-0.0018297753995284438,0.0007889547268860042,-0.00028034450951963663,0.0003597190079744905,-7.937449845485389e-05,-0.00012548966333270073,0.0005907454760745168,-0.00046525587094947696,0.0005962573923170567,-0.0007399001042358577,0.00014364259550347924,0.0016992832534015179,0.00042813317850232124,-0.002127416431903839,0.0005332959117367864,0.0008141956059262156,-0.001347491517663002,0.0010809871600940824,0.0004230643389746547,-0.0015040513826534152,0.0004382830229587853,-0.00030252814758569,-0.00013575500634033233,0.0004056505858898163,-0.0001698104024399072,-0.00023584027076140046,-0.0010752264643087983,-0.0014207724016159773,0.0024959989823400974,0.0003386557218618691,0.0006104219937697053,-0.0009490776574239135,0.0006265647243708372,0.0002085478336084634,-0.0008351125288754702,-0.0015746525023132563,0.0005551775102503598,0.001019474701024592,-8.625708142062649e-05,0.0009117222507484257,-0.0008254651911556721,0.0004744279431179166,-0.00024327052233275026,-0.0002311575080966577,5.308538311510347e-05,-4.3275609641568735e-05,-9.809772564040031e-06,0.00039384246338158846,-0.000544647453352809,0.00015080500452313572,0.0003309624153189361,-0.00035467464476823807,2.3712156689725816e-05,0.00022900596377439797,0.00010171746544074267,-0.00033072344376705587,-4.851802805205807e-05,0.0006585634546354413,-0.0006100454484112561,-0.0005755696911364794,0.0001768334477674216,0.00039873627247288823],[-0.0005655740387737751,0.004477179609239101,-0.003911606501787901,0.0011377102928236127,0.0034801664296537638,-0.0036178785376250744,-0.003161599626764655,-0.002057500183582306,0.00521909911185503,0.0015993660781532526,0.00384851498529315,-0.005447881296277046,0.0032798799220472574,0.003561061341315508,-0.006840941496193409,-0.0008789790445007384,0.00018128810916095972,0.0006976908189244568,-0.0015497353160753846,0.0012324819108471274,0.0003172530559822917,0.0006786178564652801,-0.0008625270565971732,0.0001839094329625368,0.001505071297287941,0.0013549277791753411,-0.0028599994257092476,-0.0010854847496375442,0.00026183290174230933,0.0008236516732722521,-0.00045846152352169156,0.0006499479059129953,-0.00019148632418364286,0.004890527110546827,0.0019431188702583313,-0.006833645049482584,0.001154185039922595,-0.00023750183754600585,-0.0009166833478957415,-3.371827187947929e-05,0.0010320186847820878,-0.0009983006166294217,-0.0018639385234564543,-5.096530367154628e-05,0.00191490410361439,0.000648648536298424,0.0016085258685052395,-0.0022571743465960026,-0.0006512333638966084,-0.00014719701721332967,0.0007984304684214294,0.00034416859853081405,-6.600480992347002e-05,-0.00027816370129585266,0.00013766980555374175,0.0014166245236992836,-0.0015542944893240929,-0.0009324615821242332,0.0010887844255194068,-0.00015632303257007152,0.00022956567408982664,0.001038320129737258,-0.0012678857892751694,-4.719900607597083e-05,0.0008140631834976375,-0.0007668641628697515,0.0006713682669214904,0.0007835720898583531,-0.0014549404149875045,-0.0009986350778490305,-0.0005902440752834082,0.0015888791531324387,0.00016045344818849117,0.0005632343818433583,-0.0007236878736875951,0.0003557060263119638,0.001086804666556418,-0.0014425106346607208,0.00076374935451895,0.0001170272589661181,-0.000880776671692729,0.00042625312926247716,0.00017329055117443204,-0.0005995436804369092],[0.0033352398313581944,-0.005227021407335997,0.0018917829729616642,-0.00822841189801693,-0.0036178785376250744,0.012846293859183788,0.0029623352456837893,0.0020193178206682205,-0.004981652367860079,-0.0014742687344551086,-0.0019666485022753477,0.0034409170038998127,-0.002785408403724432,-0.0009997462620958686,0.003785154316574335,0.0014405414694920182,7.441657362505794e-05,-0.0015149577520787716,0.00017160468269139528,-0.0024330795276910067,0.0022614747285842896,-0.001719441614113748,0.002692300360649824,-0.0009728587465360761,-0.0012247273698449135,-0.0017146479804068804,0.0029393755830824375,0.0012109741801396012,-0.0008525783196091652,-0.0003583960351534188,-0.0001377949956804514,8.995295502245426e-05,4.7841749619692564e-05,-0.006589809898287058,-0.002371251815930009,0.00896106194704771,-0.0016874801367521286,-0.0005766929825767875,0.0022641730029135942,-0.0010472694411873817,-0.0014550809282809496,0.002502350602298975,0.0014256557915359735,0.00035349326208233833,-0.0017791494028642774,-0.001054298714734614,-0.00143871596083045,0.002493014559149742,0.0017264591297134757,0.0015679695643484592,-0.003294428577646613,-0.0006828239420428872,-0.0005444164271466434,0.0012272403109818697,-0.0007642350974492729,-0.001625172677449882,0.002389407716691494,0.002507114550098777,-0.0016439617611467838,-0.0008631522650830448,-0.0001433087745681405,-0.001950042205862701,0.0020933509804308414,-0.0004272283404134214,-0.0005707922391593456,0.0009980204049497843,-0.0007244535954669118,-0.0007402959745377302,0.001464749570004642,0.0006047928472980857,0.0011348915286362171,-0.001739684259518981,-0.0004914157325401902,-0.00020855980983469635,0.0006999755860306323,-0.000584712135605514,-0.0011885222047567368,0.0017732343403622508,-0.0007152316393330693,-0.000775590306147933,0.0014908219454810023,0.00014931632904335856,-0.00035012420266866684,0.00020080790272913873],[0.0020534731447696686,-0.0014310155529528856,-0.0006224579992704093,0.00019926493405364454,-0.003161599626764655,0.0029623352456837893,0.013946612365543842,-0.008825979195535183,-0.004120633937418461,-0.00029432683368213475,-0.003174316603690386,0.0034686436410993338,-0.0024744924157857895,-0.004919040482491255,0.007393532898277044,0.002459752606227994,0.0003394080849830061,-0.002799160312861204,-0.0008291398407891393,-0.0015916655538603663,0.002420805161818862,6.37808843748644e-05,-0.001037344103679061,0.0009735632920637727,0.0006278258515521884,0.0006411227514036,-0.001268948893994093,0.002150474116206169,-6.65834522806108e-06,-0.0021438163239508867,0.0002633307594805956,-0.001023742719553411,0.0007604119600728154,-0.0004916506004519761,-0.001273738918825984,0.0017653894610702991,-0.0016584258992224932,-0.0022867219522595406,0.00394514761865139,-0.0009024105966091156,-0.001516201300546527,0.002418611664324999,0.0010254582157358527,0.00015642412472516298,-0.0011818824568763375,-0.0007874425500631332,-8.781913493294269e-05,0.0008752617286518216,0.0006132312119007111,6.96193310432136e-05,-0.0006828506011515856,-0.0003027250641025603,-0.0007249737391248345,0.001027698745019734,-0.00028132167062722147,-0.000508276280015707,0.000789597921539098,0.000510459765791893,-0.002058949787169695,0.0015484902542084455,-0.0003724985581357032,1.6487290849909186e-05,0.0003560112963896245,-0.0007631342741660774,-0.0005972479120828211,0.0013603821862488985,0.0004766585770994425,0.0008528935723006725,-0.0013295522658154368,0.0006231418810784817,-0.00033978637657128274,-0.00028335556271485984,-0.0006873978418298066,-0.0010904945665970445,0.001777892466634512,-2.5918561732396483e-05,-0.0003051577659789473,0.0003310763568151742,-0.0005653222324326634,-5.412469181464985e-05,0.0006194468587636948,0.00033002925920300186,0.00048019952373579144,-0.0008102288120426238],[0.0013731070794165134,0.0022767980117350817,-0.003649905789643526,3.8181315176188946e-05,-0.002057500183582306,0.0020193178206682205,-0.008825979195535183,0.01566893421113491,-0.005842958576977253,0.0033625871874392033,-0.0006109952228143811,-0.0027515916153788567,0.0005640981835313141,-0.0006844235467724502,0.00012032546510454267,0.0005141297006048262,0.002954046009108424,-0.003468176117166877,-0.00031964090885594487,-0.000890503404662013,0.0012101441388949752,0.0006939560989849269,5.8477744460105896e-05,-0.0007524338434450328,0.0001936142798513174,-0.0007203670684248209,0.0005267525557428598,0.0007805632194504142,0.0026312428526580334,-0.0034118061885237694,0.0005741997738368809,-0.0005813181633129716,7.118447683751583e-06,-0.0006029314827173948,-0.0016184551641345024,0.002221386879682541,-0.0005963794537819922,-0.0011932601919397712,0.0017896397039294243,0.0006254073232412338,0.00011389959399821237,-0.0007393067935481668,0.0019822462927550077,-0.00012491521192714572,-0.001857331139035523,-0.0014672658871859312,0.0008144514868035913,0.00065281440038234,0.0005775214522145689,-0.00036184911732561886,-0.0002156722912332043,-0.0014438136713579297,0.0016783601604402065,-0.00023454666370525956,-0.00032466009724885225,-0.0008801671210676432,0.0012048272183164954,0.0013083280064165592,-0.0015661821234971285,0.0002578544954303652,-0.00024587896768935025,0.0009289384470321238,-0.0006830593338236213,-0.0010425614891573787,-0.0011666299542412162,0.002209191443398595,0.00018082544556818902,0.0010296925902366638,-0.0012105180649086833,0.0010997132631018758,-5.084396980237216e-05,-0.0010488693369552493,-0.0007859818288125098,9.298612712882459e-05,0.0006929957307875156,0.0009915211703628302,0.0007251396309584379,-0.0017166605684906244,3.5279525036457926e-05,0.001101186964660883,-0.0011364666279405355,-0.0011187144555151463,-0.0010780743323266506,0.002196788787841797],[-0.003426580224186182,-0.0008457822259515524,0.004272363148629665,-0.00023744624922983348,0.00521909911185503,-0.004981652367860079,-0.004120633937418461,-0.005842958576977253,0.010963588953018188,-0.0030682594515383244,0.003785312408581376,-0.0007170536555349827,0.0019103932427242398,0.005603463388979435,-0.007513857446610928,-0.002973881782963872,-0.0032934534829109907,0.006267334334552288,0.0011487819720059633,0.002482169773429632,-0.003630951978266239,-0.0007577348733320832,0.0009788686875253916,-0.00022113375598564744,-0.0008214378030970693,7.92455393821001e-05,0.0007421926129609346,-0.002931036753579974,-0.0026245841290801764,0.005555621348321438,-0.000837530184071511,0.00160506134852767,-0.0007675309898331761,0.0010945836547762156,0.002892195014283061,-0.003986778669059277,0.0022548057604581118,0.0034799808636307716,-0.005734786856919527,0.00027700496139004827,0.0014023002004250884,-0.001679304987192154,-0.0030077057890594006,-3.150815609842539e-05,0.0030392135959118605,0.0022547089029103518,-0.0007266323082149029,-0.001528076478280127,-0.0011907524894922972,0.00029222952434793115,0.0008985227905213833,0.001746538793668151,-0.000953387061599642,-0.0007931515574455261,0.0006059815059415996,0.0013884436339139938,-0.0019944251980632544,-0.0018187881214544177,0.0036251323763281107,-0.0018063441384583712,0.0006183774676173925,-0.0009454257669858634,0.0003270483575761318,0.001805695123039186,0.0017638782737776637,-0.003569573163986206,-0.0006574847502633929,-0.00188258639536798,0.0025400712620466948,-0.0017228556098416448,0.0003906303900294006,0.0013322250451892614,0.0014733801363036036,0.0009975084103643894,-0.0024708884302526712,-0.000965602695941925,-0.0004199814284220338,0.001385584007948637,0.0005300425109453499,-0.0010470618726685643,0.0005170192453078926,0.0007886852836236358,0.0005978750996291637,-0.0013865601504221559],[-0.0007420119363814592,0.00020598911214619875,0.0005360227660275996,-0.00012509754742495716,0.0015993660781532526,-0.0014742687344551086,-0.00029432683368213475,0.0033625871874392033,-0.0030682594515383244,0.004425989463925362,0.0019103391095995903,-0.005336327478289604,-0.001147485338151455,0.00016493223665747792,0.0009825528832152486,0.00026980158872902393,0.001992343459278345,-0.0022621448151767254,0.0010809615487232804,0.0016760462895035744,-0.002757007721811533,-0.00010691626812331378,0.0002641573082655668,-0.00015724118566140532,-0.00014538242248818278,-0.0016294182278215885,0.001774800824932754,0.0010919894557446241,0.0017190639628097415,-0.002811053767800331,0.0009751970646902919,0.001741580432280898,-0.002716777380555868,0.0005276000592857599,0.0007284145103767514,-0.0012560145696625113,0.0003295780043117702,-0.00016776127449702471,-0.00016181677347049117,0.0009367765160277486,-2.916401717811823e-05,-0.0009076123824343085,1.8774851923808455e-05,-0.0003834743401966989,0.00036469954648055136,-0.0006147065432742238,-0.0002593320677988231,0.0008740386692807078,-0.0005224580527283251,0.0002973273803945631,0.00022513071598950773,-0.00016240912373177707,0.0010858947644010186,-0.0009234856115654111,0.00023586885072290897,0.0007030647248029709,-0.000938933517318219,-9.08316724235192e-05,0.0004193038330413401,-0.00032847217516973615,-1.2700817023869604e-05,0.00020452990429475904,-0.00019182907999493182,-0.00042780349031090736,-0.00013244802539702505,0.0005602515302598476,-0.00028774701058864594,5.965518357697874e-05,0.00022809187066741288,3.2537514925934374e-05,-0.00018711277516558766,0.00015457527479156852,-9.7262003691867e-05,0.0006534939748235047,-0.0005562319420278072,0.00033455074299126863,0.0007463224465027452,-0.001080873073078692,0.0008080709376372397,0.000650056463200599,-0.0014581275172531605,0.0003156113380100578,0.0003920066519640386,-0.000707617960870266],[0.0007759365835227072,0.0004115654155611992,-0.0011875027557834983,-0.001881866599433124,0.00384851498529315,-0.0019666485022753477,-0.003174316603690386,-0.0006109952228143811,0.003785312408581376,0.0019103391095995903,0.012913770042359829,-0.013824108056724072,0.0006414040690287948,0.0033294218592345715,-0.003970825579017401,-0.0010906094685196877,-0.0002524244482629001,0.001343033742159605,-0.0007930736755952239,0.002340385690331459,-0.001547312131151557,-0.00033707026159390807,-6.893622048664838e-05,0.0004060063511133194,0.0011642122408375144,0.0012135779252275825,-0.0023777903988957405,-0.0008851424790918827,0.0004928221460431814,0.0003923205949831754,0.0004981920938007534,0.0035130532924085855,-0.0040112449787557125,0.00019269829499535263,0.0005419290391728282,-0.0007346273050643504,0.0012819193070754409,-0.00016608554869890213,-0.0011158337583765388,0.0008973662042990327,0.0010420138714835048,-0.0019393801921978593,-0.0008448624284937978,-0.0010372521355748177,0.0018821146804839373,-0.00040653315954841673,0.0012298086658120155,-0.0008232754189521074,0.00039112745434977114,-8.635880658403039e-05,-0.00030476864776574075,-0.0006284802220761776,-0.00019131455337628722,0.0008197948336601257,-0.0003952383704017848,0.0009401510469615459,-0.0005449128802865744,0.0004832860722672194,-0.000885749701410532,0.0004024637455586344,0.0007008191314525902,-0.0011210993397980928,0.0004202802083455026,-0.0010350507218390703,0.00021490573999471962,0.0008201450109481812,-0.0005916289519518614,2.652427792781964e-05,0.0005651047686114907,-0.0007491856231354177,-0.00015638774493709207,0.0009055734844878316,9.818017133511603e-05,0.0010434100404381752,-0.0011415902990847826,-0.00048177666030824184,0.0004725916951429099,9.18488876777701e-06,0.0008983290754258633,0.0013712067157030106,-0.0022695360239595175,0.0009303666302002966,0.0012713228352367878,-0.0022016894072294235],[-3.392453072592616e-05,-0.0006175542366690934,0.0006514802807942033,0.00200696405954659,-0.005447881296277046,0.0034409170038998127,0.0034686436410993338,-0.0027515916153788567,-0.0007170536555349827,-0.005336327478289604,-0.013824108056724072,0.020160440355539322,0.000506081385537982,-0.0034943539649248123,0.0029882725793868303,0.0008208078215830028,-0.0017399186035618186,0.0009191107819788158,-0.0002878878731280565,-0.004016431048512459,0.004304319154471159,0.0004439865006133914,-0.00019522098591551185,-0.00024876551469787955,-0.0010188303422182798,0.00041583963320590556,0.0006029908545315266,-0.00020684688934125006,-0.00221188529394567,0.0024187322705984116,-0.0014733887510374188,-0.005254633259028196,0.006728022359311581,-0.0007202980923466384,-0.001270343316718936,0.0019906414672732353,-0.0016114974860101938,0.0003338464885018766,0.0012776511721313,-0.001834142953157425,-0.0010128496214747429,0.0028469928074628115,0.0008260875474661589,0.001420726184733212,-0.0022468138486146927,0.00102123967371881,-0.0009704760159365833,-5.076359957456589e-05,0.00013133051106706262,-0.0002109682245645672,7.963771349750459e-05,0.0007908891420811415,-0.0008945799199864268,0.00010369089432060719,0.00015936957788653672,-0.0016432160045951605,0.0014838463393971324,-0.00039245435618795455,0.0004664459847845137,-7.39915922167711e-05,-0.000688118627294898,0.0009165693772956729,-0.00022845077910460532,0.0014628540957346559,-8.245767094194889e-05,-0.0013803965412080288,0.0008793760789558291,-8.617943967692554e-05,-0.0007931968430057168,0.0007166480645537376,0.00034350022906437516,-0.0010601482354104519,-9.177019819617271e-07,-0.0016969037242233753,0.0016978213097900152,0.00014722617925144732,-0.0012189139379188418,0.0010716876713559031,-0.001706399954855442,-0.002021263586357236,0.0037276637740433216,-0.001245977939106524,-0.001663329778239131,0.002909307600930333],[0.0009475069236941636,0.004695166368037462,-0.005642673932015896,-0.0004944708198308945,0.0032798799220472574,-0.002785408403724432,-0.0024744924157857895,0.0005640981835313141,0.0019103932427242398,-0.001147485338151455,0.0006414040690287948,0.000506081385537982,-0.0016903603682294488,0.013532502576708794,-0.010842139832675457,-0.0008446490974165499,-0.0005558734992519021,0.001400522654876113,-6.933262920938432e-05,0.0012828866019845009,-0.001213553943671286,0.0006697576027363539,0.0009054032852873206,-0.0015751607716083527,0.0028082425706088543,1.67434336617589e-07,-0.0028084106743335724,-0.0011376350885257125,-0.00015525253547821194,0.001292887725867331,-0.0003880111325997859,0.001042466494254768,-0.0006544553907588124,0.0014980246778577566,0.0017293295823037624,-0.0032273540273308754,0.004506703931838274,0.0019246083684265614,-0.006431312765926123,0.0008141213329508901,-0.0008057755185291171,-8.345814421772957e-06,-0.0011082394048571587,-1.5818513929843903e-06,0.001109821256250143,0.0007303385064005852,-2.8435548301786184e-05,-0.0007019028998911381,-0.0002667338994797319,8.661430911161005e-05,0.00018011961947195232,0.00010558181384112686,-0.0004189658211544156,0.000313384021865204,-0.0001484172244090587,0.00038104935083538294,-0.0002326320973224938,-0.00012332689948379993,0.000594543234910816,-0.000471216335427016,-0.0003356333472765982,0.0002689404645934701,6.669288268312812e-05,0.0009819960687309504,0.0009172356803901494,-0.0018992319237440825,0.0003853336093015969,-0.0004405528597999364,5.5219199566636235e-05,-0.0009447816992178559,0.0003033763787243515,0.0006414054078049958,0.0005712342681363225,0.0004313901881687343,-0.001002624398097396,-0.00031818950083106756,7.660553092136979e-05,0.00024158396990969777,0.00034151150612160563,0.00017620198195800185,-0.0005177135462872684,0.0002947316679637879,-0.00021036747784819454,-8.436419739155099e-05],[-0.0004143710539210588,0.004805088043212891,-0.004390718415379524,-0.002561314031481743,0.003561061341315508,-0.0009997462620958686,-0.004919040482491255,-0.0006844235467724502,0.005603463388979435,0.00016493223665747792,0.0033294218592345715,-0.0034943539649248123,0.013532502576708794,0.003950902726501226,-0.016483401879668236,-0.0018273914465680718,-0.0007472302531823516,0.002574621932581067,6.516210123663768e-05,0.0017048314912244678,-0.0017699936870485544,-8.489770698361099e-05,0.0009690916049294174,-0.0008841940434649587,0.002504910109564662,0.0014226249186322093,-0.003927536308765411,-0.0016978693893179297,0.00019968525157310069,0.0014981842832639813,3.7433492252603173e-06,0.002448762534186244,-0.0024525057524442673,0.0005892376648262143,0.0016124467365443707,-0.002201684284955263,0.004112229682505131,0.0022300544660538435,-0.006342284847050905,0.0013318785931915045,0.0006182839861139655,-0.0019501624628901482,-0.0005156859988346696,-0.000757079862523824,0.0012727659195661545,0.0005210536764934659,0.0010881684720516205,-0.0016092222649604082,0.00033213201095350087,-0.0003343293210491538,2.1972955437377095e-06,-0.0002532663638703525,-0.0007876264280639589,0.0010408927919343114,-0.0004341071180533618,-0.0005557805998250842,0.0009898876305669546,0.00037357216933742166,-1.2386379239615053e-05,-0.00036118575371801853,0.0001423711219104007,-0.0005904691061004996,0.0004480980569496751,0.0008115943055599928,0.0003419523127377033,-0.0011535466182976961,-0.0002572628145571798,-0.0011495567159727216,0.0014068196760490537,-0.0011681948089972138,0.0003367283788975328,0.0008314664009958506,0.0006364811561070383,0.000606927031185478,-0.0012434080708771944,-0.0005355115863494575,-0.000263556488789618,0.0007990679005160928,0.0005356866749934852,0.0009859309066087008,-0.0015216176398098469,-1.4565383025910705e-05,0.0001969158765859902,-0.00018235048628412187],[-0.0005331357242539525,-0.009500253945589066,0.010033391416072845,0.0030557848513126373,-0.006840941496193409,0.003785154316574335,0.007393532898277044,0.00012032546510454267,-0.007513857446610928,0.0009825528832152486,-0.003970825579017401,0.0029882725793868303,-0.010842139832675457,-0.016483401879668236,0.02832554094493389,0.002672040369361639,0.0013031039852648973,-0.00397514458745718,4.170899046584964e-06,-0.002987717743963003,0.0029835468158125877,-0.0005848592845723033,-0.0018744940171018243,0.002459353068843484,-0.00531315291300416,-0.0014227934880182147,0.006735947914421558,0.002835504710674286,-4.443273428478278e-05,-0.0027910724747925997,0.0003842680889647454,-0.00349122891202569,0.0031069607939571142,-0.002087261062115431,-0.003341775154694915,0.005429035518318415,-0.008618930354714394,-0.004154661204665899,0.01277359388768673,-0.002145998412743211,0.00018749164883047342,0.001958506880328059,0.0016239252872765064,0.0007586611318401992,-0.002382586942985654,-0.001251392182894051,-0.0010597332147881389,0.00231112539768219,-6.539808236993849e-05,0.00024771527387201786,-0.0001823171623982489,0.0001476846227888018,0.0012065928895026445,-0.0013542774831876159,0.0005825243424624205,0.0001747309579513967,-0.0007572553586214781,-0.0002502455608919263,-0.0005821565864607692,0.0008324020891450346,0.0001932620070874691,0.000321528990752995,-0.0005147909978404641,-0.001793589792214334,-0.0012591877020895481,0.0030527778435498476,-0.00012807079474441707,0.0015901097794994712,-0.0014620389556512237,0.0021129765082150698,-0.0006401050486601889,-0.0014728716341778636,-0.0012077151332050562,-0.0010383173357695341,0.0022460324689745903,0.0008537009125575423,0.00018695101607590914,-0.0010406520450487733,-0.0008771984139457345,-0.0011621327139437199,0.002039331244304776,-0.000280166685115546,1.3451615814119577e-05,0.0002667150693014264],[0.0015260166255757213,0.000619410362560302,-0.0021454275120049715,-0.000561562308575958,-0.0008789790445007384,0.0014405414694920182,0.002459752606227994,0.0005141297006048262,-0.002973881782963872,0.00026980158872902393,-0.0010906094685196877,0.0008208078215830028,-0.0008446490974165499,-0.0018273914465680718,0.002672040369361639,0.007324690464884043,-0.001917325658723712,-0.004407364875078201,-0.0003116149455308914,-0.001519426703453064,0.0018310416489839554,0.00025762023869901896,-0.00024662507348693907,-1.0995252523571253e-05,0.0016978186322376132,-0.00045593222603201866,-0.0012418868718668818,0.0014132052892819047,0.00033677287865430117,-0.0017499782843515277,0.0004583716799970716,-0.0009399359114468098,0.00048156408593058586,-0.00032542779808864,-0.0009400788694620132,0.0012655066093429923,-0.0003428414056543261,-0.00188716989941895,0.0022300109267234802,0.0006436637486331165,-0.0011193398386240005,0.00047567608999088407,-0.00015283527318388224,0.0007828816305845976,-0.0006300463574007154,0.0006712647737003863,0.00038435179158113897,-0.0010556165361776948,-0.000130348329548724,8.266993245342746e-05,4.7678404371254146e-05,0.0002093172661261633,6.801789277233183e-05,-0.00027733511524274945,-3.266724161221646e-05,-4.572822217596695e-05,7.83954601502046e-05,0.00019333491218276322,-0.00021490722429007292,2.1572326659224927e-05,-0.0003400159766897559,1.747076748870313e-05,0.00032254518009722233,-0.0003965170471929014,-0.0006162329227663577,0.001012749969959259,0.00012029409845126793,0.0001515660114819184,-0.0002718601026572287,0.00020646012853831053,0.0003045971388928592,-0.0005110572092235088,-0.0002686564694158733,-8.17137333797291e-06,0.0002768278354778886,-4.9053960538003594e-05,-0.000525338517036289,0.0005743924994021654,-0.0002280395565321669,-0.0001416757731931284,0.00036971535882912576,0.00023761598276905715,0.0007053334848023951,-0.0009429494966752827],[0.00034222350222989917,0.0033313725143671036,-0.00367359584197402,-0.0002557050029281527,0.00018128810916095972,7.441657362505794e-05,0.0003394080849830061,0.002954046009108424,-0.0032934534829109907,0.001992343459278345,-0.0002524244482629001,-0.0017399186035618186,-0.0005558734992519021,-0.0007472302531823516,0.0013031039852648973,-0.001917325658723712,0.006376146804541349,-0.0034588202834129333,0.0006242948584258556,-0.00034418358700349927,-0.0002801114460453391,0.0005274072755128145,0.0008967211470007896,-0.0014241283060982823,0.000498269684612751,-0.00029855489265173674,-0.00019971485016867518,0.0009254884207621217,0.0025693236384540796,-0.0034948119428008795,0.0009145942749455571,-0.00018436397658661008,-0.000730230356566608,3.086446668021381e-06,-0.0005246851360425353,0.0005215986166149378,0.0010134992189705372,-0.00028234231285750866,-0.0007311569643206894,0.0021079510916024446,-0.00012734922347590327,-0.0019806018099188805,0.00039790585287846625,-0.0009616924216970801,0.0005637865397147834,0.00017545174341648817,0.00026555382646620274,-0.00044100559898652136,-0.00013806081551592797,0.00016222830163314939,-2.4167500669136643e-05,-0.00014235924754757434,0.0009589159162715077,-0.0008165567414835095,-0.00017230260709766299,-0.0004057016340084374,0.0005780041683465242,0.00035924743860960007,-0.0005223388434387743,0.00016309140482917428,-0.00012628316471818835,-0.0006845226162113249,0.000810805824585259,-0.0005165026523172855,-0.0010363325709477067,0.0015528352232649922,-4.793792322743684e-05,0.0008470264729112387,-0.0007990885060280561,0.0010054517770186067,-0.0008531066123396158,-0.00015234516467899084,-0.0005793013260699809,-0.0007648001192137599,0.0013441013870760798,0.0006264244439080358,0.0002670298854354769,-0.0008934543002396822,-7.555665797553957e-05,0.0001512365706730634,-7.567994180135429e-05,-0.0010225942824035883,-0.00021219115296844393,0.001234785420820117],[-0.0018682401860132813,-0.003950783051550388,0.005819023121148348,0.0008172672241926193,0.0006976908189244568,-0.0015149577520787716,-0.002799160312861204,-0.003468176117166877,0.006267334334552288,-0.0022621448151767254,0.001343033742159605,0.0009191107819788158,0.001400522654876113,0.002574621932581067,-0.00397514458745718,-0.004407364875078201,-0.0034588202834129333,0.008866188116371632,-0.0003126796509604901,0.0018636105814948678,-0.0015509309014305472,-0.000785028503742069,-0.0006500966846942902,0.0014351254794746637,-0.0021960914600640535,0.0007544861873611808,0.0014416056219488382,-0.0023386944085359573,-0.0029060959350317717,0.005244790576398373,-0.0013729652855545282,0.00112430052831769,0.00024866481544449925,0.0003223406965844333,0.0014647634234279394,-0.00178710394538939,-0.0006706576677970588,0.0021695143077522516,-0.0014988568145781755,-0.0027516151312738657,0.0012466907501220703,0.0015049242647364736,-0.0002450697647873312,0.00017881100939121097,6.625881360378116e-05,-0.0008467159932479262,-0.0006499051814898849,0.0014966214075684547,0.0002684090577531606,-0.00024489741190336645,-2.351164584979415e-05,-6.695836054859683e-05,-0.0010269327322021127,0.0010938911000266671,0.0002049701288342476,0.0004514297761488706,-0.0006563998176716268,-0.000552582903765142,0.0007372476393356919,-0.0001846648519858718,0.0004662994761019945,0.0006670529255643487,-0.0011333522852510214,0.0009130194084718823,0.0016525647370144725,-0.002565584145486355,-7.23562843631953e-05,-0.0009985918877646327,0.0010709482012316585,-0.0012119112070649862,0.0005485094152390957,0.0006634019082412124,0.0008479576208628714,0.0007729715434834361,-0.0016209293389692903,-0.0005773703451268375,0.0002583086316008121,0.00031906156800687313,0.00030359599622897804,-9.560550097376108e-06,-0.00029403550433926284,0.0007849788526073098,-0.0004931414732709527,-0.0002918372629210353],[-0.001130402204580605,-0.0006840181304141879,0.0018144201021641493,0.0013781307497993112,-0.0015497353160753846,0.00017160468269139528,-0.0008291398407891393,-0.00031964090885594487,0.0011487819720059633,0.0010809615487232804,-0.0007930736755952239,-0.0002878878731280565,-6.933262920938432e-05,6.516210123663768e-05,4.170899046584964e-06,-0.0003116149455308914,0.0006242948584258556,-0.0003126796509604901,0.002870820928364992,0.004668678157031536,-0.006539498455822468,-5.453862831927836e-05,-0.000794054358266294,0.0008485929574817419,0.00041471736039966345,-0.0008511758642271161,0.0004364583292044699,-0.00017989215848501772,0.00022168933355715126,-4.179717507213354e-05,0.0014358364278450608,0.0006292522884905338,-0.0020650888327509165,-7.473290315829217e-05,-0.0004434168222360313,0.0005181496380828321,0.0003115475701633841,-0.00036130170337855816,4.9754162319004536e-05,0.0021697496995329857,-0.0013708348851650953,-0.0007989148725755513,0.0004876736202277243,-0.0006136015290394425,0.00012592783605214208,-0.0006129052489995956,0.0006039764848537743,8.92888056114316e-06,-0.00028140255017206073,-0.0002514792431611568,0.000532881822437048,9.817720274440944e-05,0.0004981325473636389,-0.0005963097792118788,0.00018448966147843748,0.00032878140336833894,-0.0005132710793986917,5.8615783927962184e-05,7.876040763221681e-05,-0.00013737616245634854,-0.00017122772987931967,-0.000657489406876266,0.0008287171949632466,1.0796415153890848e-05,8.822476956993341e-05,-9.902118472382426e-05,0.0008342920918948948,0.0007885879022069275,-0.0016228799941018224,-0.00035042804665863514,-0.00036549713695421815,0.0007159251836128533,1.368820812785998e-05,4.801458271685988e-05,-6.17028126725927e-05,-0.00010488351108506322,2.849596057785675e-06,0.00010203391138929874,-0.0003139336477033794,-0.00018682543304748833,0.0005007590516470373,-0.00011537751561263576,0.0001731945958454162,-5.7817058404907584e-05],[-0.0009688235586509109,0.0004162667610216886,0.0005525561282411218,0.00120059703476727,0.0012324819108471274,-0.0024330795276910067,-0.0015916655538603663,-0.000890503404662013,0.002482169773429632,0.0016760462895035744,0.002340385690331459,-0.004016431048512459,0.0012828866019845009,0.0017048314912244678,-0.002987717743963003,-0.001519426703453064,-0.00034418358700349927,0.0018636105814948678,0.004668678157031536,0.003446702379733324,-0.007115380838513374,2.7995265554636717e-06,-0.0001837481395341456,0.00018094854021910578,0.000908464309759438,0.0008995269890874624,-0.001807991648092866,-0.0009337260853499174,-0.0001132543184212409,0.0010469806147739291,0.00031353876693174243,0.0014206420164555311,-0.0017341806087642908,-7.48615711927414e-05,-0.0007561003440059721,0.0008309619151987135,0.0010744848987087607,-0.00021414105140138417,-0.0008603438036516309,0.002338606398552656,-0.0022654831409454346,-7.312331581488252e-05,0.0002748989500105381,-0.001665286486968398,0.0013903874205425382,-0.0006626152899116278,0.0008655567071400583,-0.0002029414172284305,-0.00020432281598914415,-0.0002537313848733902,0.0004580541863106191,-0.000371718720998615,-0.00028750556521117687,0.0006592241697944701,0.00017528377065900713,0.0008145328611135483,-0.0009898166172206402,0.00016742221487220377,-0.00024427028256468475,7.684811134822667e-05,0.0006401009159162641,-0.0006243379320949316,-1.5762983821332455e-05,-1.2628359399968758e-05,0.0006538188899867237,-0.0006411905633285642,0.0005700035835616291,0.0012150806142017245,-0.0017850842559710145,-0.0009554403950460255,-0.0006572491838596761,0.0016126895789057016,0.0001316770212724805,0.0004790592356584966,-0.0006107362569309771,-0.00035404524533078074,-0.0002893159107770771,0.0006433610687963665,1.667898686719127e-06,-0.00017555771046318114,0.00017388981359545141,-5.8838792028836906e-05,6.951569230295718e-05,-1.0676856618374586e-05],[0.002099225763231516,0.00026775134028866887,-0.00236697681248188,-0.002578727900981903,0.0003172530559822917,0.0022614747285842896,0.002420805161818862,0.0012101441388949752,-0.003630951978266239,-0.002757007721811533,-0.001547312131151557,0.004304319154471159,-0.001213553943671286,-0.0017699936870485544,0.0029835468158125877,0.0018310416489839554,-0.0002801114460453391,-0.0015509309014305472,-0.006539498455822468,-0.007115380838513374,0.014654876664280891,5.173994577489793e-05,0.0009778020903468132,-0.0010295419488102198,-0.0013231803895905614,-4.835100844502449e-05,0.0013715313980355859,0.0011136195389553905,-0.00010843462951015681,-0.0010051849531009793,-0.0017493732739239931,-0.002049892209470272,0.003799265483394265,0.00014959569671191275,0.001199517515487969,-0.001349113299511373,-0.0013860305771231651,0.0005754440207965672,0.0008105865563265979,-0.004508352838456631,0.003636318491771817,0.0008720342302694917,-0.0007625723956152797,0.002278887201100588,-0.00151631492190063,0.0012755205389112234,-0.0014695341233164072,0.00019401387544348836,0.00048572462401352823,0.0005052106571383774,-0.000990935368463397,0.0002735421294346452,-0.00021062666201032698,-6.291538011282682e-05,-0.0003597730537876487,-0.0011433139443397522,0.0015030869981274009,-0.0002260382752865553,0.00016551068983972073,6.0527519963216037e-05,-0.0004688731278292835,0.0012818274553865194,-0.0008129543857648969,1.8323335098102689e-06,-0.0007420435431413352,0.0007402112823911011,-0.0014042950933799148,-0.002003668574616313,0.0034079637844115496,0.001305868849158287,0.0010227466700598598,-0.002328615402802825,-0.00014536500384565443,-0.0005270736874081194,0.0006724387058056891,0.0004589285817928612,0.000286466209217906,-0.0007453947328031063,0.0003122657653875649,0.0003623833763413131,-0.000674649141728878,0.00017421640222892165,-0.00024270982248708606,6.84934202581644e-05],[0.0002078049146803096,-0.0008598985732533038,0.0006520936149172485,0.0010408207308501005,0.0006786178564652801,-0.001719441614113748,6.37808843748644e-05,0.0006939560989849269,-0.0007577348733320832,-0.00010691626812331378,-0.00033707026159390807,0.0004439865006133914,0.0006697576027363539,-8.489770698361099e-05,-0.0005848592845723033,0.00025762023869901896,0.0005274072755128145,-0.000785028503742069,-5.453862831927836e-05,2.799