{"epoch":0,"H":[[0.0026042573153972626,0.005691753700375557,-0.0072960155084729195,-0.005858218297362328,-0.007799283601343632,0.013657500967383385,0.0021657422184944153,-0.0033535596448928118,0.0011878181248903275,-0.0025617836508899927,-0.0028277779929339886,0.005389561876654625,9.568737004883587e-05,-0.00607175100594759,0.005976064130663872,0.003150290809571743,-0.00020536484953481704,-0.0029449262656271458,-0.0008075271034613252,-0.002958704251796007,0.0037662312388420105,0.0010269646300002933,-0.001096846186555922,6.988117820583284e-05,-0.0006075134733691812,-4.289386561140418e-05,0.0006504075136035681,0.0031021004542708397,0.0010595036437734962,-0.004161603283137083,-0.0018882548902183771,-0.0024362681433558464,0.00432452280074358,0.0014633364044129848,-0.0009688222780823708,-0.0004945138352923095,-0.001355343614704907,0.0007053045555949211,0.0006500392919406295,-0.0012383656576275826,-0.000936977390665561,0.0021753429900854826,0.0009296864736825228,-0.00037639305810444057,-0.0005532935610972345,-0.0015320349484682083,-0.00042514901724644005,0.001957183936610818,0.0010158742079511285,0.0005679275491274893,-0.001583801698870957,-0.00022515366435982287,-0.0028918348252773285,0.0031169885769486427,-0.00046138156903907657,-0.00011337260366417468,0.0005747542018070817,-0.0008699402678757906,-0.0009297045762650669,0.0017996449023485184,0.00037984506343491375,-0.0015881781000643969,0.0012083330657333136,-0.00032634532544761896,0.000319302809657529,7.042573997750878e-06,0.001034657354466617,0.0009865723550319672,-0.0020212295930832624,-0.000493291241582483,-0.0016069376142695546,0.0021002287976443768,0.000626242661383003,-0.0022595152258872986,0.0016332726227119565,-0.00024117506109178066,0.000284812442259863,-4.3637381168082356e-05,3.6873650969937444e-05,0.00029886807897128165,-0.00033574170083738863,-0.0005603751051239669,-0.0002617224818095565,0.0008220975287258625],[0.005691753700375557,0.01170931477099657,-0.01640106923878193,0.0034345409367233515,0.0031209534499794245,-0.006555494386702776,-0.007154358550906181,0.0031697950325906277,0.003984563052654266,0.00035759981255978346,0.003843968501314521,-0.00420156866312027,0.004554854705929756,0.0028961121570318937,-0.007450968027114868,-0.00205622473731637,0.001742722000926733,0.0003135028528049588,0.003030657535418868,0.0037430538795888424,-0.006773711647838354,0.001962054753676057,-0.0020529082976281643,9.085319470614195e-05,0.0008031625184230506,0.0010620078537613153,-0.0018651701975613832,-0.0047900783829391,0.0004558338550850749,0.004334243945777416,0.0033827009610831738,0.003038075054064393,-0.0064207762479782104,0.002175658941268921,-0.0015331945614889264,-0.0006424642633646727,0.003098126268014312,0.0033768676221370697,-0.006474994122982025,0.00370677444152534,0.002487701363861561,-0.006194475572556257,0.0015243496745824814,0.002518419176340103,-0.0040427688509225845,-0.0005730409757234156,0.001298429793678224,-0.0007253889925777912,0.001288456842303276,0.0025244164280593395,-0.003812873037531972,-0.001594987465068698,0.0002831542806234211,0.0013118335045874119,-0.0005486190784722567,-0.0004981098463758826,0.0010467289248481393,0.0020911796018481255,-4.547499702312052e-05,-0.0020457047503441572,0.0011380193755030632,0.0006380339618772268,-0.00177605333738029,0.0004813091945834458,0.0005650566890835762,-0.0010463660582900047,-0.0008196094422601163,0.00017273332923650742,0.0006468761712312698,-1.2250449799466878e-05,0.0012731001479551196,-0.0012608496472239494,-0.0010900156339630485,-0.00147072016261518,0.0025607359129935503,-0.0006487939972430468,-0.002085124608129263,0.0027339186053723097,0.00030971941305324435,-0.001466101035475731,0.0011563816806301475,-0.0002822033711709082,-0.0018276909831911325,0.00210989429615438],[-0.0072960155084729195,-0.01640106923878193,0.024697082117199898,0.002423676196485758,0.0046783313155174255,-0.007102008443325758,0.004988616798073053,0.00018376324442215264,-0.005172380246222019,0.002204183954745531,-0.0010161905083805323,-0.0011879932135343552,-0.004650542046874762,0.0031756372191011906,0.0014749052934348583,-0.0010940654901787639,-0.0015373576898127794,0.0026314230635762215,-0.0022231307812035084,-0.0007843509083613753,0.003007482271641493,-0.0029890178702771664,0.0031497522722929716,-0.00016073451843112707,-0.00019564820104278624,-0.0010191155597567558,0.0012147637316957116,0.0016879788599908352,-0.0015153386630117893,-0.00017264013877138495,-0.0014944463036954403,-0.0006018076092004776,0.002096253912895918,-0.003638994414359331,0.0025020153261721134,0.001136978156864643,-0.0017427816055715084,-0.004082173109054565,0.005824955180287361,-0.002468408551067114,-0.0015507254283875227,0.00401913421228528,-0.002454035449773073,-0.0021420258563011885,0.004596062004566193,0.0021050767973065376,-0.000873280456289649,-0.0012317958753556013,-0.0023043309338390827,-0.003092345083132386,0.005396675784140825,0.0018201424973085523,0.0026086801663041115,-0.004428822547197342,0.0010100012877956033,0.0006114825373515487,-0.001621483825147152,-0.0012212395668029785,0.000975179485976696,0.00024606019724160433,-0.0015178645262494683,0.0009501442546024919,0.000567720620892942,-0.00015496389823965728,-0.0008843602263368666,0.0010393240954726934,-0.0002150471118511632,-0.00115930603351444,0.001374353189021349,0.0005055417423136532,0.0003338375245220959,-0.0008393792668357491,0.00046377317630685866,0.003730235854163766,-0.004194009117782116,0.0008899688837118447,0.0018003112636506557,-0.002690280321985483,-0.00034659309312701225,0.0011672331020236015,-0.0008206400671042502,0.0008425795822404325,0.002089413348585367,-0.002931992756202817],[-0.005858218297362328,0.0034345409367233515,0.002423676196485758,0.010681419633328915,0.006297364365309477,-0.01597878336906433,-0.003633602522313595,0.00022731564240530133,0.003406286472454667,0.0043394071981310844,0.000635817414149642,-0.00497522484511137,0.0025758747942745686,5.8323610574007034e-05,-0.0026341984048485756,-0.0017239178996533155,0.0004802303737960756,0.0012436879333108664,0.001506362110376358,0.002462593372911215,-0.00396895594894886,0.0017768357647582889,-0.0012548179365694523,-0.0005220180610194802,0.0001685911847744137,-0.0014634300023317337,0.0012948390794917941,-0.0018192424904555082,-7.939792703837156e-05,0.0018986399518325925,0.0026230691000819206,0.0035137550439685583,-0.006136823445558548,0.001245455234311521,-0.002127543091773987,0.0008820881485007703,0.002177433343604207,-0.0008483965648338199,-0.0013290372444316745,0.0016972627490758896,0.00017372032743878663,-0.001870982814580202,-0.0013555613113567233,0.0007851357804611325,0.0005704255891032517,0.0008233849657699466,0.00161388935521245,-0.0024372742045670748,-0.000714375521056354,-3.369721525814384e-05,0.0007480727508664131,0.00024304044200107455,0.0019487574463710189,-0.0021917978301644325,0.0005313722067512572,0.0004499566275626421,-0.0009813288925215602,0.00033584568882361054,0.00047538793296553195,-0.000811233650892973,0.000684949685819447,0.0017012455500662327,-0.0023861953523010015,0.0004251018399372697,0.0011240404564887285,-0.0015491422964259982,-0.0009345579892396927,-0.0004540091031230986,0.0013885670341551304,0.0007346594939008355,0.0006877729902043939,-0.0014224324841052294,-0.0004404918581712991,0.002309625269845128,-0.0018691334407776594,-0.0007431615958921611,-0.00028700989787466824,0.001030171406455338,-0.00012256528134457767,-9.115596185438335e-06,0.00013168086297810078,0.0002154787944164127,-0.0004938060883432627,0.00027832729392684996],[-0.007799283601343632,0.0031209534499794245,0.0046783313155174255,0.006297364365309477,0.0253060981631279,-0.03060346096754074,-0.002994075184687972,0.00014915980864316225,0.0028449157252907753,-0.0005226770881563425,0.009992450475692749,-0.00946977362036705,0.004257147666066885,0.0032122009433805943,-0.007469349540770054,0.0015082863392308354,0.0004389845416881144,-0.001947270706295967,-0.0029609473422169685,0.006522681564092636,-0.0035617337562143803,0.002283270237967372,0.0032238345593214035,-0.005507105495780706,0.002251014579087496,0.0019780797883868217,-0.004229094833135605,-0.0006547939847223461,0.001405543414875865,-0.0007507497211918235,0.00025413837283849716,0.008877146989107132,-0.009131285361945629,0.0007258455734699965,0.00430506095290184,-0.00503090675920248,0.0034057768061757088,0.005015010014176369,-0.008420786820352077,0.002746100537478924,0.004405270330607891,-0.00715136993676424,-0.0009443751187063754,-0.0036389015149325132,0.004583276808261871,0.0009740059031173587,-0.002542184665799141,0.001568178995512426,0.00042993490933440626,-0.00032616863609291613,-0.00010376621503382921,-0.0007380571914836764,0.0005089420010335743,0.00022911527776159346,0.0004992319736629725,-3.757420927286148e-05,-0.0004616578225977719,-9.417618275620043e-05,0.0007447616080753505,-0.0006505854544229805,-5.189453804632649e-05,0.0027254573069512844,-0.0026735628489404917,0.0001914663298521191,-0.0006013817619532347,0.00040991537389345467,-0.0015670465072616935,-0.0019448351813480258,0.003511881921440363,0.0012093677651137114,0.0010978863574564457,-0.0023072543554008007,-0.0005220436723902822,0.0017494437051936984,-0.0012274000328034163,-0.00010384911729488522,0.000560630694963038,-0.0004567816504277289,0.0008740319753997028,0.0007487271213904023,-0.0016227589221671224,-0.0011911228066310287,0.0028574038296937943,-0.0016662811394780874],[0.013657500967383385,-0.006555494386702776,-0.007102008443325758,-0.01597878336906433,-0.03060346096754074,0.04758225381374359,0.006627678871154785,-0.00037647620774805546,-0.006251202430576086,-0.0038167303428053856,-0.010628268122673035,0.014444999396800995,-0.006833020132035017,-0.003270525950938463,0.01010354794561863,0.000215631298488006,-0.0009192138095386326,0.0007035824237391353,0.0014545859303325415,-0.008985274471342564,0.007530687842518091,-0.004060105886310339,-0.001969016157090664,0.006029122043401003,-0.0024196039885282516,-0.0005146492039784789,0.0029342533089220524,0.002474036533385515,-0.0013261445565149188,-0.0011478920932859182,-0.0028772081714123487,-0.012390903197228909,0.015268111601471901,-0.0019713002257049084,-0.0021775164641439915,0.0041488162241876125,-0.005583209916949272,-0.004166614264249802,0.009749824181199074,-0.004443362355232239,-0.004578989930450916,0.00902235135436058,0.002299936255440116,0.0028537665493786335,-0.005153702571988106,-0.0017973915673792362,0.0009282958344556391,0.0008690955583006144,0.0002844409900717437,0.0003598670882638544,-0.0006443080492317677,0.0004950165748596191,-0.002457698807120323,0.001962682232260704,-0.0010306041222065687,-0.00041238253470510244,0.0014429870061576366,-0.000241669244132936,-0.0012201487552374601,0.001461818115785718,-0.0006330545293167233,-0.004426702857017517,0.005059757735580206,-0.0006165681406855583,-0.0005226579960435629,0.0011392261367291212,0.002501604612916708,0.0023988443426787853,-0.004900449421256781,-0.0019440273754298687,-0.0017856587655842304,0.003729686141014099,0.0009625357342883945,-0.004059069789946079,0.003096533939242363,0.0008470104658044875,-0.00027362085529603064,-0.0005733894649893045,-0.0007514666067436337,-0.0007396119763143361,0.001491078524850309,0.0009756447980180383,-0.0023635991383343935,0.001387954456731677],[0.0021657422184944153,-0.007154358550906181,0.004988616798073053,-0.003633602522313595,-0.002994075184687972,0.006627678871154785,-0.00036730439751408994,0.007282617036253214,-0.005915312562137842,-0.00328652816824615,-0.0017521954141557217,0.005038723349571228,-0.002438962459564209,-0.00020573555957525969,0.002644698368385434,0.0013274895027279854,-0.0006553875282406807,-0.0006721022655256093,-0.0013191240141168237,-0.001888604718260467,0.0032077287323772907,-0.0016698080580681562,-0.000852472148835659,0.0025222802069038153,0.0029094323981553316,0.0007132432656362653,-0.0036226757802069187,0.0030976380221545696,-0.0004347492940723896,-0.0026628882624208927,-0.0016583855031058192,-0.0017860077787190676,0.0034443936310708523,-0.0015280793886631727,-0.001299705938436091,0.002827784977853298,0.0012073018588125706,-0.0005893201450817287,-0.0006179822375997901,-0.0005127881304360926,-0.001816507545299828,0.002329295501112938,-0.00024245536769740283,-0.0008223612676374614,0.0010648166062310338,0.00034995662281289697,0.00016403896734118462,-0.0005139955319464207,4.5218985178507864e-05,0.00048483561840839684,-0.000530054559931159,0.0005745613598264754,-0.001337546855211258,0.0007629853789694607,-0.0007970429142005742,-0.00021053373347967863,0.0010075769387185574,-0.0013909523840993643,6.5559870563447475e-06,0.0013843965716660023,0.0004056618781760335,-0.00199910462833941,0.0015934426337480545,0.0006797107635065913,0.0003758893581107259,-0.0010556001216173172,0.0011368744308128953,0.0005704983486793935,-0.001707372721284628,-0.0006210393039509654,-0.0007678185938857496,0.0013888577232137322,0.0004913360462523997,-0.0012209211708977818,0.0007295850664377213,-6.936774298083037e-05,1.9576094928197563e-05,4.979165532859042e-05,-0.0006196640897542238,-5.915353540331125e-06,0.000625579443294555,6.632570875808597e-05,-0.0003620225179474801,0.0002956968091893941],[-0.0033535596448928118,0.0031697950325906277,0.00018376324442215264,0.00022731564240530133,0.00014915980864316225,-0.00037647620774805546,0.007282617036253214,0.002861522138118744,-0.009144140407443047,0.0007113237516023219,0.004100928083062172,-0.00481225224211812,0.0011384342797100544,0.005320190452039242,-0.0064586251974105835,-0.0011685810750350356,0.001281215576454997,-0.00011263444321230054,0.0014980349224060774,0.002006536815315485,-0.0035045715048909187,-0.001498281373642385,0.0007183941779658198,0.000779887312091887,0.0028200363740324974,-0.0024986471980810165,-0.0003213894087821245,-0.0014801481738686562,0.0005045763100497425,0.0009755719220265746,0.0016177003271877766,0.0012932340614497662,-0.0029109343886375427,0.00023779788170941174,0.0011247949441894889,-0.001362592913210392,0.0030711721628904343,-0.0008246428333222866,-0.0022465293295681477,0.001773796626366675,-8.753026486374438e-05,-0.0016862661577761173,-0.000167799589689821,-2.8344831662252545e-05,0.000196144450455904,0.0009409973863512278,0.0003839808632619679,-0.0013249781914055347,0.0007791033713147044,-0.0010323298629373312,0.00025322657893411815,0.0004374340351205319,0.0013573120813816786,-0.0017947462620213628,-0.0008604233153164387,-0.0008874011691659689,0.0017478246008977294,5.345657700672746e-05,-0.0006612689467146993,0.0006078124279156327,6.797316018491983e-05,0.0005185509799048305,-0.0005865241400897503,-3.756058868020773e-05,-0.0003630565479397774,0.000400617194827646,-6.842328002676368e-05,-0.0006089449161663651,0.0006773681961931288,-0.0002506605815142393,-0.0007658288232050836,0.0010164894629269838,-9.222938388120383e-05,-0.0002100657729897648,0.0003022951423190534,0.00017183602903969586,-0.00010967681009788066,-6.215920438989997e-05,-0.00023422762751579285,-0.00043956039007753134,0.0006737880175933242,-0.00046992007992230356,0.00022535481548402458,0.00024456524988636374],[0.0011878181248903275,0.003984563052654266,-0.005172380246222019,0.003406286472454667,0.0028449157252907753,-0.006251202430576086,-0.005915312562137842,-0.009144140407443047,0.016059452667832375,0.0025752042420208454,-0.0023487319704145193,-0.00022647250443696976,0.0013005288783460855,-0.005114455707371235,0.0038139265961945057,-0.00015890848590061069,-0.00062582828104496,0.0007847367087379098,-0.0001789109082892537,-0.00011793203157139942,0.0002968429762404412,0.0031680897809565067,0.00013407826190814376,-0.0033021681010723114,-0.005729467608034611,0.001785404165275395,0.00394406309351325,-0.0016174893826246262,-6.982625200180337e-05,0.0016873152926564217,4.068517591804266e-05,0.0004927739500999451,-0.0005334590678103268,0.0012902810703963041,0.00017491081962361932,-0.0014651918318122625,-0.004278474021703005,0.001413962454535067,0.002864512149244547,-0.001261008670553565,0.001904037781059742,-0.0006430293433368206,0.00041025527752935886,0.0008507061284035444,-0.0012609614059329033,-0.0012909537181258202,-0.0005480196559801698,0.00183897337410599,-0.0008243222255259752,0.0005474940408021212,0.0002768280101008713,-0.0010119953658431768,-1.976510975509882e-05,0.0010317605920135975,0.001657466171309352,0.0010979349026456475,-0.002755401423200965,0.0013374958653002977,0.0006547132506966591,-0.001992209115996957,-0.00047363521298393607,0.0014805534156039357,-0.001006918027997017,-0.000642149883788079,-1.2832737411372364e-05,0.0006549826939590275,-0.0010684506269171834,3.844682942144573e-05,0.0010300037683919072,0.0008716995944269001,0.0015336476499214768,-0.002405347302556038,-0.0003991066769231111,0.0014309866819530725,-0.00103187991771847,-0.0001024682424031198,9.010074427351356e-05,1.236746902577579e-05,0.0008538916590623558,0.0004454759182408452,-0.00129936751909554,0.00040359492413699627,0.00013666675658896565,-0.0005402616807259619],[-0.0025617836508899927,0.00035759981255978346,0.002204183954745531,0.0043394071981310844,-0.0005226770881563425,-0.0038167303428053856,-0.00328652816824615,0.0007113237516023219,0.0025752042420208454,0.014097587205469608,-0.003926909528672695,-0.00917067751288414,0.0009434732492081821,-0.002254338003695011,0.0013108649291098118,-0.001213646843098104,-0.0010662239510565996,0.0022798709105700254,0.0021211490966379642,0.0011960839619860053,-0.0033172331750392914,-0.00048729166155681014,-0.0017559411935508251,0.002243232913315296,-0.0017225996125489473,-0.0038182809948921204,0.005540880840271711,-0.0019514295272529125,-0.0006381137645803392,0.0025895428843796253,0.001121781999245286,0.000844910740852356,-0.0019666922744363546,0.00037738203536719084,4.505140532273799e-05,-0.0004224333679303527,0.002486312063410878,0.0007166949799284339,-0.003203007858246565,1.3240176485851407e-05,0.0005046901642344892,-0.0005179303116165102,-0.0006375240627676249,-0.0013251706259325147,0.0019626948051154613,-0.0005100390408188105,-1.1317693861201406e-05,0.0005213567055761814,-0.0006317546358332038,-0.0010230930056422949,0.0016548475250601768,0.00031748690526001155,0.0013180184178054333,-0.0016355053521692753,7.711479702265933e-05,0.0010870830155909061,-0.0011641979217529297,0.0005072822677902877,-3.127497620880604e-05,-0.0004760072915814817,-0.0004987211432307959,0.0007205709116533399,-0.00022184965200722218,-0.00035866163671016693,0.00029931386234238744,5.934777436777949e-05,-0.0005634137778542936,-0.00024080144066829234,0.0008042152621783316,0.0011295577278360724,0.0006703624385409057,-0.001799920224584639,-0.00016522404621355236,0.0016206118743866682,-0.0014553877990692854,7.746197661617771e-05,0.0005451503093354404,-0.00062261224957183,8.673938282299787e-05,0.00012334070925135165,-0.0002100800775224343,0.0002772895968519151,0.0003607362159527838,-0.0006380258710123599],[-0.0028277779929339886,0.003843968501314521,-0.0010161905083805323,0.000635817414149642,0.009992450475692749,-0.010628268122673035,-0.0017521954141557217,0.004100928083062172,-0.0023487319704145193,-0.003926909528672695,0.009203564375638962,-0.004276655614376068,1.561670796945691e-05,0.004000833258032799,-0.004016449674963951,-0.00040897083817981184,0.0010080086067318916,-0.0005990377394482493,-0.0011636053677648306,0.003031702246516943,-0.0018680972279980779,-0.0004893647274002433,0.000659615732729435,-0.00017025088891386986,0.0025210650637745857,0.0030979271978139877,-0.005618991795927286,-0.001729050651192665,0.0006065344787202775,0.0011225159978494048,0.0006139394827187061,0.003253114176914096,-0.003867053659632802,-0.0007603763369843364,0.0005189148942008615,0.00024146110808942467,0.002915835939347744,0.005508812144398689,-0.008424649015069008,0.0016781564336270094,0.001743287080898881,-0.0034214439801871777,-0.0005427160067483783,-0.0031015081331133842,0.0036442242562770844,0.00023600616259500384,-0.002647592918947339,0.0024115866981446743,-0.0004204367578495294,0.00013731751823797822,0.0002831192687153816,-7.145710696931928e-05,-0.000264406407950446,0.0003358635294716805,0.00025561763322912157,-0.00020618754206225276,-4.9430178478360176e-05,0.00011274955613771453,0.0006746572908014059,-0.0007874068687669933,-0.0003958808083552867,0.0007445673691108823,-0.00034868644434027374,-0.00021906969777774066,-0.001162526197731495,0.0013815959682688117,-0.0011543091386556625,-0.0008422373794019222,0.001996546285226941,0.0010724536841735244,0.00045466062147170305,-0.0015271143056452274,0.00019446801161393523,-0.0006130178226158023,0.0004185498401056975,0.0005445296410471201,0.00038772166590206325,-0.0009322512778453529,0.0006801992421969771,0.000237151441979222,-0.0009173504658974707,-0.0005262489430606365,0.0016729810740798712,-0.0011467322474345565],[0.005389561876654625,-0.00420156866312027,-0.0011879932135343552,-0.00497522484511137,-0.00946977362036705,0.014444999396800995,0.005038723349571228,-0.00481225224211812,-0.00022647250443696976,-0.00917067751288414,-0.004276655614376068,0.014447333291172981,-0.0009590897243469954,-0.0017464951379224658,0.0027055847458541393,0.0016226174775511026,5.821661761729047e-05,-0.0016808342188596725,-0.00095754349604249,-0.004227785859256983,0.00518532982096076,0.0009766558650881052,0.0010963259264826775,-0.002072981558740139,-0.0007984640542417765,0.0007203566492535174,7.810769602656364e-05,0.0036804801784455776,3.1579722417518497e-05,-0.0037120599299669266,-0.0017357212491333485,-0.004098024219274521,0.005833745934069157,0.0003829944762401283,-0.0005639663431793451,0.00018097180873155594,-0.005402148235589266,-0.006225506775081158,0.011627654545009136,-0.0016913964645937085,-0.0022479775361716747,0.003939373884350061,0.0011802399531006813,0.00442667817696929,-0.005606918595731258,0.0002740335476119071,0.002658909885212779,-0.0029329434037208557,0.0010521915974095464,0.0008857751381583512,-0.0019379665609449148,-0.0002460288524162024,-0.0010536124464124441,0.001299641327932477,-0.0003327328304294497,-0.0008808961138129234,0.0012136290315538645,-0.0006200317293405533,-0.0006433820817619562,0.0012634138111025095,0.0008946022717282176,-0.0014651385135948658,0.0005705361836589873,0.0005777314072474837,0.0008632125100120902,-0.001440943917259574,0.001717722974717617,0.0010830392129719257,-0.0028007624205201864,-0.0022020116448402405,-0.0011250227689743042,0.003327034879475832,-2.9244052711874247e-05,-0.0010075942846015096,0.0010368383955210447,-0.0006219916976988316,-0.0009328721207566559,0.0015548637602478266,-0.0007669388432987034,-0.0003604923258535564,0.0011274309363216162,0.0002489594626240432,-0.0020337167661637068,0.0017847572453320026],[9.568737004883587e-05,0.004554854705929756,-0.004650542046874762,0.0025758747942745686,0.004257147666066885,-0.006833020132035017,-0.002438962459564209,0.0011384342797100544,0.0013005288783460855,0.0009434732492081821,1.561670796945691e-05,-0.0009590897243469954,0.006266176700592041,0.00217553973197937,-0.007441717199981213,0.0002823921968229115,0.001269295928068459,-0.001551687833853066,0.000701925135217607,0.0009166767122223973,-0.0016186018474400043,0.0010788047220557928,0.0007716970867477357,-0.0018505018670111895,0.001740342820994556,0.00032487796852365136,-0.0020652206148952246,-0.00026744534261524677,0.0008459239033982158,-0.0005784785025753081,0.0009133951971307397,0.0009364516590721905,-0.0018498467979952693,0.0021809630561619997,0.0013819062151014805,-0.00356286927126348,0.0016344435280188918,-0.0006576507003046572,-0.0009767927695065737,0.0015357611700892448,-0.00011171013466082513,-0.0014240508899092674,0.0003018835268449038,-0.0007845053332857788,0.00048262180644087493,-0.00022468256065621972,0.000303500157315284,-7.881759665906429e-05,0.00023788704129401594,0.0003893674584105611,-0.0006272544851526618,-0.0005265578511171043,0.0004624822176992893,6.407573528122157e-05,0.00016218808013945818,4.701499710790813e-05,-0.00020920309179928154,0.0005296487361192703,-0.0007016900344751775,0.0001720412983559072,0.0005893351626582444,-5.481205880641937e-05,-0.0005345231620594859,0.00021217568428255618,0.00047538778744637966,-0.0006875635008327663,4.952127346768975e-05,0.0001772271643858403,-0.00022674852516502142,-0.0005063872667960823,-0.0003334691282361746,0.0008398563950322568,-0.0001310858642682433,-0.0011195304105058312,0.0012506162747740746,-0.00021189964900258929,-0.0004926090477965772,0.0007045086822472513,-0.00017568061593919992,5.813792813569307e-05,0.00011754268780350685,2.1728788851760328e-05,-0.0011373413726687431,0.0011156125692650676],[-0.00607175100594759,0.0028961121570318937,0.0031756372191011906,5.8323610574007034e-05,0.0032122009433805943,-0.003270525950938463,-0.00020573555957525969,0.005320190452039242,-0.005114455707371235,-0.002254338003695011,0.004000833258032799,-0.0017464951379224658,0.00217553973197937,0.0154324471950531,-0.016607986763119698,0.0003357208042871207,0.0023955588694661856,-0.002731279470026493,-0.0004982334794476628,0.001250385190360248,-0.0007521516527049243,-0.0006438175332732499,0.001878834329545498,-0.001235016854479909,0.002679099328815937,0.0037557207979261875,-0.0064348201267421246,-0.0008308659889735281,0.0009562019840814173,-0.00012533628614619374,0.00023692016839049757,0.0002986372564919293,-0.0005355575121939182,0.0012386069865897298,0.0023345353547483683,-0.00357314245775342,0.00022918767353985459,0.001718889339827001,-0.0019480768823996186,0.0013697948306798935,-0.00035776663571596146,-0.0010120280785486102,-0.0001253350346814841,-0.0019027559319511056,0.0020280908793210983,0.0005256373551674187,-0.0009286839049309492,0.0004030466079711914,-0.00016809682711027563,-6.410479545593262e-05,0.00023220162256620824,0.0002347951231058687,0.0013296579709276557,-0.0015644531231373549,-0.0004395364667288959,-0.0007569063454866409,0.001196442754007876,0.0005233403062447906,-0.0002300705818925053,-0.0002932697534561157,0.0004928798880428076,0.000147410377394408,-0.0006402903236448765,-0.00018814700888469815,-0.0007930604624561965,0.0009812074713408947,2.2358406567946076e-05,8.664187043905258e-05,-0.0001090002479031682,-0.0010928632691502571,-0.0004641941050067544,0.0015570574905723333,0.00019634808995760977,-0.0015919216675683856,0.0013955734902992845,0.0003229880821891129,-0.0001889778213808313,-0.00013401024625636637,-7.698842091485858e-05,8.259296009782702e-06,6.872913218103349e-05,0.0004247400793246925,-0.00018086485215462744,-0.00024387518351431936],[0.005976064130663872,-0.007450968027114868,0.0014749052934348583,-0.0026341984048485756,-0.007469349540770054,0.01010354794561863,0.002644698368385434,-0.0064586251974105835,0.0038139265961945057,0.0013108649291098118,-0.004016449674963951,0.0027055847458541393,-0.007441717199981213,-0.016607986763119698,0.025049705058336258,-0.0006181130884215236,-0.00366485514678061,0.004282968584448099,-0.0002036916557699442,-0.0021670616697520018,0.0023707535583525896,-0.0004349873634055257,-0.002650532405823469,0.003085519652813673,-0.004419442731887102,-0.004080599639564753,0.00850004144012928,0.0010983103420585394,-0.0018021268770098686,0.0007038164185360074,-0.0011503159767016768,-0.0012350892648100853,0.002385405357927084,-0.0034195713233202696,-0.0037164429668337107,0.007136012893170118,-0.0018636310705915093,-0.0010612388141453266,0.002924869768321514,-0.0029055560007691383,0.00046947572263889015,0.0024360797833651304,-0.0001765492488630116,0.002687262138351798,-0.0025107129476964474,-0.0003009552601724863,0.0006251840386539698,-0.0003242288948968053,-6.979019963182509e-05,-0.00032526213908568025,0.00039505239692516625,0.0002917629317380488,-0.001792140188626945,0.0015003771986812353,0.0002773486194200814,0.0007098914938978851,-0.0009872401133179665,-0.0010529893916100264,0.0009317607618868351,0.00012122851330786943,-0.0010822151089087129,-9.259860962629318e-05,0.001174813718535006,-2.402905374765396e-05,0.00031767270411364734,-0.0002936436503659934,-7.188034942373633e-05,-0.0002638688310980797,0.0003357491223141551,0.0015992505941540003,0.0007976630586199462,-0.0023969137109816074,-6.526208017021418e-05,0.002711452078074217,-0.0026461901143193245,-0.00011108820035587996,0.0006815874367021024,-0.0005704992217943072,0.00025266932789236307,-6.639694038312882e-05,-0.00018627237295731902,-0.000446468562586233,0.001318207010626793,-0.0008717384771443903],[0.003150290809571743,-0.00205622473731637,-0.0010940654901787639,-0.0017239178996533155,0.0015082863392308354,0.000215631298488006,0.0013274895027279854,-0.0011685810750350356,-0.00015890848590061069,-0.001213646843098104,-0.00040897083817981184,0.0016226174775511026,0.0002823921968229115,0.0003357208042871207,-0.0006181130884215236,0.0074912263080477715,-0.0024936222471296787,-0.00399760389700532,-0.0016524797538295388,-0.0008777971961535513,0.002530277008190751,-3.848795313388109e-05,-0.0011123607400804758,0.001150848693214357,-0.0005663125193677843,-0.00126381847076118,0.0018301309319213033,0.0024907344486564398,2.211440005339682e-06,-0.002492945408448577,-0.002036522841081023,-0.00011237093713134527,0.002148894127458334,-0.00014951630146242678,-0.00042121182195842266,0.0005707282107323408,-0.0005718995817005634,-0.00034549468546174467,0.0009173942380584776,-0.0020925691351294518,0.0016148576978594065,0.0004777110880240798,0.0005940229748375714,-0.0015361802652478218,0.0009421573486179113,-0.0008127817418426275,-0.00026526564033702016,0.0010780473239719868,-1.5682046068832278e-05,-0.001047091674990952,0.001062773633748293,0.00018955147243104875,-0.0009875205578282475,0.0007979690562933683,-0.0004319575382396579,-0.0006201756768859923,0.001052133273333311,-0.0006391236092895269,-1.1786280083470047e-05,0.0006509098457172513,0.00044300107401795685,-0.0007919075433164835,0.0003489063819870353,-2.060643964796327e-05,0.00010955922334687784,-8.895278733689338e-05,0.0002744938537944108,0.00030349247390404344,-0.0005779862985946238,-0.0002412753674434498,-0.001247885636985302,0.0014891609316691756,0.0003426557232160121,-0.0009869566420093179,0.0006443008314818144,0.0003100675530731678,5.313550354912877e-05,-0.00036320305662229657,4.816100772586651e-05,-3.542353806551546e-05,-1.2737482393276878e-05,-6.511593528557569e-05,0.00031234067864716053,-0.00024722475791350007],[-0.00020536484953481704,0.001742722000926733,-0.0015373576898127794,0.0004802303737960756,0.0004389845416881144,-0.0009192138095386326,-0.0006553875282406807,0.001281215576454997,-0.00062582828104496,-0.0010662239510565996,0.0010080086067318916,5.821661761729047e-05,0.001269295928068459,0.0023955588694661856,-0.00366485514678061,-0.0024936222471296787,0.0021463437005877495,0.0013472797581925988,0.0016560102812945843,0.0017183854943141341,-0.0033743958920240402,5.779918865300715e-06,0.0006918015424162149,-0.0006975813885219395,-0.00010315807594452053,0.0005393060855567455,-0.0004361479659564793,-0.0007576163043268025,0.0011120785493403673,-0.0003544623323250562,0.0009278467623516917,0.0005385810509324074,-0.0014664275804534554,0.000483599491417408,0.00041212994256056845,-0.0008957295212894678,-0.000574608042370528,-5.927053280174732e-05,0.0006338785751722753,0.0009122116025537252,0.0021229831036180258,-0.0030351944733411074,-0.0004211183695588261,0.00010289083002135158,0.00031822739401832223,0.000677025702316314,-1.1541415005922318e-06,-0.0006758715026080608,0.0009015377145260572,-9.925232734531164e-05,-0.0008022853871807456,-0.0002875779173336923,0.0016525427345186472,-0.001364964758977294,-0.0005359152564778924,-0.00020251725800335407,0.0007384325726889074,0.0005749003612436354,-0.0015155214350670576,0.0009406208992004395,0.00025295489467680454,0.00011501848348416388,-0.00036797334905713797,0.00020157138351351023,-0.00031045134528540075,0.00010887993266806006,0.00028316775569692254,0.00013281349674798548,-0.0004159812815487385,-0.0006203169468790293,-0.0007234136573970318,0.001343730604276061,-0.0002631848328746855,-0.0005152620142325759,0.0007784468471072614,-0.00011709333921317011,-0.0003567968087736517,0.0004738901334349066,-0.00019065885862801224,-9.477953426539898e-05,0.000285438378341496,-0.0001627095916774124,-0.000482887146063149,0.0006455967668443918],[-0.0029449262656271458,0.0003135028528049588,0.0026314230635762215,0.0012436879333108664,-0.001947270706295967,0.0007035824237391353,-0.0006721022655256093,-0.00011263444321230054,0.0007847367087379098,0.0022798709105700254,-0.0005990377394482493,-0.0016808342188596725,-0.001551687833853066,-0.002731279470026493,0.004282968584448099,-0.00399760389700532,0.0013472797581925988,0.0036503244191408157,-3.5303528420627117e-06,-0.0008405888802371919,0.0008441192912869155,3.2708398066461086e-05,0.00042055928497575223,-0.00045326774124987423,0.0006694706389680505,0.0007245119195431471,-0.001393982325680554,-0.0017331180861219764,-0.0011142903240397573,0.00284740817733109,0.0011086765443906188,-0.0004262102011125535,-0.0006824663723818958,-0.0003340831899549812,9.0815155999735e-06,0.00032500154338777065,0.001146507915109396,0.0004047644615639001,-0.001551272114738822,0.0011803577654063702,-0.0037378405686467886,0.002557483036071062,-0.00017290469259023666,0.0014332894934341311,-0.0012603849172592163,0.00013575611228588969,0.0002664198400452733,-0.00040217593777924776,-0.00088585598859936,0.0011463440023362637,-0.00026048810104839504,9.8026153864339e-05,-0.0006650222348980606,0.0005669961683452129,0.0009678729111328721,0.00082269316771999,-0.0017905659042298794,6.422330625355244e-05,0.0015273073222488165,-0.001591530628502369,-0.0006959559395909309,0.0006768887978978455,1.9067301764152944e-05,-0.0001809648092603311,0.00020089192548766732,-1.9927159883081913e-05,-0.0005576616385951638,-0.0004363065236248076,0.0009939682204276323,0.0008615925908088684,0.0019712992943823338,-0.002832891885191202,-7.947131234686822e-05,0.0015022188890725374,-0.001422747503966093,-0.000192974170204252,0.00030366165447048843,-0.00011068750609410927,0.0001424975343979895,0.0001302032615058124,-0.000272700737696141,0.00022782525047659874,0.00017054671479854733,-0.00039837200893089175],[-0.0008075271034613252,0.003030657535418868,-0.0022231307812035084,0.001506362110376358,-0.0029609473422169685,0.0014545859303325415,-0.0013191240141168237,0.0014980349224060774,-0.0001789109082892537,0.0021211490966379642,-0.0011636053677648306,-0.00095754349604249,0.000701925135217607,-0.0004982334794476628,-0.0002036916557699442,-0.0016524797538295388,0.0016560102812945843,-3.5303528420627117e-06,0.00339047284796834,0.008033880963921547,-0.01042435597628355,-6.090139504522085e-05,0.00017241512250620872,-0.00011151376384077594,0.0014844749821349978,0.0006292329635471106,-0.0021137080620974302,-0.001577673596329987,0.0010571591556072235,0.000520514149684459,0.00267524435184896,2.00693029910326e-05,-0.0026953136548399925,0.00017737722373567522,-0.00047313643153756857,0.00029575914959423244,0.0008929782779887319,-0.0005947134341113269,-0.00029826522222720087,0.003609989769756794,-0.00264352117665112,-0.0009664690587669611,-0.0011804299429059029,0.00035142505657859147,0.0008290049736388028,-8.105111191980541e-05,0.000597881618887186,-0.0005168304778635502,-0.0006075785495340824,0.0005875834613107145,1.999508822336793e-05,-0.0001936159678734839,0.0018837118986994028,-0.0016900959890335798,2.5698576791910455e-05,0.0015485635958611965,-0.0015742621617391706,0.000521669106092304,0.00023536807566415519,-0.0007570371963083744,0.00021277631458360702,-3.801245475187898e-05,-0.00017476393259130418,3.247163840569556e-05,0.0004190880572423339,-0.00045155969564802945,0.00019750723731704056,0.0005074638174846768,-0.0007049710256978869,0.0001952997117768973,0.0003507415531203151,-0.0005460412940010428,-0.0003405250608921051,0.0011520268162712455,-0.0008115016971714795,-0.00029884252580814064,0.0005349688581191003,-0.00023612637596670538,-0.0003009297070093453,0.000875434372574091,-0.0005745047237724066,0.0006695571937598288,-0.00010898776235990226,-0.0005605693440884352],[-0.002958704251796007,0.0037430538795888424,-0.0007843509083613753,0.002462593372911215,0.006522681564092636,-0.008985274471342564,-0.001888604718260467,0.002006536815315485,-0.00011793203157139942,0.0011960839619860053,0.003031702246516943,-0.004227785859256983,0.0009166767122223973,0.001250385190360248,-0.0021670616697520018,-0.0008777971961535513,0.0017183854943141341,-0.0008405888802371919,0.008033880963921547,0.004961112514138222,-0.01199499424546957,0.0010359707521274686,0.0023684308398514986,-0.0034044019412249327,0.0013204319402575493,0.0017123292200267315,-0.0030327611602842808,-0.002231151331216097,0.0002488946192897856,0.001982256770133972,0.0017596790567040443,0.0020199930295348167,-0.003779672784730792,-0.0007464824011549354,-0.0008864682167768478,0.0016329506179317832,0.0013558801729232073,1.9694227376021445e-05,-0.0013755743857473135,0.0038745778147131205,0.0012274989858269691,-0.005102077033370733,-0.00012221760698594153,-4.3575651943683624e-05,0.0001657932298257947,-0.0003153219004161656,-0.0011614240938797593,0.001476745936088264,0.0001630011829547584,0.0011026153806596994,-0.0012656166218221188,-0.0010609704768285155,0.0009565567597746849,0.00010441383346915245,0.0002875537029467523,0.0006034888792783022,-0.0008910425822250545,0.0002513452200219035,0.0013204857241362333,-0.0015718310605734587,4.504458047449589e-06,0.0006482143653556705,-0.0006527187069877982,0.000265575508819893,-0.00031908456003293395,5.350905121304095e-05,-0.0007732377271167934,-0.00018213686416856945,0.0009553745039738715,0.0007057059556245804,0.00146601686719805,-0.0021717229392379522,-0.00031824721372686327,0.0001596622751094401,0.00015858490951359272,0.00037058989983052015,0.00016922556096687913,-0.0005398154025897384,0.00026051170425489545,0.00036843473208136857,-0.0006289464072324336,0.00014112771896179765,0.0002991322544403374,-0.00044025995885021985],[0.0037662312388420105,-0.006773711647838354,0.003007482271641493,-0.00396895594894886,-0.0035617337562143803,0.007530687842518091,0.0032077287323772907,-0.0035045715048909187,0.0002968429762404412,-0.0033172331750392914,-0.0018680972279980779,0.00518532982096076,-0.0016186018474400043,-0.0007521516527049243,0.0023707535583525896,0.002530277008190751,-0.0033743958920240402,0.0008441192912869155,-0.01042435597628355,-0.01199499424546957,0.023419352248311043,-0.0009750693570822477,-0.0025408463552594185,0.0035159161780029535,-0.0028049077372998,-0.0023415633477270603,0.0051464722491800785,0.003808824345469475,-0.0013060542987659574,-0.002502769697457552,-0.004434924107044935,-0.0020400634966790676,0.006474987603724003,0.0005691040423698723,0.0013596037169918418,-0.0019287077011540532,-0.0022488588001579046,0.0005750188720412552,0.001673840219154954,-0.007484569679945707,0.0014160212595015764,0.006068547256290913,0.001302647404372692,-0.000307850306853652,-0.00099479709751904,0.00039637304143980145,0.0005635427660308778,-0.0009599156910553575,0.00044457719195634127,-0.0016901986673474312,0.00124562147539109,0.0012545861536636949,-0.0028402679599821568,0.00158568168990314,-0.0003132522397208959,-0.0021520527079701424,0.002465304918587208,-0.0007730142096988857,-0.0015558537561446428,0.002328868256881833,-0.00021728123829234391,-0.0006102025508880615,0.000827483891043812,-0.00029804723453707993,-0.00010000297334045172,0.0003980502369813621,0.0005757302278652787,-0.0003253269533161074,-0.0002504033618606627,-0.0009010050562210381,-0.0018167580710723996,0.0027177631855010986,0.000658772187307477,-0.0013116885675117373,0.0006529163802042603,-7.174709753599018e-05,-0.0007041944772936404,0.0007759415893815458,4.041892316308804e-05,-0.0012438687263056636,0.0012034496758133173,-0.0008106846362352371,-0.0001901439536595717,0.0010008286917582154],[0.0010269646300002933,0.001962054753676057,-0.0029890178702771664,0.0017768357647582889,0.002283270237967372,-0.004060105886310339,-0.0016698080580681562,-0.001498281373642385,0.0031680897809565067,-0.00048729166155681014,-0.0004893647274002433,0.0009766558650881052,0.0010788047220557928,-0.0006438175332732499,-0.0004349873634055257,-3.848795313388109e-05,5.779918865300715e-06,3.2708398066461086e-05,-6.090139504522085e-05,0.0010359707521274686,-0.0009750693570822477,-0.005135927349328995,0.022694332525134087,-0.01655840314924717,-0.00020779581973329186,0.0002373396564507857,-2.9543