{"epoch":0,"H":[[0.027956850826740265,-0.02695685625076294,0.015026511624455452,-0.015026511624455452,0.016913019120693207,-0.016913019120693207,-0.006688128225505352,0.006688128691166639,0.005254553630948067,-0.005254553630948067,0.0002655650023370981,-0.00026556645752862096,0.00018652289872989058,-0.0001865229569375515,-0.0036007871385663748,0.0036007871385663748,-0.0023300866596400738,0.00233008642680943,0.002611669711768627,-0.00261166924610734,0.00019827429787255824,-0.0001982743851840496,-0.0041301012970507145,0.004130100831389427,0.0004901076317764819,-0.0004901073989458382,0.0003836494288407266,-0.00038364954525604844,0.000680692377500236,-0.0006806925521232188,0.0031835134141147137,-0.0031835134141147137,0.00018865684978663921,-0.00018865661695599556,-0.00019680970581248403,0.00019680982222780585,0.000866372138261795,-0.000866372138261795,0.00044767456711269915,-0.0004476745962165296,0.0004494007444009185,-0.00044940088992007077,0.0025021997280418873,-0.0025021997280418873,0.004133881069719791,-0.004133881069719791,0.0003335963701829314,-0.00033359648659825325,-2.7947011403739452e-05,2.794695319607854e-05,0.000327557121636346,-0.000327557121636346,0.0014775160234421492,-0.0014775160234421492,-0.0016933016013354063,0.00169330183416605],[-0.02695685625076294,0.027956854552030563,-0.015026511624455452,0.015026511624455452,-0.016913019120693207,0.016913019120693207,0.006688128225505352,-0.006688128691166639,-0.005254553630948067,0.005254553630948067,-0.0002655650023370981,0.00026556645752862096,-0.00018652289872989058,0.0001865229569375515,0.0036007871385663748,-0.0036007871385663748,0.0023300866596400738,-0.00233008642680943,-0.002611669711768627,0.00261166924610734,-0.00019827429787255824,0.0001982743851840496,0.0041301012970507145,-0.004130100831389427,-0.0004901076317764819,0.0004901073989458382,-0.0003836494288407266,0.00038364954525604844,-0.000680692377500236,0.0006806925521232188,-0.0031835134141147137,0.0031835134141147137,-0.00018865684978663921,0.00018865661695599556,0.00019680970581248403,-0.00019680982222780585,-0.000866372138261795,0.000866372138261795,-0.00044767456711269915,0.0004476745962165296,-0.0004494007444009185,0.00044940088992007077,-0.0025021997280418873,0.0025021997280418873,-0.004133881069719791,0.004133881069719791,-0.0003335963701829314,0.00033359648659825325,2.7947011403739452e-05,-2.794695319607854e-05,-0.000327557121636346,0.000327557121636346,-0.0014775160234421492,0.0014775160234421492,0.0016933016013354063,-0.00169330183416605],[0.015026511624455452,-0.015026511624455452,0.062238581478595734,-0.06123858317732811,0.01614653319120407,-0.01614653319120407,-0.0020245718769729137,0.00202457164414227,-0.00867253914475441,0.00867253728210926,-0.0008984182495623827,0.0008984166197478771,0.005459917709231377,-0.005459918640553951,0.012464715167880058,-0.012464714236557484,0.009936686605215073,-0.009936685673892498,-0.0014101506676524878,0.0014101506676524878,-0.0008037278312258422,0.0008037275983951986,0.0027723191305994987,-0.0027723191305994987,-0.000552199431695044,0.0005521991988644004,0.002597267273813486,-0.002597266808152199,0.0022604125551879406,-0.002260413486510515,-0.0010642653796821833,0.0010642658453434706,0.0018444834277033806,-0.0018444834277033806,0.001136242295615375,-0.0011362424120306969,0.005053127650171518,-0.005053127650171518,0.0015329440357163548,-0.0015329438028857112,-0.0005400835070759058,0.0005400834488682449,0.002980028046295047,-0.002980028046295047,0.004057680256664753,-0.004057680256664753,0.0012498724972829223,-0.0012498719152063131,0.0005171903176233172,-0.0005171904340386391,0.0005684387870132923,-0.0005684388452209532,0.00045078195398673415,-0.0004507818666752428,0.002841666806489229,-0.002841666340827942],[-0.015026511624455452,0.015026511624455452,-0.06123858317732811,0.06223858520388603,-0.01614653319120407,0.01614653319120407,0.0020245718769729137,-0.00202457164414227,0.00867253914475441,-0.00867253728210926,0.0008984182495623827,-0.0008984166197478771,-0.005459917709231377,0.005459918640553951,-0.012464715167880058,0.012464714236557484,-0.009936686605215073,0.009936685673892498,0.0014101506676524878,-0.0014101506676524878,0.0008037278312258422,-0.0008037275983951986,-0.0027723191305994987,0.0027723191305994987,0.000552199431695044,-0.0005521991988644004,-0.002597267273813486,0.002597266808152199,-0.0022604125551879406,0.002260413486510515,0.0010642653796821833,-0.0010642658453434706,-0.0018444834277033806,0.0018444834277033806,-0.001136242295615375,0.0011362424120306969,-0.005053127650171518,0.005053127650171518,-0.0015329440357163548,0.0015329438028857112,0.0005400835070759058,-0.0005400834488682449,-0.002980028046295047,0.002980028046295047,-0.004057680256664753,0.004057680256664753,-0.0012498724972829223,0.0012498719152063131,-0.0005171903176233172,0.0005171904340386391,-0.0005684387870132923,0.0005684388452209532,-0.00045078195398673415,0.0004507818666752428,-0.002841666806489229,0.002841666340827942],[0.016913019120693207,-0.016913019120693207,0.01614653319120407,-0.01614653319120407,0.01882735639810562,-0.017827358096837997,-0.0027954101096838713,0.0027954101096838713,0.0041928645223379135,-0.0041928645223379135,-0.0011584414169192314,0.001158441067673266,0.0007285792380571365,-0.0007285788888111711,0.0005866644205525517,-0.0005866640130989254,0.00411180080845952,-0.004111799877136946,-4.555830673780292e-05,4.555833584163338e-05,-0.0015197191387414932,0.0015197191387414932,-0.0012099981540814042,0.0012099981540814042,0.0006762120174244046,-0.0006762121920473874,0.0009846227476373315,-0.0009846226312220097,0.0011198559077456594,-0.0011198560241609812,0.003479235339909792,-0.003479235339909792,0.0006467115017585456,-0.0006467116181738675,0.0007242803694680333,-0.0007242803694680333,0.0027969451621174812,-0.0027969451621174812,0.0004761212912853807,-0.0004761213203892112,0.001111985882744193,-0.001111985882744193,0.00030179996974766254,-0.00030179996974766254,0.0012428528862074018,-0.0012428530026227236,0.00041961795068345964,-0.0004196179215796292,0.0005135018145665526,-0.0005135016981512308,0.00020288625091779977,-0.000202886265469715,0.0004794179112650454,-0.00047941782395355403,0.0003358321846462786,-0.0003358322137501091],[-0.016913019120693207,0.016913019120693207,-0.01614653319120407,0.01614653319120407,-0.017827358096837997,0.01882735639810562,0.002795409644022584,-0.0027954098768532276,-0.0041928645223379135,0.0041928645223379135,0.0011584413005039096,-0.0011584404855966568,-0.0007285799365490675,0.0007285798201337457,-0.0005866650608368218,0.0005866647697985172,-0.004111800342798233,0.004111799411475658,4.5558539568446577e-05,-4.555856867227703e-05,0.0015197187894955277,-0.001519718673080206,0.0012099987361580133,-0.0012099987361580133,-0.0006762115517631173,0.0006762119010090828,-0.0009846226312220097,0.0009846227476373315,-0.0011198556749150157,0.0011198559077456594,-0.0034792358055710793,0.003479235339909792,-0.0006467114435508847,0.0006467115599662066,-0.0007242808351293206,0.0007242807187139988,-0.0027969449292868376,0.0027969449292868376,-0.00047612155321985483,0.000476121436804533,-0.0011119857663288713,0.0011119857663288713,-0.00030179976602084935,0.00030179976602084935,-0.0012428531190380454,0.0012428532354533672,-0.0004196178924757987,0.00041961786337196827,-0.0005135019309818745,0.0005135018727742136,-0.00020288661471568048,0.00020288664381951094,-0.00047941823140718043,0.00047941814409568906,-0.00033583282493054867,0.0003358329413458705],[-0.006688128225505352,0.006688128225505352,-0.0020245718769729137,0.0020245718769729137,-0.0027954101096838713,0.002795409644022584,0.012858591973781586,-0.011858592741191387,0.0011147477198392153,-0.0011147477198392153,-0.0017934879288077354,0.0017934889765456319,0.0019268929027020931,-0.0019268931355327368,0.004835421685129404,-0.004835421685129404,0.0013369172811508179,-0.0013369163498282433,0.0036324828397482634,-0.0036324828397482634,-0.0018528104992583394,0.0018528110813349485,0.00020354895968921483,-0.00020354907610453665,-0.0031332881189882755,0.003133288584649563,0.0014152026269584894,-0.0014152026269584894,-0.0007400945178233087,0.0007400945760309696,0.0002070599584840238,-0.00020705972565338016,-0.00024353095795959234,0.00024353095795959234,-0.00025009276578202844,0.00025009276578202844,0.00024265212414320558,-0.00024265200772788376,-0.00021306320559233427,0.00021306320559233427,0.00022869181702844799,-0.00022869170061312616,-0.0015703821554780006,0.0015703821554780006,-0.003008994972333312,0.0030089952051639557,-0.0001899308990687132,0.00018993092817254364,-0.00031883944757282734,0.0003188394766766578,-0.0012325746938586235,0.0012325746938586235,-0.001800466445274651,0.001800466445274651,0.0009497916325926781,-0.0009497916325926781],[0.006688128691166639,-0.006688128691166639,0.00202457164414227,-0.00202457164414227,0.0027954101096838713,-0.0027954098768532276,-0.011858592741191387,0.01285859290510416,-0.0011147477198392153,0.0011147477198392153,0.0017934879288077354,-0.0017934889765456319,-0.0019268929027020931,0.0019268931355327368,-0.004835421685129404,0.004835421685129404,-0.0013369172811508179,0.0013369163498282433,-0.0036324828397482634,0.0036324828397482634,0.0018528104992583394,-0.0018528110813349485,-0.00020354895968921483,0.00020354907610453665,0.0031332881189882755,-0.003133288584649563,-0.0014152026269584894,0.0014152026269584894,0.0007400945178233087,-0.0007400945760309696,-0.0002070599584840238,0.00020705972565338016,0.00024353095795959234,-0.00024353095795959234,0.00025009276578202844,-0.00025009276578202844,-0.00024265212414320558,0.00024265200772788376,0.00021306320559233427,-0.00021306320559233427,-0.00022869181702844799,0.00022869170061312616,0.0015703821554780006,-0.0015703821554780006,0.003008994972333312,-0.0030089952051639557,0.0001899308990687132,-0.00018993092817254364,0.00031883944757282734,-0.0003188394766766578,0.0012325746938586235,-0.0012325746938586235,0.001800466445274651,-0.001800466445274651,-0.0009497916325926781,0.0009497916325926781],[0.005254553630948067,-0.005254553630948067,-0.00867253914475441,0.00867253914475441,0.0041928645223379135,-0.0041928645223379135,0.0011147477198392153,-0.0011147477198392153,0.009826017543673515,-0.008826018311083317,-0.0003818900731857866,0.00038189018960110843,0.000847235438413918,-0.000847235438413918,0.0009825335582718253,-0.0009825335582718253,-0.0001207507448270917,0.00012075167614966631,0.0016039740294218063,-0.0016039740294218063,-0.0007955337641760707,0.0007955336477607489,0.00022594662732444704,-0.00022594659822061658,-6.151245906949043e-05,6.15120807196945e-05,0.0007979607908055186,-0.0007979607908055186,0.0002787001139950007,-0.00027870037592947483,-0.00013686541933566332,0.00013686553575098515,-0.00027982948813587427,0.00027982942992821336,-0.0005220514722168446,0.0005220514722168446,0.002596926409751177,-0.002596926409751177,-0.00017164905148092657,0.00017164921155199409,0.00043064606143161654,-0.00043064606143161654,0.001174614648334682,-0.001174614648334682,0.0007494034362025559,-0.0007494034362025559,-9.188220428768545e-05,9.188226249534637e-05,-0.00033425819128751755,0.0003342581621836871,0.0008987501496449113,-0.0008987501496449113,0.0006812138017266989,-0.0006812138017266989,0.00019768186029978096,-0.00019768186029978096],[-0.005254553630948067,0.005254553630948067,0.00867253728210926,-0.00867253728210926,-0.0041928645223379135,0.0041928645223379135,-0.0011147477198392153,0.0011147477198392153,-0.008826018311083317,0.009826017543673515,0.00038188998587429523,-0.0003818897530436516,-0.0008472352055832744,0.0008472350891679525,-0.0009825341403484344,0.0009825341403484344,0.00012075190898030996,-0.00012075260747224092,-0.0016039740294218063,0.0016039740294218063,0.000795533531345427,-0.0007955337641760707,-0.00022594715119339526,0.0002259470638819039,6.151178968138993e-05,-6.151152774691582e-05,-0.0007979607908055186,0.0007979607908055186,-0.00027870023041032255,0.0002787004632409662,0.00013686611782759428,-0.00013686605961993337,0.00027982942992821336,-0.0002798295463435352,0.0005220514722168446,-0.0005220515304245055,-0.002596926409751177,0.002596926409751177,0.00017164887685794383,-0.00017164899327326566,-0.0004306459741201252,0.0004306459741201252,-0.0011746145319193602,0.0011746145319193602,-0.0007494031451642513,0.0007494030869565904,9.188210970023647e-05,-9.188216790789738e-05,0.00033425824949517846,-0.000334258220391348,-0.0008987502660602331,0.0008987502660602331,-0.0006812135688960552,0.0006812135106883943,-0.0001976816274691373,0.0001976816274691373],[0.0002655650023370981,-0.0002655650023370981,-0.0008984182495623827,0.0008984182495623827,-0.0011584414169192314,0.0011584413005039096,-0.0017934879288077354,0.0017934879288077354,-0.0003818900731857866,0.00038188998587429523,0.005865656770765781,-0.004865656141191721,0.0003010947839356959,-0.0003010947839356959,-0.0003013977548107505,0.0003013978130184114,0.0005896516377106309,-0.0005896518705412745,-0.0010827123187482357,0.0010827124351635575,0.002235674997791648,-0.0022356747649610043,0.0005272452835924923,-0.0005272453418001533,0.0004440490447450429,-0.00044404916116036475,-0.001481346320360899,0.001481346320360899,0.0008664956549182534,-0.0008664956549182534,-0.0007144097471609712,0.0007144097471609712,0.0005332000437192619,-0.0005332001019269228,0.000420297437813133,-0.000420297437813133,6.879247666802257e-05,-6.879246939206496e-05,0.0004133168840780854,-0.00041331685497425497,-0.00011449500743765384,0.00011449499288573861,0.000790039193816483,-0.000790039193816483,0.00045122677693143487,-0.00045122677693143487,0.0003541696642059833,-0.00035416960599832237,0.0003727621806319803,-0.0003727621806319803,0.00039119322900660336,-0.00039119322900660336,-0.00023631184012629092,0.00023631186923012137,-0.0001421547494828701,0.0001421547494828701],[-0.00026556645752862096,0.00026556645752862096,0.0008984166197478771,-0.0008984166197478771,0.001158441067673266,-0.0011584404855966568,0.0017934889765456319,-0.0017934889765456319,0.00038189018960110843,-0.0003818897530436516,-0.004865656141191721,0.005865657702088356,-0.00030109507497400045,0.00030109507497400045,0.0003013976674992591,-0.0003013977548107505,-0.0005896521615795791,0.0005896525690332055,0.0010827126679942012,-0.0010827126679942012,-0.0022356747649610043,0.0022356747649610043,-0.0005272447597235441,0.000527244817931205,-0.00044404930667951703,0.0004440493357833475,0.001481346320360899,-0.001481346320360899,-0.0008664956549182534,0.0008664957131259143,0.0007144093979150057,-0.0007144093979150057,-0.0005332002183422446,0.0005332002183422446,-0.00042029755422845483,0.00042029761243611574,-6.879252032376826e-05,6.879252032376826e-05,-0.0004133168840780854,0.0004133168840780854,0.0001144948328146711,-0.0001144948328146711,-0.0007900394266471267,0.0007900394266471267,-0.00045122712617740035,0.00045122712617740035,-0.0003541696351021528,0.0003541695768944919,-0.00037276215152814984,0.0003727621806319803,-0.0003911932872142643,0.0003911932872142643,0.00023631179647054523,-0.00023631175281479955,0.00014215472037903965,-0.00014215472037903965],[0.00018652289872989058,-0.00018652289872989058,0.005459917709231377,-0.005459917709231377,0.0007285792380571365,-0.0007285799365490675,0.0019268929027020931,-0.0019268929027020931,0.000847235438413918,-0.0008472352055832744,0.0003010947839356959,-0.00030109507497400045,0.009808545000851154,-0.008808543905615807,0.0035512344911694527,-0.003551234258338809,0.0017663680482655764,-0.0017663681646808982,0.0009210400166921318,-0.0009210400166921318,0.00010797775030368939,-0.00010797775030368939,3.249396104365587e-05,-3.249372821301222e-05,0.0006603460060432553,-0.0006603457150049508,0.00042577562271617353,-0.0004257755063008517,0.0005889841122552752,-0.0005889841704629362,-0.00108610768802464,0.0010861079208552837,8.299808541778475e-05,-8.299793989863247e-05,-0.0007998241344466805,0.0007998240180313587,9.878311539068818e-05,-9.878311539068818e-05,0.0002663743798620999,-0.0002663742925506085,-0.0003016727860085666,0.000301672873320058,0.0003482745378278196,-0.0003482745378278196,0.0008357991464436054,-0.0008357990882359445,-7.651221676496789e-05,7.651235500816256e-05,-0.0006382879801094532,0.0006382878636941314,-0.00023688192595727742,0.00023688192595727742,0.00017395745089743286,-0.00017395743634551764,0.001432711724191904,-0.001432711724191904],[-0.0001865229569375515,0.0001865229569375515,-0.005459918640553951,0.005459918640553951,-0.0007285788888111711,0.0007285798201337457,-0.0019268931355327368,0.0019268931355327368,-0.000847235438413918,0.0008472350891679525,-0.0003010947839356959,0.00030109507497400045,-0.008808543905615807,0.00980854406952858,-0.0035512340255081654,0.0035512337926775217,-0.00176636828109622,0.0017663681646808982,-0.0009210401331074536,0.0009210402495227754,-0.00010797772119985893,0.00010797769209602848,-3.2493844628334045e-05,3.249378642067313e-05,-0.0006603456567972898,0.0006603453657589853,-0.00042577480780892074,0.00042577492422424257,-0.0005889839958399534,0.0005889841122552752,0.0010861075716093183,-0.0010861079208552837,-8.299820183310658e-05,8.299817272927612e-05,0.0007998239016160369,-0.0007998237852007151,-9.878294076770544e-05,9.878294076770544e-05,-0.00026637440896593034,0.00026637435075826943,0.00030167284421622753,-0.00030167290242388844,-0.00034827430499717593,0.00034827430499717593,-0.0008357989136129618,0.0008357988554053009,7.651210034964606e-05,-7.651220948901027e-05,0.0006382879801094532,-0.0006382879801094532,0.00023688212968409061,-0.00023688212968409061,-0.00017395720351487398,0.00017395718896295875,-0.0014327114913612604,0.0014327114913612604],[-0.0036007871385663748,0.0036007871385663748,0.012464715167880058,-0.012464715167880058,0.0005866644205525517,-0.0005866650608368218,0.004835421685129404,-0.004835421685129404,0.0009825335582718253,-0.0009825341403484344,-0.0003013977548107505,0.0003013976674992591,0.0035512344911694527,-0.0035512340255081654,0.01560672465711832,-0.014606722630560398,0.00471604336053133,-0.00471604336053133,3.176112659275532e-05,-3.17614758387208e-05,0.00086126261157915,-0.0008612627862021327,0.0010158878285437822,-0.0010158878285437822,-0.001611943356692791,0.0016119434731081128,0.00017236584972124547,-0.0001723660243442282,-0.0009492154931649566,0.0009492153767496347,-0.0010789469815790653,0.0010789467487484217,-0.0007285218453034759,0.0007285218453034759,-0.0012030665529891849,0.0012030663201585412,0.0011559865670278668,-0.0011559865670278668,-0.0005955860251560807,0.0005955860251560807,-0.00046113019925542176,0.00046113019925542176,-0.0004579902160912752,0.0004579902160912752,0.0004314587276894599,-0.0004314587567932904,-0.0005333697190508246,0.0005333698354661465,-0.0008201365126296878,0.0008201365126296878,0.00030690518906340003,-0.0003069051599595696,-0.00034257792867720127,0.00034257787046954036,0.0011323340004310012,-0.0011323340004310012],[0.0036007871385663748,-0.0036007871385663748,-0.012464714236557484,0.012464714236557484,-0.0005866640130989254,0.0005866647697985172,-0.004835421685129404,0.004835421685129404,-0.0009825335582718253,0.0009825341403484344,0.0003013978130184114,-0.0003013977548107505,-0.003551234258338809,0.0035512337926775217,-0.014606722630560398,0.015606721863150597,-0.004716043826192617,0.00471604336053133,-3.176135942339897e-05,3.176112659275532e-05,-0.0008612623205408454,0.0008612627862021327,-0.0010158877121284604,0.0010158878285437822,0.0016119428910315037,-0.0016119428910315037,-0.00017236550047528,0.00017236590792890638,0.0009492151439189911,-0.0009492151439189911,0.0010789463995024562,-0.0010789467487484217,0.0007285219617187977,-0.0007285220781341195,0.0012030666694045067,-0.0012030666694045067,-0.0011559862177819014,0.0011559863341972232,0.0005955857923254371,-0.0005955859669484198,0.00046113008284009993,-0.0004611301119439304,0.0004579905071295798,-0.0004579905071295798,-0.0004314584075473249,0.0004314584657549858,0.0005333700100891292,-0.0005333700682967901,0.0008201365126296878,-0.0008201365126296878,-0.0003069049562327564,0.0003069049271289259,0.000342578103300184,-0.0003425780450925231,-0.001132333418354392,0.001132333418354392],[-0.0023300866596400738,0.0023300866596400738,0.009936686605215073,-0.009936686605215073,0.00411180080845952,-0.004111800342798233,0.0013369172811508179,-0.0013369172811508179,-0.0001207507448270917,0.00012075190898030996,0.0005896516377106309,-0.0005896521615795791,0.0017663680482655764,-0.00176636828109622,0.00471604336053133,-0.004716043826192617,0.014340328983962536,-0.013340328820049763,-0.00019242055714130402,0.00019242055714130402,0.002225063741207123,-0.002225063741207123,0.0011722949566319585,-0.0011722950730472803,-0.000864923931658268,0.0008649236988276243,-0.0008506301091983914,0.0008506299927830696,0.00037651241291314363,-0.00037651241291314363,-0.0004068512935191393,0.0004068512935191393,0.00016034694272093475,-0.0001603469718247652,0.000474484171718359,-0.0004744843172375113,0.0004884309018962085,-0.0004884309018962085,-1.6032703570090234e-05,1.603273267392069e-05,0.0009084950434044003,-0.0009084949269890785,-0.000543081434443593,0.0005430813762359321,0.0009409895283170044,-0.0009409894701093435,4.4735774281434715e-05,-4.473565786611289e-05,-2.04311654670164e-05,2.0431194570846856e-05,-0.0007861999329179525,0.0007861999911256135,-0.0003008783096447587,0.0003008783096447587,-0.00013362342724576592,0.00013362348545342684],[0.00233008642680943,-0.00233008642680943,-0.009936685673892498,0.009936685673892498,-0.004111799877136946,0.004111799411475658,-0.0013369163498282433,0.0013369163498282433,0.00012075167614966631,-0.00012075260747224092,-0.0005896518705412745,0.0005896525690332055,-0.0017663681646808982,0.0017663681646808982,-0.00471604336053133,0.00471604336053133,-0.013340328820049763,0.014340326189994812,0.0001924217795021832,-0.00019242166308686137,-0.002225063741207123,0.002225063508376479,-0.0011722947238013148,0.0011722948402166367,0.0008649231167510152,-0.0008649231167510152,0.0008506303420290351,-0.0008506304584443569,-0.0003765120345633477,0.00037651206366717815,0.0004068510024808347,-0.0004068510024808347,-0.0001603467098902911,0.000160346768097952,-0.0004744842881336808,0.00047448434634134173,-0.0004884307272732258,0.0004884307854808867,1.6032863641157746e-05,-1.6032863641157746e-05,-0.0009084949269890785,0.0009084949269890785,0.0005430812598206103,-0.0005430812016129494,-0.0009409896447323263,0.0009409896447323263,-4.4735759729519486e-05,4.473565786611289e-05,2.0431194570846856e-05,-2.04311654670164e-05,0.0007861999329179525,-0.0007861998747102916,0.0003008786588907242,-0.00030087860068306327,0.00013362389290705323,-0.00013362383469939232],[0.002611669711768627,-0.002611669711768627,-0.0014101506676524878,0.0014101506676524878,-4.555830673780292e-05,4.5558539568446577e-05,0.0036324828397482634,-0.0036324828397482634,0.0016039740294218063,-0.0016039740294218063,-0.0010827123187482357,0.0010827126679942012,0.0009210400166921318,-0.0009210401331074536,3.176112659275532e-05,-3.176135942339897e-05,-0.00019242055714130402,0.0001924217795021832,0.011311217211186886,-0.010311216115951538,-0.002509887795895338,0.0025098882615566254,0.003726967377588153,-0.003726967377588153,0.0011747616808861494,-0.0011747617973014712,-0.0007890114211477339,0.000789011362940073,0.0009744024719111621,-0.0009744024719111621,-0.000333866075379774,0.0003338661335874349,0.0003179670311510563,-0.0003179670311510563,0.0007395708817057312,-0.0007395709399133921,0.0008513559587299824,-0.0008513559587299824,0.0007065876270644367,-0.0007065876270644367,0.00025256682420149446,-0.00025256682420149446,0.00047345561324618757,-0.00047345561324618757,4.7545821871608496e-05,-4.754585097543895e-05,0.0004533238534349948,-0.0004533238534349948,0.0005306945531629026,-0.0005306945531629026,-0.0003524923522491008,0.0003524923522491008,-0.001206334214657545,0.001206334331072867,-0.00018674766761250794,0.00018674763850867748],[-0.00261166924610734,0.00261166924610734,0.0014101506676524878,-0.0014101506676524878,4.555833584163338e-05,-4.555856867227703e-05,-0.0036324828397482634,0.0036324828397482634,-0.0016039740294218063,0.0016039740294218063,0.0010827124351635575,-0.0010827126679942012,-0.0009210400166921318,0.0009210402495227754,-3.17614758387208e-05,3.176112659275532e-05,0.00019242055714130402,-0.00019242166308686137,-0.010311216115951538,0.011311217211186886,0.002509887795895338,-0.0025098882615566254,-0.003726967377588153,0.003726967377588153,-0.0011747616808861494,0.0011747617973014712,0.0007890114211477339,-0.000789011362940073,-0.0009744024719111621,0.0009744024719111621,0.000333866075379774,-0.0003338661335874349,-0.0003179670311510563,0.0003179670311510563,-0.0007395708817057312,0.0007395709399133921,-0.0008513559587299824,0.0008513559587299824,-0.0007065876270644367,0.0007065876270644367,-0.00025256682420149446,0.00025256682420149446,-0.00047345561324618757,0.00047345561324618757,-4.7545821871608496e-05,4.754585097543895e-05,-0.0004533238534349948,0.0004533238534349948,-0.0005306945531629026,0.0005306945531629026,0.0003524923522491008,-0.0003524923522491008,0.001206334214657545,-0.001206334331072867,0.00018674766761250794,-0.00018674763850867748],[0.00019827429787255824,-0.00019827429787255824,-0.0008037278312258422,0.0008037278312258422,-0.0015197191387414932,0.0015197187894955277,-0.0018528104992583394,0.0018528104992583394,-0.0007955337641760707,0.000795533531345427,0.002235674997791648,-0.0022356747649610043,0.00010797775030368939,-0.00010797772119985893,0.00086126261157915,-0.0008612623205408454,0.002225063741207123,-0.002225063741207123,-0.002509887795895338,0.002509887795895338,0.0037334703374654055,-0.002733467845246196,-0.0003902400494553149,0.0003902400494553149,0.0005090768099762499,-0.0005090769263915718,-0.0002504332805983722,0.0002504332805983722,0.0006533980485983193,-0.0006533979903906584,0.00042329798452556133,-0.00042329804273322225,0.00044175301445648074,-0.00044175301445648074,0.0002449904568493366,-0.00024499051505699754,-8.012606122065336e-05,8.012606122065336e-05,0.00034871749812737107,-0.00034871749812737107,0.00033743801759555936,-0.00033743801759555936,-4.508474376052618e-07,4.5087654143571854e-07,0.0006122130434960127,-0.0006122129852883518,0.00022697303211316466,-0.00022697301756124943,8.925404108595103e-05,-8.925403380999342e-05,0.00010617973748594522,-0.00010617973748594522,-5.2368595788720995e-05,5.2368595788720995e-05,-0.00012905584299005568,0.00012905584299005568],[-0.0001982743851840496,0.0001982743851840496,0.0008037275983951986,-0.0008037275983951986,0.0015197191387414932,-0.001519718673080206,0.0018528110813349485,-0.0018528110813349485,0.0007955336477607489,-0.0007955337641760707,-0.0022356747649610043,0.0022356747649610043,-0.00010797775030368939,0.00010797769209602848,-0.0008612627862021327,0.0008612627862021327,-0.002225063741207123,0.002225063508376479,0.0025098882615566254,-0.0025098882615566254,-0.002733467845246196,0.0037334684748202562,0.0003902400494553149,-0.0003902400494553149,-0.0005090768099762499,0.0005090769263915718,0.0002504332805983722,-0.0002504332805983722,-0.0006533980485983193,0.0006533979903906584,-0.00042329798452556133,0.00042329804273322225,-0.00044175301445648074,0.00044175301445648074,-0.0002449904568493366,0.00024499051505699754,8.012606122065336e-05,-8.012606122065336e-05,-0.00034871749812737107,0.00034871749812737107,-0.00033743801759555936,0.00033743801759555936,4.508474376052618e-07,-4.5087654143571854e-07,-0.0006122130434960127,0.0006122129852883518,-0.00022697303211316466,0.00022697301756124943,-8.925404108595103e-05,8.925403380999342e-05,-0.00010617973748594522,0.00010617973748594522,5.2368595788720995e-05,-5.2368595788720995e-05,0.00012905584299005568,-0.00012905584299005568],[-0.0041301012970507145,0.0041301012970507145,0.0027723191305994987,-0.0027723191305994987,-0.0012099981540814042,0.0012099987361580133,0.00020354895968921483,-0.00020354895968921483,0.00022594662732444704,-0.00022594715119339526,0.0005272452835924923,-0.0005272447597235441,3.249396104365587e-05,-3.2493844628334045e-05,0.0010158878285437822,-0.0010158877121284604,0.0011722949566319585,-0.0011722947238013148,0.003726967377588153,-0.003726967377588153,-0.0003902400494553149,0.0003902400494553149,0.006039960775524378,-0.005039961077272892,-1.1994110536761582e-05,1.1994110536761582e-05,-0.0007379770977422595,0.0007379772141575813,0.00022724438167642802,-0.0002272443671245128,-0.0027206316590309143,0.0027206314262002707,0.0001449552073609084,-0.00014495517825707793,-0.0003318229573778808,0.00033182278275489807,0.00032256479607895017,-0.0003225647669751197,7.716877735219896e-05,-7.716878462815657e-05,-0.0010012730490416288,0.0010012731654569507,-0.0004200843977741897,0.0004200843395665288,0.00029061330133117735,-0.0002906133304350078,0.00012710994633380324,-0.00012710994633380324,-0.00020398506603669375,0.00020398512424435467,0.0001880234485724941,-0.00018802343402057886,-0.0003143599897157401,0.00031436001881957054,0.0004956448683515191,-0.0004956448683515191],[0.004130100831389427,-0.004130100831389427,-0.0027723191305994987,0.0027723191305994987,0.0012099981540814042,-0.0012099987361580133,-0.00020354907610453665,0.00020354907610453665,-0.00022594659822061658,0.0002259470638819039,-0.0005272453418001533,0.000527244817931205,-3.249372821301222e-05,3.249378642067313e-05,-0.0010158878285437822,0.0010158878285437822,-0.0011722950730472803,0.0011722948402166367,-0.003726967377588153,0.003726967377588153,0.0003902400494553149,-0.0003902400494553149,-0.005039961077272892,0.006039962638169527,1.1994008673354983e-05,-1.1994095984846354e-05,0.0007379775634035468,-0.0007379776798188686,-0.00022724441078025848,0.0002272444689879194,0.002720631193369627,-0.002720631193369627,-0.0001449552655685693,0.00014495523646473885,0.00033182278275489807,-0.000331822840962559,-0.00032256494159810245,0.00032256494159810245,-7.716874097241089e-05,7.716872642049566e-05,0.0010012730490416288,-0.0010012730490416288,0.0004200842813588679,-0.0004200842813588679,-0.0002906133304350078,0.0002906134177464992,-0.00012711010640487075,0.00012711004819720984,0.00020398492051754147,-0.00020398497872520238,-0.00018802349222823977,0.000188023506780155,0.0003143599897157401,-0.00031435996061190963,-0.00049564492655918,0.0004956449847668409],[0.0004901076317764819,-0.0004901076317764819,-0.000552199431695044,0.000552199431695044,0.0006762120174244046,-0.0006762115517631173,-0.0031332881189882755,0.0031332881189882755,-6.151245906949043e-05,6.151178968138993e-05,0.0004440490447450429,-0.00044404930667951703,0.0006603460060432553,-0.0006603456567972898,-0.001611943356692791,0.0016119428910315037,-0.000864923931658268,0.0008649231167510152,0.0011747616808861494,-0.0011747616808861494,0.0005090768099762499,-0.0005090768099762499,-1.1994110536761582e-05,1.1994008673354983e-05,0.008871578611433506,-0.007871577516198158,0.0013892441056668758,-0.0013892441056668758,0.0004949383437633514,-0.0004949384019710124,-0.0002655397984199226,0.00026553982752375305,0.000236337014939636,-0.0002363369712838903,0.000279607018455863,-0.00027960704755969346,-0.0003308190207462758,0.0003308190207462758,0.00020857485651504248,-0.00020857484196312726,-0.0002998932613991201,0.0002998932613991201,0.00017189086065627635,-0.0001718908315524459,-1.222419086843729e-05,1.222419086843729e-05,1.763137333909981e-05,-1.7631369701121002e-05,4.4659220293397084e-05,-4.4659220293397084e-05,-0.00045761349610984325,0.0004576135252136737,-0.00047425812226720154,0.0004742582095786929,-0.000509884615894407,0.0005098845576867461],[-0.0004901073989458382,0.0004901073989458382,0.0005521991988644004,-0.0005521991988644004,-0.0006762121920473874,0.0006762119010090828,0.003133288584649563,-0.003133288584649563,6.15120807196945e-05,-6.151152774691582e-05,-0.00044404916116036475,0.0004440493357833475,-0.0006603457150049508,0.0006603453657589853,0.0016119434731081128,-0.0016119428910315037,0.0008649236988276243,-0.0008649231167510152,-0.0011747617973014712,0.0011747617973014712,-0.0005090769263915718,0.0005090769263915718,1.1994110536761582e-05,-1.1994095984846354e-05,-0.007871577516198158,0.008871577680110931,-0.0013892438728362322,0.0013892437564209104,-0.0004949385765939951,0.0004949385765939951,0.0002655399148352444,-0.0002655399439390749,-0.00023633692762814462,0.0002363369712838903,-0.000279607018455863,0.000279607018455863,0.00033081925357691944,-0.0003308191953692585,-0.00020857484196312726,0.00020857482741121203,0.0002998933778144419,-0.000299893319606781,-0.00017189071513712406,0.00017189071513712406,1.2224074453115463e-05,-1.222419086843729e-05,-1.7631329683354124e-05,1.7631438822718337e-05,-4.465931124286726e-05,4.465927486307919e-05,0.0004576134087983519,-0.0004576134087983519,0.00047425832599401474,-0.0004742583550978452,0.0005098844994790852,-0.0005098844994790852],[0.0003836494288407266,-0.0003836494288407266,0.002597267273813486,-0.002597267273813486,0.0009846227476373315,-0.0009846226312220097,0.0014152026269584894,-0.0014152026269584894,0.0007979607908055186,-0.0007979607908055186,-0.001481346320360899,0.001481346320360899,0.00042577562271617353,-0.00042577480780892074,0.00017236584972124547,-0.00017236550047528,-0.0008506301091983914,0.0008506303420290351,-0.0007890114211477339,0.0007890114211477339,-0.0002504332805983722,0.0002504332805983722,-0.0007379770977422595,0.0007379775634035468,0.0013892441056668758,-0.0013892438728362322,0.008978845551609993,-0.00797884538769722,-0.00018906098557636142,0.00018906089826487005,-0.001237770658917725,0.001237770658917725,-0.00042564154136925936,0.00042564148316159844,-0.00028803167515434325,0.00028803167515434325,0.0018560145981609821,-0.0018560145981609821,-0.00028973096050322056,0.0002897310769185424,-0.0003103115886915475,0.00031031155958771706,0.0005255292635411024,-0.0005255292635411024,0.0012772530317306519,-0.0012772530317306519,-0.0003885917249135673,0.0003885917831212282,-0.00053489173296839,0.00053489173296839,0.00048383366083726287,-0.00048383366083726287,0.0007830474642105401,-0.0007830474060028791,0.0003832185175269842,-0.0003832185175269842],[-0.00038364954525604844,0.00038364954525604844,-0.002597266808152199,0.002597266808152199,-0.0009846226312220097,0.0009846227476373315,-0.0014152026269584894,0.0014152026269584894,-0.0007979607908055186,0.0007979607908055186,0.001481346320360899,-0.001481346320360899,-0.0004257755063008517,0.00042577492422424257,-0.0001723660243442282,0.00017236590792890638,0.0008506299927830696,-0.0008506304584443569,0.000789011362940073,-0.000789011362940073,0.0002504332805983722,-0.0002504332805983722,0.0007379772141575813,-0.0007379776798188686,-0.0013892441056668758,0.0013892437564209104,-0.00797884538769722,0.008978845551609993,0.00018906098557636142,-0.00018906089826487005,0.001237770658917725,-0.001237770658917725,0.00042564154136925936,-0.00042564148316159844,0.00028803167515434325,-0.00028803167515434325,-0.0018560145981609821,0.0018560145981609821,0.00028973096050322056,-0.0002897310769185424,0.0003103115886915475,-0.00031031155958771706,-0.0005255292635411024,0.0005255292635411024,-0.0012772530317306519,0.0012772530317306519,0.0003885917249135673,-0.0003885917831212282,0.00053489173296839,-0.00053489173296839,-0.00048383366083726287,0.00048383366083726287,-0.0007830474642105401,0.0007830474060028791,-0.0003832185175269842,0.0003832185175269842],[0.000680692377500236,-0.000680692377500236,0.0022604125551879406,-0.0022604125551879406,0.0011198559077456594,-0.0011198556749150157,-0.0007400945178233087,0.0007400945178233087,0.0002787001139950007,-0.00027870023041032255,0.0008664956549182534,-0.0008664956549182534,0.0005889841122552752,-0.0005889839958399534,-0.0009492154931649566,0.0009492151439189911,0.00037651241291314363,-0.0003765120345633477,0.0009744024719111621,-0.0009744024719111621,0.0006533980485983193,-0.0006533980485983193,0.00022724438167642802,-0.00022724441078025848,0.0004949383437633514,-0.0004949385765939951,-0.00018906098557636142,0.00018906098557636142,0.0034380594734102488,-0.0024380595423281193,0.001473966520279646,-0.0014739667531102896,0.001401796005666256,-0.001401796005666256,0.0011871880851686,-0.0011871880851686,0.00028329878114163876,-0.00028329878114163876,0.0010177852818742394,-0.0010177852818742394,0.0006843556184321642,-0.0006843556184321642,8.01257265266031e-05,-8.012574107851833e-05,0.0008885955321602523,-0.0008885955321602523,0.0007180572720244527,-0.0007180572138167918,0.0006157977040857077,-0.0006157977040857077,0.0006301460089161992,-0.0006301460089161992,-0.00038897618651390076,0.00038897618651390076,4.6548841055482626e-05,-4.6548841055482626e-05],[-0.0006806925521232188,0.0006806925521232188,-0.002260413486510515,0.002260413486510515,-0.0011198560241609812,0.0011198559077456594,0.0007400945760309696,-0.0007400945760309696,-0.00027870037592947483,0.0002787004632409662,-0.0008664956549182534,0.0008664957131259143,-0.0005889841704629362,0.0005889841122552752,0.0009492153767496347,-0.0009492151439189911,-0.00037651241291314363,0.00037651206366717815,-0.0009744024719111621,0.0009744024719111621,-0.0006533979903906584,0.0006533979903906584,-0.0002272443671245128,0.0002272444689879194,-0.0004949384019710124,0.0004949385765939951,0.00018906089826487005,-0.00018906089826487005,-0.0024380595423281193,0.0034380583092570305,-0.001473966520279646,0.0014739667531102896,-0.0014017958892509341,0.0014017958892509341,-0.0011871880851686,0.0011871880851686,-0.0002832990721799433,0.00028329913038760424,-0.0010177853982895613,0.0010177853982895613,-0.0006843555602245033,0.0006843555602245033,-8.012585749384016e-05,8.012586476979777e-05,-0.0008885957067832351,0.0008885957067832351,-0.0007180572138167918,0.0007180571556091309,-0.0006157977622933686,0.0006157977622933686,-0.0006301460089161992,0.0006301460089161992,0.00038897624472156167,-0.00038897618651390076,-4.654898657463491e-05,4.654898657463491e-05],[0.0031835134141147137,-0.0031835134141147137,-0.0010642653796821833,0.0010642653796821833,0.003479235339909792,-0.0034792358055710793,0.0002070599584840238,-0.0002070599584840238,-0.00013686541933566332,0.00013686611782759428,-0.0007144097471609712,0.0007144093979150057,-0.00108610768802464,0.0010861075716093183,-0.0010789469815790653,0.0010789463995024562,-0.0004068512935191393,0.0004068510024808347,-0.000333866075379774,0.000333866075379774,0.00042329798452556133,-0.00042329798452556133,-0.0027206316590309143,0.002720631193369627,-0.0002655397984199226,0.0002655399148352444,-0.001237770658917725,0.001237770658917725,0.001473966520279646,-0.001473966520279646,0.002202660543844104,-0.0012026592157781124,0.0007907841936685145,-0.0007907841936685145,0.000993597088381648,-0.0009935969719663262,-0.0018853247165679932,0.0018853247165679932,0.0007045274833217263,-0.0007045274251140654,0.0008716303273104131,-0.0008716302691027522,0.0007707657641731203,-0.0007707657059654593,0.0009675323963165283,-0.0009675323963165283,0.0005827415734529495,-0.0005827415734529495,0.0006070945528335869,-0.000607094494625926,-0.0012792341876775026,0.0012792341876775026,-0.00023060703824739903,0.00023060700914356858,0.0001705457252683118,-0.0001705457252683118],[-0.0031835134141147137,0.0031835134141147137,0.0010642658453434706,-0.0010642658453434706,-0.003479235339909792,0.003479235339909792,-0.00020705972565338016,0.00020705972565338016,0.00013686553575098515,-0.00013686605961993337,0.0007144097471609712,-0.0007144093979150057,0.0010861079208552837,-0.0010861079208552837,0.0010789467487484217,-0.0010789467487484217,0.0004068512935191393,-0.0004068510024808347,0.0003338661335874349,-0.0003338661335874349,-0.00042329804273322225,0.00042329804273322225,0.0027206314262002707,-0.002720631193369627,0.00026553982752375305,-0.0002655399439390749,0.001237770658917725,-0.001237770658917725,-0.0014739667531102896,0.0014739667531102896,-0.0012026592157781124,0.002202659612521529,-0.0007907843100838363,0.0007907843100838363,-0.000993597088381648,0.000993597088381648,0.0018853251822292805,-0.0018853251822292805,-0.0007045273669064045,0.0007045273669064045,-0.0008716302108950913,0.0008716301526874304,-0.00