{"epoch":0,"H":[[0.011965162120759487,-0.010965162888169289,0.00785998534411192,-0.007859984412789345,0.007643394637852907,-0.00764339417219162,0.0004524883988779038,-0.0004524884279817343,0.008983849547803402,-0.008983849547803402,-0.0015585883520543575,0.001558588701300323,0.0041188811883330345,-0.0041188811883330345,0.009278425015509129,-0.00927842315286398,0.0013653895584866405,-0.0013653893256559968,0.0008061847765929997,-0.0008061850676313043,8.65278416313231e-05,-8.652731776237488e-05,0.003749013878405094,-0.003749013878405094,-0.0018928522476926446,0.0018928518984466791,0.0026456601917743683,-0.0026456606574356556,-0.00042747287079691887,0.00042747287079691887,0.0015263949753716588,-0.0015263949753716588,-0.00025564071256667376,0.00025564065435901284,0.0001452139113098383,-0.0001452139695174992,0.001165923778899014,-0.0011659238953143358,0.00023406537366099656,-0.0002340653445571661,0.0002014356869040057,-0.0002014356869040057,0.0009476557024754584,-0.0009476557024754584,0.001976317958906293,-0.0019763181917369366,-3.20528051815927e-05,3.2052863389253616e-05,0.0002761714858934283,-0.0002761715149972588,0.0006924936315044761,-0.0006924936315044761,2.063048304989934e-05,-2.0630541257560253e-05,-0.0006683558458462358,0.0006683558458462358],[-0.010965162888169289,0.011965161189436913,-0.00785998534411192,0.007859984412789345,-0.007643394637852907,0.00764339417219162,-0.0004524883988779038,0.0004524884279817343,-0.008983849547803402,0.008983849547803402,0.0015585883520543575,-0.001558588701300323,-0.0041188811883330345,0.0041188811883330345,-0.009278425015509129,0.00927842315286398,-0.0013653895584866405,0.0013653893256559968,-0.0008061847765929997,0.0008061850676313043,-8.65278416313231e-05,8.652731776237488e-05,-0.003749013878405094,0.003749013878405094,0.0018928522476926446,-0.0018928518984466791,-0.0026456601917743683,0.0026456606574356556,0.00042747287079691887,-0.00042747287079691887,-0.0015263949753716588,0.0015263949753716588,0.00025564071256667376,-0.00025564065435901284,-0.0001452139113098383,0.0001452139695174992,-0.001165923778899014,0.0011659238953143358,-0.00023406537366099656,0.0002340653445571661,-0.0002014356869040057,0.0002014356869040057,-0.0009476557024754584,0.0009476557024754584,-0.001976317958906293,0.0019763181917369366,3.20528051815927e-05,-3.2052863389253616e-05,-0.0002761714858934283,0.0002761715149972588,-0.0006924936315044761,0.0006924936315044761,-2.063048304989934e-05,2.0630541257560253e-05,0.0006683558458462358,-0.0006683558458462358],[0.00785998534411192,-0.00785998534411192,0.04233890026807785,-0.041338901966810226,0.010363624431192875,-0.01036362536251545,0.007526017259806395,-0.0075260186567902565,0.016689518466591835,-0.016689518466591835,-0.0018063309835270047,0.001806332147680223,0.007005157880485058,-0.007005157880485058,0.012954145669937134,-0.012954145669937134,0.001847163774073124,-0.0018471635412424803,0.007563665509223938,-0.007563665509223938,-0.0020397596526890993,0.0020397603511810303,-0.0006202079821377993,0.0006202082149684429,0.004072698764503002,-0.004072699695825577,0.0031835371628403664,-0.0031835378613322973,-0.0014464925043284893,0.001446492737159133,-0.0008613140671513975,0.0008613141835667193,-0.0012919718865305185,0.0012919718865305185,0.00020346936071291566,-0.0002034693316090852,0.00212428392842412,-0.00212428392842412,-0.0005828120047226548,0.0005828120047226548,-0.0011137051042169333,0.0011137049878016114,0.0010691056959331036,-0.0010691055795177817,-0.0013618984958156943,0.001361898728646338,-0.0006079004961065948,0.0006079002632759511,0.00016288815822917968,-0.00016288843471556902,-0.00011538248509168625,0.00011538248509168625,-5.3367402870208025e-05,5.336751928552985e-05,0.001045901793986559,-0.001045901793986559],[-0.007859984412789345,0.007859984412789345,-0.041338901966810226,0.04233890399336815,-0.010363624431192875,0.01036362536251545,-0.007526017259806395,0.007526017725467682,-0.016689516603946686,0.016689516603946686,0.0018063322640955448,-0.0018063329625874758,-0.0070051588118076324,0.0070051588118076324,-0.012954146601259708,0.012954145669937134,-0.001847163774073124,0.0018471640069037676,-0.007563665509223938,0.007563665509223938,0.0020397601183503866,-0.0020397608168423176,0.0006202090298756957,-0.0006202093791216612,-0.004072698764503002,0.004072698764503002,-0.00318353739567101,0.003183538094162941,0.0014464926207438111,-0.001446492737159133,0.0008613147656433284,-0.0008613148238509893,0.0012919721193611622,-0.0012919721193611622,-0.00020346924429759383,0.00020346924429759383,-0.0021242829971015453,0.0021242829971015453,0.000582811888307333,-0.0005828120629303157,0.0011137051042169333,-0.0011137051042169333,-0.0010691049974411726,0.0010691049974411726,0.0013618993107229471,-0.0013618995435535908,0.0006079010781832039,-0.0006079010781832039,-0.00016288830374833196,0.00016288866754621267,0.00011538318358361721,-0.00011538295075297356,5.336842150427401e-05,-5.336845060810447e-05,-0.0010459013283252716,0.0010459013283252716],[0.007643394637852907,-0.007643394637852907,0.010363624431192875,-0.010363624431192875,0.01846599578857422,-0.017465997487306595,0.0016092659207060933,-0.0016092659207060933,0.005346518941223621,-0.005346519406884909,0.001353528001345694,-0.0013535276520997286,0.0009117706213146448,-0.0009117709705606103,0.003543248400092125,-0.0035432486329227686,-0.002404246712103486,0.0024042471777647734,0.0017901082755997777,-0.0017901085084304214,-0.0009260272490791976,0.0009260271326638758,0.0021583205088973045,-0.0021583205088973045,-0.004892726428806782,0.0048927259631454945,0.004929674323648214,-0.004929674323648214,3.106135409325361e-05,-3.10612958855927e-05,0.003598269075155258,-0.003598269075155258,-1.0247196769341826e-05,1.0247225873172283e-05,0.0009659877978265285,-0.0009659879142418504,0.0005823911633342505,-0.0005823911633342505,0.00011310556146781892,-0.00011310563422739506,0.0015256332699209452,-0.0015256331535056233,0.0011142229195684195,-0.0011142229195684195,0.0017706630751490593,-0.001770663307979703,1.522083766758442e-05,-1.5220794011838734e-05,0.0006926350761204958,-0.0006926350179128349,-0.0001606286969035864,0.0001606286969035864,0.0003527193912304938,-0.0003527193912304938,0.00014924528659321368,-0.00014924517017789185],[-0.00764339417219162,0.00764339417219162,-0.01036362536251545,0.01036362536251545,-0.017465997487306595,0.018465999513864517,-0.0016092660371214151,0.0016092662699520588,-0.005346518941223621,0.005346518941223621,-0.0013535276520997286,0.0013535269536077976,-0.0009117705631069839,0.0009117709705606103,-0.003543247701600194,0.0035432479344308376,0.0024042476434260607,-0.0024042476434260607,-0.0017901082755997777,0.0017901082755997777,0.0009260269580408931,-0.0009260274237021804,-0.002158320974558592,0.0021583205088973045,0.0048927259631454945,-0.0048927259631454945,-0.004929674323648214,0.004929675254970789,-3.1060713808983564e-05,3.106083022430539e-05,-0.003598268609493971,0.003598268609493971,1.0247371392324567e-05,-1.0247284080833197e-05,-0.0009659877978265285,0.0009659879142418504,-0.0005823911051265895,0.0005823911633342505,-0.00011310551781207323,0.00011310545960441232,-0.001525632687844336,0.0015256328042596579,-0.001114222570322454,0.001114222570322454,-0.0017706631915643811,0.001770663307979703,-1.5220808563753963e-05,1.5220794011838734e-05,-0.0006926350179128349,0.000692634959705174,0.00016062881331890821,-0.00016062878421507776,-0.00035271915839985013,0.00035271915839985013,-0.0001492450392106548,0.00014924506831448525],[0.0004524883988779038,-0.0004524883988779038,0.007526017259806395,-0.007526017259806395,0.0016092659207060933,-0.0016092660371214151,0.021557096391916275,-0.020557094365358353,0.007936409674584866,-0.007936408743262291,0.0008423966355621815,-0.0008423960534855723,0.008896485902369022,-0.008896485902369022,0.009386291727423668,-0.009386290796101093,-0.0011939303949475288,0.0011939305113628507,0.003586934646591544,-0.003586934646591544,0.002079111523926258,-0.0020791105926036835,0.0003450586227700114,-0.00034505873918533325,-0.0007120106020011008,0.0007120103109627962,-0.0010528052225708961,0.0010528051061555743,-0.0011661510216072202,0.0011661510216072202,0.00027625286020338535,-0.00027625286020338535,-0.0005580764845944941,0.0005580764845944941,-0.0008984174928627908,0.0008984174928627908,-0.00018175627337768674,0.00018175633158534765,-0.00011296008597128093,0.00011296010779915377,0.0005366975674405694,-0.0005366976256482303,0.0006425841129384935,-0.0006425841129384935,0.0014143399894237518,-0.0014143399894237518,-0.0002499549009371549,0.00024995493004098535,-0.0005176838021725416,0.0005176838603802025,-0.0008768659317865968,0.000876865815371275,0.0007467589457519352,-0.0007467589457519352,-0.00016901371418498456,0.00016901371418498456],[-0.0004524884279817343,0.0004524884279817343,-0.0075260186567902565,0.007526017725467682,-0.0016092659207060933,0.0016092662699520588,-0.020557094365358353,0.021557092666625977,-0.007936409674584866,0.00793641060590744,-0.0008423966937698424,0.0008423963445238769,-0.008896486833691597,0.008896486833691597,-0.009386290796101093,0.009386290796101093,0.0011939305113628507,-0.0011939307441934943,-0.003586934646591544,0.003586934879422188,-0.0020791117567569017,0.0020791112910956144,-0.00034505920484662056,0.0003450589720159769,0.0007120101363398135,-0.0007120099617168307,0.0010528051061555743,-0.0010528049897402525,0.0011661507887765765,-0.0011661507887765765,-0.0002762525691650808,0.0002762525691650808,0.0005580766010098159,-0.0005580766010098159,0.0008984177256934345,-0.0008984175510704517,0.00018175662262365222,-0.0001817565644159913,0.00011296008597128093,-0.00011296010779915377,-0.0005366975092329085,0.0005366975092329085,-0.0006425835890695453,0.0006425835890695453,-0.0014143392909318209,0.001414339174516499,0.0002499546972103417,-0.0002499546972103417,0.0005176838021725416,-0.0005176838603802025,0.0008768658735789359,-0.000876865815371275,-0.0007467585965059698,0.0007467586547136307,0.00016901417984627187,-0.00016901417984627187],[0.008983849547803402,-0.008983849547803402,0.016689518466591835,-0.016689516603946686,0.005346518941223621,-0.005346518941223621,0.007936409674584866,-0.007936409674584866,0.01553604006767273,-0.014536040835082531,-0.00230414979159832,0.00230414979159832,0.0042509702034294605,-0.0042509702034294605,0.004525504074990749,-0.004525504074990749,-0.00798285473138094,0.00798285473138094,0.004636048339307308,-0.004636047873646021,-0.000622183782979846,0.000622183782979846,0.002115484094247222,-0.002115484094247222,0.0005415597115643322,-0.0005415597697719932,0.0013865682994946837,-0.0013865684159100056,-0.0013711415231227875,0.0013711416395381093,0.00038323545595631003,-0.00038323545595631003,-0.0005282555357553065,0.0005282555357553065,-0.0008551154751330614,0.0008551154751330614,0.0009686729172244668,-0.0009686729172244668,-0.00013766903430223465,0.0001376690634060651,-4.935299511998892e-05,4.935299511998892e-05,-6.623733497690409e-06,6.623733497690409e-06,0.0006165917147882283,-0.000616591889411211,-0.00031331070931628346,0.0003133107384201139,-0.0003085117496084422,0.0003085117496084422,0.0001235353120137006,-0.0001235353120137006,0.0004757855203934014,-0.00047578554949723184,0.000642645638436079,-0.000642645638436079],[-0.008983849547803402,0.008983849547803402,-0.016689518466591835,0.016689516603946686,-0.005346519406884909,0.005346518941223621,-0.007936408743262291,0.00793641060590744,-0.014536040835082531,0.015536041930317879,0.00230414979159832,-0.00230414979159832,-0.0042509702034294605,0.0042509702034294605,-0.004525504074990749,0.004525504074990749,0.00798285473138094,-0.00798285473138094,-0.004636048339307308,0.004636047873646021,0.000622183782979846,-0.000622183782979846,-0.002115484094247222,0.002115484094247222,-0.0005415597115643322,0.0005415597697719932,-0.0013865682994946837,0.0013865684159100056,0.0013711415231227875,-0.0013711416395381093,-0.00038323545595631003,0.00038323545595631003,0.0005282555357553065,-0.0005282555357553065,0.0008551154751330614,-0.0008551154751330614,-0.0009686729172244668,0.0009686729172244668,0.00013766903430223465,-0.0001376690634060651,4.935299511998892e-05,-4.935299511998892e-05,6.623733497690409e-06,-6.623733497690409e-06,-0.0006165917147882283,0.000616591889411211,0.00031331070931628346,-0.0003133107384201139,0.0003085117496084422,-0.0003085117496084422,-0.0001235353120137006,0.0001235353120137006,-0.0004757855203934014,0.00047578554949723184,-0.000642645638436079,0.000642645638436079],[-0.0015585883520543575,0.0015585883520543575,-0.0018063309835270047,0.0018063322640955448,0.001353528001345694,-0.0013535276520997286,0.0008423966355621815,-0.0008423966937698424,-0.00230414979159832,0.00230414979159832,0.005920069292187691,-0.004920066334307194,0.0010688594775274396,-0.0010688594775274396,-0.0025305678136646748,0.0025305678136646748,0.0014073740458115935,-0.0014073740458115935,-0.0015052632661536336,0.00150526303332299,0.003338815178722143,-0.0033388149458914995,-0.0006693750037811697,0.0006693748873658478,-0.000639067031443119,0.000639067031443119,-0.0018806920852512121,0.0018806924344971776,0.001137557323090732,-0.001137557323090732,0.0013901120983064175,-0.0013901122147217393,0.0006271610036492348,-0.0006271610036492348,0.0004788306832779199,-0.000478830625070259,-1.490736030973494e-05,1.490736030973494e-05,0.0004760209412779659,-0.0004760209994856268,0.0004895674646832049,-0.0004895674646832049,0.00023788998078089207,-0.00023788998078089207,0.0008405629196204245,-0.0008405629778280854,0.0006518269656226039,-0.0006518269656226039,0.0003963950730394572,-0.00039639504393562675,8.446627180092037e-05,-8.446627180092037e-05,0.00030423206044360995,-0.00030423206044360995,-0.0003343024873174727,0.0003343024873174727],[0.001558588701300323,-0.001558588701300323,0.001806332147680223,-0.0018063329625874758,-0.0013535276520997286,0.0013535269536077976,-0.0008423960534855723,0.0008423963445238769,0.00230414979159832,-0.00230414979159832,-0.004920066334307194,0.005920065101236105,-0.001068859826773405,0.001068859826773405,0.0025305680464953184,-0.002530568279325962,-0.001407372998073697,0.001407372998073697,0.0015052628004923463,-0.00150526303332299,-0.003338815178722143,0.0033388149458914995,0.0006693748873658478,-0.0006693748291581869,0.00063906708965078,-0.00063906708965078,0.0018806917360052466,-0.0018806920852512121,-0.0011375572066754103,0.0011375572066754103,-0.0013901119818910956,0.0013901119818910956,-0.0006271609454415739,0.0006271610036492348,-0.000478830625070259,0.000478830625070259,1.4906981959939003e-05,-1.4906981959939003e-05,-0.0004760210867971182,0.0004760210867971182,-0.000489567406475544,0.000489567406475544,-0.00023789008264429867,0.00023789008264429867,-0.0008405630942434072,0.0008405632106587291,-0.0006518269656226039,0.0006518269656226039,-0.00039639530587010086,0.00039639518945477903,-8.446650463156402e-05,8.446649007964879e-05,-0.00030423200223594904,0.00030423200223594904,0.0003343022253829986,-0.00033430225448682904],[0.0041188811883330345,-0.0041188811883330345,0.007005157880485058,-0.0070051588118076324,0.0009117706213146448,-0.0009117705631069839,0.008896485902369022,-0.008896486833691597,0.0042509702034294605,-0.0042509702034294605,0.0010688594775274396,-0.001068859826773405,0.013998163864016533,-0.012998165562748909,0.005130709148943424,-0.005130709148943424,0.003818041179329157,-0.0038180407136678696,0.004202003590762615,-0.004202003590762615,0.0025613808538764715,-0.0025613801553845406,0.002620647195726633,-0.002620647195726633,0.0013374465052038431,-0.0013374465052038431,0.0028313868679106236,-0.002831387333571911,0.0015591825358569622,-0.0015591825358569622,-0.0006565379444509745,0.0006565379444509745,0.0011210993397980928,-0.0011210994562134147,0.00030692186555825174,-0.0003069218073505908,-3.471951640676707e-05,3.471950185485184e-05,0.0012365540023893118,-0.0012365541188046336,-0.00010531983571127057,0.00010531977750360966,-0.00012529651576187462,0.00012529648665804416,-9.950605453923345e-05,9.950614185072482e-05,0.001120247645303607,-0.001120247645303607,0.000564873858820647,-0.000564873858820647,0.0002842573740053922,-0.0002842573740053922,-0.0003897222923114896,0.0003897222923114896,-0.00037046114448457956,0.00037046114448457956],[-0.0041188811883330345,0.0041188811883330345,-0.007005157880485058,0.0070051588118076324,-0.0009117709705606103,0.0009117709705606103,-0.008896485902369022,0.008896486833691597,-0.0042509702034294605,0.0042509702034294605,-0.0010688594775274396,0.001068859826773405,-0.012998165562748909,0.013998162001371384,-0.005130709148943424,0.005130709148943424,-0.003818041179329157,0.0038180407136678696,-0.004202003590762615,0.004202003590762615,-0.0025613808538764715,0.0025613801553845406,-0.002620647195726633,0.002620647195726633,-0.0013374465052038431,0.0013374465052038431,-0.0028313868679106236,0.002831387333571911,-0.0015591825358569622,0.0015591825358569622,0.0006565379444509745,-0.0006565379444509745,-0.0011210993397980928,0.0011210994562134147,-0.00030692186555825174,0.0003069218073505908,3.471951640676707e-05,-3.471950185485184e-05,-0.0012365540023893118,0.0012365541188046336,0.00010531983571127057,-0.00010531977750360966,0.00012529651576187462,-0.00012529648665804416,9.950605453923345e-05,-9.950614185072482e-05,-0.001120247645303607,0.001120247645303607,-0.000564873858820647,0.000564873858820647,-0.0002842573740053922,0.0002842573740053922,0.0003897222923114896,-0.0003897222923114896,0.00037046114448457956,-0.00037046114448457956],[0.009278425015509129,-0.009278425015509129,0.012954145669937134,-0.012954146601259708,0.003543248400092125,-0.003543247701600194,0.009386291727423668,-0.009386290796101093,0.004525504074990749,-0.004525504074990749,-0.0025305678136646748,0.0025305680464953184,0.005130709148943424,-0.005130709148943424,0.014527211897075176,-0.013527210801839828,0.0033839228563010693,-0.0033839228563010693,0.0030440508853644133,-0.0030440508853644133,0.0006077395519241691,-0.0006077390280552208,0.000926898792386055,-0.000926898792386055,0.0009946274803951383,-0.0009946278296411037,0.002687465399503708,-0.0026874656323343515,4.777612048201263e-06,-4.777524736709893e-06,0.002957488875836134,-0.002957488875836134,-2.7121684979647398e-05,2.712156856432557e-05,-2.690736437216401e-06,2.6907946448773146e-06,0.0013553203316405416,-0.0013553203316405416,0.00043635317706502974,-0.0004363531188573688,0.0014481799444183707,-0.0014481799444183707,0.0017699990421533585,-0.0017699992749840021,0.0012001455761492252,-0.0012001455761492252,0.00018163066124543548,-0.00018163069034926593,7.626005390193313e-05,-7.626005390193313e-05,0.0019697786774486303,-0.0019697784446179867,0.0003884080215357244,-0.00038840813795104623,-0.0004884427762590349,0.0004884428344666958],[-0.00927842315286398,0.00927842315286398,-0.012954145669937134,0.012954145669937134,-0.0035432486329227686,0.0035432479344308376,-0.009386290796101093,0.009386290796101093,-0.004525504074990749,0.004525504074990749,0.0025305678136646748,-0.002530568279325962,-0.005130709148943424,0.005130709148943424,-0.013527210801839828,0.014527207240462303,-0.0033839233219623566,0.003383923089131713,-0.0030440492555499077,0.003044049721211195,-0.0006077394355088472,0.0006077387370169163,-0.000926898792386055,0.0009268988505937159,-0.0009946271311491728,0.0009946272475644946,-0.0026874656323343515,0.002687466563656926,-4.777306457981467e-06,4.77710273116827e-06,-0.0029574884101748466,0.0029574884101748466,2.7121539460495114e-05,-2.7121597668156028e-05,2.690649125725031e-06,-2.6907073333859444e-06,-0.0013553202152252197,0.0013553204480558634,-0.00043635303154587746,0.00043635303154587746,-0.0014481799444183707,0.001448179828003049,-0.0017699989257380366,0.0017699990421533585,-0.0012001453433185816,0.0012001453433185816,-0.0001816306757973507,0.00018163070490118116,-7.62600393500179e-05,7.625999569427222e-05,-0.001969778211787343,0.0019697779789566994,-0.00038840819615870714,0.0003884080797433853,0.0004884429508820176,-0.0004884429508820176],[0.0013653895584866405,-0.0013653895584866405,0.001847163774073124,-0.001847163774073124,-0.002404246712103486,0.0024042476434260607,-0.0011939303949475288,0.0011939305113628507,-0.00798285473138094,0.00798285473138094,0.0014073740458115935,-0.001407372998073697,0.003818041179329157,-0.003818041179329157,0.0033839228563010693,-0.0033839233219623566,0.013477448374032974,-0.012477446347475052,-0.002315425081178546,0.002315425081178546,0.002542072208598256,-0.002542071510106325,0.00015952206740621477,-0.00015952195099089295,-0.00169972307048738,0.0016997229540720582,0.000528063508681953,-0.000528063508681953,0.0003046200727112591,-0.00030462004360742867,0.0003216762561351061,-0.0003216763725504279,0.00010932031727861613,-0.00010932031727861613,-0.00031292729545384645,0.00031292723724618554,0.003001274075359106,-0.003001274075359106,0.0003102985501755029,-0.00031029852107167244,0.0010917717590928078,-0.0010917717590928078,0.0007689183694310486,-0.0007689183112233877,0.0010373264085501432,-0.0010373262921348214,0.0001305626647081226,-0.00013056269381195307,-0.0001708825002424419,0.00017088254389818758,0.0009053766261786222,-0.0009053766261786222,0.0004242272989358753,-0.0004242273571435362,0.0002800445072352886,-0.00028004456544294953],[-0.0013653893256559968,0.0013653893256559968,-0.0018471635412424803,0.0018471640069037676,0.0024042471777647734,-0.0024042476434260607,0.0011939305113628507,-0.0011939307441934943,0.00798285473138094,-0.00798285473138094,-0.0014073740458115935,0.001407372998073697,-0.0038180407136678696,0.0038180407136678696,-0.0033839228563010693,0.003383923089131713,-0.012477446347475052,0.013477446511387825,0.002315425081178546,-0.002315425081178546,-0.002542072208598256,0.002542071510106325,-0.00015952206740621477,0.00015952195099089295,0.00169972307048738,-0.0016997229540720582,-0.000528063508681953,0.000528063508681953,-0.0003046200727112591,0.00030462004360742867,-0.0003216762561351061,0.0003216763725504279,-0.00010932031727861613,0.00010932031727861613,0.00031292729545384645,-0.00031292723724618554,-0.003001274075359106,0.003001274075359106,-0.0003102985501755029,0.00031029852107167244,-0.0010917717590928078,0.0010917717590928078,-0.0007689183694310486,0.0007689183112233877,-0.0010373264085501432,0.0010373262921348214,-0.0001305626647081226,0.00013056269381195307,0.0001708825002424419,-0.00017088254389818758,-0.0009053766261786222,0.0009053766261786222,-0.0004242272989358753,0.0004242273571435362,-0.0002800445072352886,0.00028004456544294953],[0.0008061847765929997,-0.0008061847765929997,0.007563665509223938,-0.007563665509223938,0.0017901082755997777,-0.0017901082755997777,0.003586934646591544,-0.003586934646591544,0.004636048339307308,-0.004636048339307308,-0.0015052632661536336,0.0015052628004923463,0.004202003590762615,-0.004202003590762615,0.0030440508853644133,-0.0030440492555499077,-0.002315425081178546,0.002315425081178546,0.007502584718167782,-0.006502584554255009,0.0002132632362190634,-0.00021326319256331772,0.0014260993339121342,-0.0014260993339121342,-0.0007139952504076064,0.0007139952504076064,0.0004924921086058021,-0.0004924922250211239,-0.00010071226279251277,0.00010071232100017369,0.0005662367912009358,-0.000566236674785614,0.00017404236132279038,-0.00017404236132279038,0.00028154943720437586,-0.00028154943720437586,0.0010167933069169521,-0.0010167933069169521,0.0001910019782371819,-0.000191001920029521,-0.0001860243792179972,0.0001860243792179972,0.0003173273289576173,-0.0003173273289576173,0.0003285838756710291,-0.0003285838756710291,0.00021305642439983785,-0.0002130563952960074,0.00029373736470006406,-0.0002937373938038945,0.0002451328909955919,-0.00024513292009942234,0.0002412105823168531,-0.0002412105823168531,0.0010666315210983157,-0.0010666315210983157],[-0.0008061850676313043,0.0008061850676313043,-0.007563665509223938,0.007563665509223938,-0.0017901085084304214,0.0017901082755997777,-0.003586934646591544,0.003586934879422188,-0.004636047873646021,0.004636047873646021,0.00150526303332299,-0.00150526303332299,-0.004202003590762615,0.004202003590762615,-0.0030440508853644133,0.003044049721211195,0.002315425081178546,-0.002315425081178546,-0.006502584554255009,0.00750258332118392,-0.0002132631780114025,0.00021326319256331772,-0.0014260993339121342,0.001426099450327456,0.0007139953668229282,-0.0007139953668229282,-0.0004924924578517675,0.0004924926906824112,0.00010071243741549551,-0.00010071249562315643,-0.0005662365001626313,0.0005662363837473094,-0.00017404224490746856,0.00017404224490746856,-0.0002815496118273586,0.0002815494954120368,-0.0010167931905016303,0.0010167931905016303,-0.00019100194913335145,0.000191001920029521,0.0001860243792179972,-0.00018602435011416674,-0.0003173273289576173,0.0003173273289576173,-0.0003285838756710291,0.0003285838756710291,-0.00021305632253643125,0.00021305626432877034,-0.0002937373938038945,0.00029373745201155543,-0.0002451330074109137,0.0002451330656185746,-0.0002412106841802597,0.00024121071328409016,-0.0010666314046829939,0.0010666314046829939],[8.65278416313231e-05,-8.65278416313231e-05,-0.0020397596526890993,0.0020397601183503866,-0.0009260272490791976,0.0009260269580408931,0.002079111523926258,-0.0020791117567569017,-0.000622183782979846,0.000622183782979846,0.003338815178722143,-0.003338815178722143,0.0025613808538764715,-0.0025613808538764715,0.0006077395519241691,-0.0006077394355088472,0.002542072208598256,-0.002542072208598256,0.0002132632362190634,-0.0002132631780114025,0.005553017370402813,-0.004553015343844891,0.00011696518049575388,-0.00011696512228809297,-0.0005148313357494771,0.0005148313357494771,-0.00030348016298376024,0.0003034801920875907,0.000934677547775209,-0.000934677547775209,0.00019718249677680433,-0.00019718252588063478,0.00028915744042024016,-0.00028915744042024016,0.0002399656514171511,-0.00023996566596906632,0.00055988400708884,-0.00055988400708884,0.00030464475275948644,-0.00030464475275948644,0.00016199929814320058,-0.00016199928359128535,0.00041477952618151903,-0.0004147795552853495,0.0005764169036410749,-0.0005764169618487358,0.0004465471429284662,-0.0004465471429284662,0.00027159362798556685,-0.00027159362798556685,0.0004293674137443304,-0.0004293674137443304,0.0004940463695675135,-0.0004940463695675135,0.00033733778400346637,-0.00033733778400346637],[-8.652731776237488e-05,8.652731776237488e-05,0.0020397603511810303,-0.0020397608168423176,0.0009260271326638758,-0.0009260274237021804,-0.0020791105926036835,0.0020791112910956144,0.000622183782979846,-0.000622183782979846,-0.0033388149458914995,0.0033388149458914995,-0.0025613801553845406,0.0025613801553845406,-0.0006077390280552208,0.0006077387370169163,-0.002542071510106325,0.002542071510106325,-0.00021326319256331772,0.00021326319256331772,-0.004553015343844891,0.005553015507757664,-0.00011696465662680566,0.00011696474393829703,0.0005148315685801208,-0.0005148315103724599,0.0003034801920875907,-0.0003034803085029125,-0.000934677489567548,0.000934677489567548,-0.00019718261319212615,0.00019718261319212615,-0.0002891574986279011,0.0002891574986279011,-0.000239965709624812,0.00023996572417672724,-0.0005598837742581964,0.0005598837742581964,-0.0003046449273824692,0.0003046449273824692,-0.00016199928359128535,0.00016199928359128535,-0.00041477970080450177,0.00041477970080450177,-0.0005764171364717185,0.0005764171946793795,-0.0004465471429284662,0.0004465471429284662,-0.00027159362798556685,0.0002715935988817364,-0.0004293674137443304,0.0004293674137443304,-0.0004940466023981571,0.0004940466023981571,-0.00033733766758814454,0.00033733766758814454],[0.003749013878405094,-0.003749013878405094,-0.0006202079821377993,0.0006202090298756957,0.0021583205088973045,-0.002158320974558592,0.0003450586227700114,-0.00034505920484662056,0.002115484094247222,-0.002115484094247222,-0.0006693750037811697,0.0006693748873658478,0.002620647195726633,-0.002620647195726633,0.000926898792386055,-0.000926898792386055,0.00015952206740621477,-0.00015952206740621477,0.0014260993339121342,-0.0014260993339121342,0.00011696518049575388,-0.00011696465662680566,0.004715320188552141,-0.003715320024639368,0.00014314678264781833,-0.00014314681175164878,0.00227811885997653,-0.0022781190928071737,-0.00048253958811983466,0.00048253958811983466,0.0016774534014984965,-0.0016774535179138184,-0.00017073114577215165,0.00017073113122023642,0.00033824355341494083,-0.00033824366983026266,0.0016059994231909513,-0.0016059994231909513,-0.0001708518248051405,0.0001708518248051405,0.001373283681459725,-0.001373283681459725,0.0004914556047879159,-0.0004914556047879159,0.0009069092338904738,-0.0009069092338904738,-0.0003998336032964289,0.0003998336324002594,0.00033153966069221497,-0.00033153966069221497,0.0009573056595399976,-0.0009573056595399976,0.0015529447700828314,-0.0015529447700828314,0.0011374886380508542,-0.0011374886380508542],[-0.003749013878405094,0.003749013878405094,0.0006202082149684429,-0.0006202093791216612,-0.0021583205088973045,0.0021583205088973045,-0.00034505873918533325,0.0003450589720159769,-0.002115484094247222,0.002115484094247222,0.0006693748873658478,-0.0006693748291581869,-0.002620647195726633,0.002620647195726633,-0.000926898792386055,0.0009268988505937159,-0.00015952195099089295,0.00015952195099089295,-0.0014260993339121342,0.001426099450327456,-0.00011696512228809297,0.00011696474393829703,-0.003715320024639368,0.004715319722890854,-0.00014314668078441173,0.000143146826303564,-0.00227811885997653,0.0022781190928071737,0.00048253987915813923,-0.00048253985005430877,-0.0016774532850831747,0.0016774532850831747,0.00017073133494704962,-0.00017073133494704962,-0.00033824326237663627,0.0003382433787919581,-0.001605999656021595,0.001605999656021595,0.0001708520285319537,-0.000170851984876208,-0.0013732837978750467,0.0013732837978750467,-0.0004914554301649332,0.0004914554883725941,-0.0009069090592674911,0.0009069090010598302,0.00039983366150408983,-0.00039983366150408983,-0.00033153954427689314,0.00033153954427689314,-0.0009573056595399976,0.0009573057177476585,-0.0015529446536675096,0.0015529446536675096,-0.001137488754466176,0.001137488754466176],[-0.0018928522476926446,0.0018928522476926446,0.004072698764503002,-0.004072698764503002,-0.004892726428806782,0.0048927259631454945,-0.0007120106020011008,0.0007120101363398135,0.0005415597115643322,-0.0005415597115643322,-0.000639067031443119,0.00063906708965078,0.0013374465052038431,-0.0013374465052038431,0.0009946274803951383,-0.0009946271311491728,-0.00169972307048738,0.00169972307048738,-0.0007139952504076064,0.0007139953668229282,-0.0005148313357494771,0.0005148315685801208,0.00014314678264781833,-0.00014314668078441173,0.004933934658765793,-0.003933933563530445,-0.0004462348879314959,0.00044623491703532636,-0.0002875359496101737,0.00028753592050634325,0.0014272859552875161,-0.0014272859552875161,-0.00028838953585363925,0.0002883894485421479,-0.00017792065045796335,0.0001779206795617938,0.0006822909926995635,-0.0006822909926995635,-0.0003174554731231183,0.00031745541491545737,0.0014151539653539658,-0.0014151539653539658,-0.0002620475133880973,0.0002620475133880973,0.00039041173295117915,-0.00039041167474351823,-0.0002591037773527205,0.0002591038355603814,-6.695474439766258e-06,6.695510819554329e-06,-0.0001553682959638536,0.00015536826686002314,0.0009077477734535933,-0.0009077478316612542,6.37922203168273e-05,-6.37922203168273e-05],[0.0018928518984466791,-0.0018928518984466791,-0.004072699695825577,0.004072698764503002,0.0048927259631454945,-0.0048927259631454945,0.0007120103109627962,-0.0007120099617168307,-0.0005415597697719932,0.0005415597697719932,0.000639067031443119,-0.00063906708965078,-0.0013374465052038431,0.0013374465052038431,-0.0009946278296411037,0.0009946272475644946,0.0016997229540720582,-0.0016997229540720582,0.0007139952504076064,-0.0007139953668229282,0.0005148313357494771,-0.0005148315103724599,-0.00014314681175164878,0.000143146826303564,-0.003933933563530445,0.004933933727443218,0.00044623480062000453,-0.00044623480062000453,0.00028753571677953005,-0.00028753586229868233,-0.001427286071702838,0.001427286071702838,0.0002883895649574697,-0.0002883895649574697,0.00017792070866562426,-0.00017792070866562426,-0.0006822907598689198,0.0006822908180765808,0.0003174553858116269,-0.00031745541491545737,-0.0014151539653539658,0.0014151539653539658,0.00026204760069958866,-0.00026204760069958866,-0.00039041158743202686,0.00039041152922436595,0.0002591038937680423,-0.00025910386466421187,6.695525371469557e-06,-6.695590855088085e-06,0.00015536852879449725,-0.0001553685578983277,-0.0009077477152459323,0.0009077477734535933,-6.379214755725116e-05,6.379214755725116e-05],[0.0026456601917743683,-0.0026456601917743683,0.0031835371628403664,-0.00318353739567101,0.004929674323648214,-0.004929674323648214,-0.0010528052225708961,0.0010528051061555743,0.0013865682994946837,-0.0013865682994946837,-0.0018806920852512121,0.0018806917360052466,0.0028313868679106236,-0.0028313868679106236,0.002687465399503708,-0.0026874656323343515,0.000528063508681953,-0.000528063508681953,0.0004924921086058021,-0.0004924924578517675,-0.00030348016298376024,0.0003034801920875907,0.00227811885997653,-0.00227811885997653,-0.0004462348879314959,0.00044623480062000453,0.008356909267604351,-0.007356909103691578,-0.000985332764685154,0.000985332764685154,0.0002767667465377599,-0.00027676671743392944,-0.0005415398627519608,0.0005415398627519608,-9.475016850046813e-05,9.475019760429859e-05,0.0006669877911917865,-0.0006669879076071084,-0.00032250917865894735,0.0003225091495551169,0.0013715170789510012,-0.0013715170789510012,0.000829187803901732,-0.000829187803901732,0.0005482001579366624,-0.0005482001579366624,-0.00034613237949088216,0.00034613237949088216,-0.0001731543306959793,0.00017315440345555544,0.00040465896017849445,-0.00040465890197083354,-0.00028579795616678894,0.0002857979852706194,-0.0006692030001431704,0.0006692030001431704],[-0.0026456606574356556,0.0026456606574356556,-0.0031835378613322973,0.003183538094162941,-0.004929674323648214,0.004929675254970789,0.0010528051061555743,-0.0010528049897402525,-0.0013865684159100056,0.0013865684159100056,0.0018806924344971776,-0.0018806920852512121,-0.002831387333571911,0.002831387333571911,-0.0026874656323343515,0.002687466563656926,-0.000528063508681953,0.000528063508681953,-0.0004924922250211239,0.0004924926906824112,0.0003034801920875907,-0.0003034803085029125,-0.0022781190928071737,0.0022781190928071737,0.00044623491703532636,-0.00044623480062000453,-0.007356909103691578,0.0083569111302495,0.0009853325318545103,-0.0009853324154391885,-0.00027676703757606447,0.000276767008472234,0.0005415395717136562,-0.0005415395717136562,9.47502558119595e-05,-9.475037222728133e-05,-0.0006669880240224302,0.0006669880822300911,0.0003225089458283037,-0.0003225090040359646,-0.0013715170789510012,0.001371517195366323,-0.000829187803901732,0.000829187803901732,-0.0005482001579366624,0.0005482000997290015,0.0003461322921793908,-0.00034613226307556033,0.0001731543889036402,-0.00017315441800747067,-0.0004046588437631726,0.0004046587855555117,0.0002857979852706194,-0.0002857979852706194,0.0006692033493891358,-0.0006692033493891358],[-0.00042747287079691887,0.00042747287079691887,-0.0014464925043284893,0.0014464926207438111,3.106135409325361e-05,-3.1060713808983564e-05,-0.0011661510216072202,0.0011661507887765765,-0.0013711415231227875,0.0013711415231227875,0.001137557323090732,-0.0011375572066754103,0.0015591825358569622,-0.0015591825358569622,4.777612048201263e-06,-4.777306457981467e-06,0.0003046200727112591,-0.0003046200727112591,-0.00010071226279251277,0.00010071243741549551,0.000934677547775209,-0.000934677489567548,-0.00048253958811983466,0.00048253987915813923,-0.0002875359496101737,0.00028753571677953005,-0.000985332764685154,0.0009853325318545103,0.003478617873042822,-0.002478618174791336,0.0005712559213861823,-0.0005712559213861823,0.0013708006590604782,-0.0013708006590604782,0.0005376208573579788,-0.000537620740942657,-0.00032091751927509904,0.00032091757748275995,0.0011093500070273876,-0.0011093500070273876,-0.00022168214491102844,0.00022168214491102844,-0.000617552432231605,0.0006175523740239441,-0.000365995685569942,0.000365995685569942,0.0010180986719205976,-0.0010180985555052757,0.00048310047714039683,-0.00048310053534805775,2.876552753150463e-05,-2.8765469323843718e-05,-0.0007211045012809336,0.0007211044430732727,0.00029638787964358926,-0.00029638782143592834],[0.00042747287079691887,-0.00042747287079691887,0.001446492737159133,-0.001446492737159133,-3.10612958855927e-05,3.106083022430539e-05,0.0011661510216072202,-0.0011661507887765765,0.0013711416395381093,-0.0013711416395381093,-0.001137557323090732,0.0011375572066754103,-0.0015591825358569622,0.0015591825358569622,-4.777524736709893e-06,4.77710273116827e-06,-0.00030462004360742867,0.00030462004360742867,0.00010071232100017369,-0.00010071249562315643,-0.000934677547775209,0.000934677489567548,0.00048253958811983466,-0.00048253985005430877,0.00028753592050634325,-0.00028753586229868233,0.000985332764685154,-0.0009853324154391885,-0.002478618174791336,0.003478617873042822,-0.0005712558049708605,0.0005712558049708605,-0.0013708006590604782,0.0013708006590604782,-0.0005376209737733006,0.0005376209737733006,0.0003209177521057427,-0.00032091778120957315,-0.0011093500070273876,0.0011093500070273876,0.00022168204304762185,-0.0002216820139437914,0.000617552490439266,-0.000617552490439266,0.00036599551094695926,-0.00036599551094695926,-0.0010180985555052757,0.0010180985555052757,-0.00048310047714039683,0.0004831005062442273,-2.8765614842996e-05,2.8765585739165545e-05,0.0007211045594885945,-0.0007211045594885945,-0.0002963879960589111,0.0002963879960589111],[0.0015263949753716588,-0.0015263949753716588,-0.0008613140671513975,0.0008613147656433284,0.003598269075155258,-0.003598268609493971,0.00027625286020338535,-0.0002762525691650808,0.00038323545595631003,-0.00038323545595631003,0.0013901120983064175,-0.0013901119818910956,-0.0006565379444509745,0.0006565379444509745,0.002957488875836134,-0.0029574884101748466,0.0003216762561351061,-0.0003216762561351061,0.0005662367912009358,-0.0005662365001626313,0.00019718249677680433,-0.00019718261319212615,0.0016774534014984965,-0.0016774532850831747,0.0014272859552875161,-0.001427286071702838,0.0002767667465377599,-0.00027676703757606447,0.0005712559213861823,-0.0005712558049708605,0.008190400898456573,-0.007190400268882513,6.889105134177953e-05,-6.889105134177953e-05,0.0009437892003916204,-0.0009437892003916204,0.0023759612813591957,-0.0023759615141898394,0.00026077055372297764,-0.00026077055372297764,0.0010316426632925868,-0.0010316426632925868,0.0007713372469879687,-0.0007713373634032905,-7.858456228859723e-05,7.858456228859723e-05,0.00028190866578370333,-0.0002819086948875338,0.0008286667871288955,-0.0008286668453365564,0.0016084761591628194,-0.001608475809916854,-3.2541844120714813e-05,3.254185867263004e-05,-0.00016093319572973996,0.00016093318117782474],[-0.0015263949753716588,0.0015263949753716588,0.0008613141835667193,-0.0008613148238509893,-0.003598269075155258,0.003598268609493971,-0.00027625286020338535,0.0002762525691650808,-0.00038323545595631003,0.00038323545595631003,-0.0013901122147217393,0.0013901119818910956,0.0006565379444509745,-0.0006565379444509745,-0.002957488875836134,0.0029574884101748466,-0.0003216763725504279,0.0003216763725504279,-0.000566236674785614,0.0005662363837473094,-0.00019718252588063478,0.00019718261319212615,-0.0016774535179138184,0.0016774532850831747,-0.0014272859552875161,0.001427286071702838,-0.00027676671743392944,0.000276767008472234,-0.0005712559213861823,0.0005712558049708605,-0.007190400268882513,0.008190399035811424,-6.889097858220339e-05,6.889099313411862e-05,-0.0009437893168069422,0.0009437893168069422,-0.0023759615141898394,0.0023759615141898394,-0.0002607704955153167,0.0002607704955153167,-0.0010316426632925868,0.0010316426632925868,-0.0007713375380262733,0.0007713375380262733,7.85846496000886e-05,-7.85846496000886e-05,-0.0002819086948875338,0.0002819086948875338,-0.0008286669617518783,0.0008286669617518783,-0.00