{"epoch":0,"H":[[0.05298033729195595,-0.051980338990688324,0.01322643831372261,-0.013226437382400036,0.020292408764362335,-0.020292408764362335,0.005066805053502321,-0.005066805053502321,0.003408808261156082,-0.003408807795494795,0.000286681461147964,-0.0002866823924705386,0.006244533695280552,-0.006244533229619265,0.011182865127921104,-0.011182866990566254,0.004725926090031862,-0.004725927487015724,0.005670715123414993,-0.005670714657753706,-0.0014626095071434975,0.0014626092743128538,-0.00015655322931706905,0.0001565529964864254,-0.0040794964879751205,0.0040794964879751205,-0.0031379584688693285,0.003137958236038685,-0.0006636161706410348,0.0006636158213950694,0.0013066923711448908,-0.0013066919054836035,-0.0005743983783759177,0.0005743984947912395,-0.0015630983980372548,0.0015630988636985421,0.0003672582097351551,-0.00036725838435813785,-0.0005576413823291659,0.0005576412659138441,0.00280290306545794,-0.0028029028326272964,-0.0019020055187866092,0.0019020052859559655,-0.00028870487585663795,0.00028870487585663795,-0.0006816748064011335,0.0006816748064011335,-0.0012103284243494272,0.0012103287735953927,-0.0013444452779367566,0.0013444452779367566,-0.0007970611331984401,0.0007970610749907792,-0.0026041376404464245,0.0026041376404464245],[-0.051980338990688324,0.05298033729195595,-0.013226435519754887,0.013226435519754887,-0.020292408764362335,0.020292408764362335,-0.005066804587841034,0.005066804587841034,-0.0034088073298335075,0.0034088068641722202,-0.00028668128652498126,0.0002866827417165041,-0.006244532763957977,0.006244533229619265,-0.011182866990566254,0.011182866990566254,-0.004725927487015724,0.004725926090031862,-0.005670714657753706,0.005670714657753706,0.0014626086922362447,-0.0014626085758209229,0.00015655416063964367,-0.00015655416063964367,0.004079496022313833,-0.004079495556652546,0.003137958701699972,-0.003137958236038685,0.0006636156467720866,-0.0006636156467720866,-0.0013066919054836035,0.0013066920218989253,0.0005743980873376131,-0.0005743984365835786,0.001563098980113864,-0.0015630990965291858,-0.00036725791869685054,0.00036725791869685054,0.000557641324121505,-0.0005576413823291659,-0.0028029035311192274,0.00280290306545794,0.001902005635201931,-0.001902005635201931,0.0002887046430259943,-0.0002887046430259943,0.0006816750392317772,-0.000681675155647099,0.0012103286571800709,-0.0012103287735953927,0.0013444452779367566,-0.0013444452779367566,0.0007970605511218309,-0.00079706049291417,0.002604137407615781,-0.002604137174785137],[0.01322643831372261,-0.013226435519754887,0.04366323724389076,-0.04266323521733284,0.007759350351989269,-0.007759351283311844,0.00021910801297053695,-0.00021910827490501106,0.00153162342030555,-0.0015316233038902283,0.0022407700307667255,-0.002240770496428013,0.0017653503455221653,-0.0017653502291068435,0.009964986704289913,-0.009964987635612488,0.0037047567311674356,-0.003704757196828723,-0.0034952464047819376,0.003495246171951294,-0.0015335504431277514,0.001533549395389855,0.006692756898701191,-0.006692755967378616,-0.003912883345037699,0.003912883345037699,-0.0024445094168186188,0.002444509882479906,0.000236363586736843,-0.00023636367404833436,0.00192017643712461,-0.0019201762042939663,0.0001397332234773785,-0.00013973351451568305,-0.00045378273352980614,0.00045378264621831477,0.006770385894924402,-0.006770385894924402,0.0002415190392639488,-0.00024151860270649195,4.6229863073676825e-05,-4.6229863073676825e-05,0.0028130223508924246,-0.0028130223508924246,0.00431815255433321,-0.00431815255433321,0.00015638316108379513,-0.00015638330660294741,-0.0004947508568875492,0.0004947508568875492,0.0026919394731521606,-0.0026919394731521606,0.0014103938592597842,-0.0014103938592597842,0.0011169018689543009,-0.0011169019853696227],[-0.013226437382400036,0.013226435519754887,-0.04266323521733284,0.043663233518600464,-0.007759350351989269,0.007759351283311844,-0.00021910801297053695,0.00021910827490501106,-0.00153162342030555,0.0015316233038902283,-0.0022407700307667255,0.002240770496428013,-0.0017653503455221653,0.0017653502291068435,-0.009964986704289913,0.009964987635612488,-0.0037047567311674356,0.003704757196828723,0.0034952464047819376,-0.003495246171951294,0.0015335504431277514,-0.001533549395389855,-0.006692756898701191,0.006692755967378616,0.003912883345037699,-0.003912883345037699,0.0024445094168186188,-0.002444509882479906,-0.000236363586736843,0.00023636367404833436,-0.00192017643712461,0.0019201762042939663,-0.0001397332234773785,0.00013973351451568305,0.00045378273352980614,-0.00045378264621831477,-0.006770385894924402,0.006770385894924402,-0.0002415190392639488,0.00024151860270649195,-4.6229863073676825e-05,4.6229863073676825e-05,-0.0028130223508924246,0.0028130223508924246,-0.00431815255433321,0.00431815255433321,-0.00015638316108379513,0.00015638330660294741,0.0004947508568875492,-0.0004947508568875492,-0.0026919394731521606,0.0026919394731521606,-0.0014103938592597842,0.0014103938592597842,-0.0011169018689543009,0.0011169019853696227],[0.020292408764362335,-0.020292408764362335,0.007759350351989269,-0.007759350351989269,0.023462625220417976,-0.022462625056505203,0.004639516118913889,-0.0046395170502364635,0.005740920081734657,-0.005740920081734657,-0.00040993536822497845,0.00040993496077135205,0.002367426175624132,-0.002367425709962845,0.005066414829343557,-0.00506641436368227,0.006690183654427528,-0.006690183654427528,0.0015610919799655676,-0.0015610919799655676,9.81811317615211e-05,-9.818155376706272e-05,-0.0005461666150949895,0.0005461666733026505,0.0011211580131202936,-0.0011211587116122246,-0.0002536919782869518,0.00025369221111759543,-0.0007639824179932475,0.0007639823597855866,0.0005922634154558182,-0.0005922634154558182,-0.00045533166849054396,0.0004553318431135267,-0.001393903512507677,0.0013939038617536426,4.5400927774608135e-05,-4.5400927774608135e-05,-0.0004215841763652861,0.00042158429278060794,0.0008560622809454799,-0.0008560625137761235,-0.0011087855091318488,0.0011087855091318488,0.0010594200575724244,-0.0010594200575724244,-0.0001627731544431299,0.0001627732563065365,-0.0006993680726736784,0.0006993681890890002,0.000716226757504046,-0.0007162266410887241,0.00022039699251763523,-0.00022039699251763523,-0.0002732002758421004,0.0002732003340497613],[-0.020292408764362335,0.020292408764362335,-0.007759351283311844,0.007759351283311844,-0.022462625056505203,0.023462623357772827,-0.004639516118913889,0.0046395170502364635,-0.005740920081734657,0.005740920081734657,0.00040993536822497845,-0.00040993496077135205,-0.002367426175624132,0.002367425709962845,-0.005066414829343557,0.00506641436368227,-0.006690183654427528,0.006690183654427528,-0.0015610919799655676,0.0015610919799655676,-9.81811317615211e-05,9.818155376706272e-05,0.0005461666150949895,-0.0005461666733026505,-0.0011211580131202936,0.0011211587116122246,0.0002536919782869518,-0.00025369221111759543,0.0007639824179932475,-0.0007639823597855866,-0.0005922634154558182,0.0005922634154558182,0.00045533166849054396,-0.0004553318431135267,0.001393903512507677,-0.0013939038617536426,-4.5400927774608135e-05,4.5400927774608135e-05,0.0004215841763652861,-0.00042158429278060794,-0.0008560622809454799,0.0008560625137761235,0.0011087855091318488,-0.0011087855091318488,-0.0010594200575724244,0.0010594200575724244,0.0001627731544431299,-0.0001627732563065365,0.0006993680726736784,-0.0006993681890890002,-0.000716226757504046,0.0007162266410887241,-0.00022039699251763523,0.00022039699251763523,0.0002732002758421004,-0.0002732003340497613],[0.005066805053502321,-0.005066804587841034,0.00021910801297053695,-0.00021910801297053695,0.004639516118913889,-0.004639516118913889,0.021981123834848404,-0.02098112367093563,0.0032701841555535793,-0.0032701839227229357,0.0027993335388600826,-0.00279933400452137,0.009821036830544472,-0.009821037761867046,0.0028414763510227203,-0.002841476583853364,0.0018705576658248901,-0.0018705576658248901,0.00019359716679900885,-0.00019359710859134793,-9.79026808636263e-05,9.790307376533747e-05,-0.004325783811509609,0.0043257842771708965,-0.0035359635949134827,0.0035359635949134827,0.0016465652734041214,-0.001646565506234765,0.0003121478948742151,-0.0003121478948742151,0.005001509562134743,-0.005001509562134743,0.00036083703162148595,-0.0003608371189329773,0.0008739003096707165,-0.000873899960424751,0.003950935322791338,-0.003950935322791338,0.0002498650283087045,-0.0002498650283087045,0.0022252232301980257,-0.0022252234630286694,0.0006615201127715409,-0.0006615201127715409,4.9636029871180654e-05,-4.963605897501111e-05,0.00037864578189328313,-0.00037864578189328313,0.0005390302976593375,-0.0005390301230363548,0.002045342233031988,-0.002045342233031988,-9.668045095168054e-06,9.668045095168054e-06,0.0018284493125975132,-0.001828449429012835],[-0.005066805053502321,0.005066804587841034,-0.00021910827490501106,0.00021910827490501106,-0.0046395170502364635,0.0046395170502364635,-0.02098112367093563,0.021981121972203255,-0.0032701848540455103,0.0032701848540455103,-0.00279933400452137,0.00279933400452137,-0.009821037761867046,0.009821037761867046,-0.0028414768166840076,0.002841477282345295,-0.0018705582479014993,0.0018705582479014993,-0.0001935978652909398,0.00019359757425263524,9.790256444830447e-05,-9.79029864538461e-05,0.004325783345848322,-0.004325783811509609,0.0035359642934054136,-0.0035359638277441263,-0.0016465663211420178,0.0016465658554807305,-0.0003121481859125197,0.0003121480986010283,-0.005001509562134743,0.005001509562134743,-0.0003608371480368078,0.00036083717714063823,-0.0008739001932553947,0.0008739000768400729,-0.003950935322791338,0.003950935322791338,-0.0002498650283087045,0.0002498650283087045,-0.0022252232301980257,0.0022252232301980257,-0.0006615196471102536,0.0006615196471102536,-4.9635651521384716e-05,4.963562241755426e-05,-0.00037864578189328313,0.00037864578189328313,-0.0005390302976593375,0.0005390302976593375,-0.0020453420002013445,0.0020453420002013445,9.668146958574653e-06,-9.668117854744196e-06,-0.0018284489633515477,0.0018284489633515477],[0.003408808261156082,-0.0034088073298335075,0.00153162342030555,-0.00153162342030555,0.005740920081734657,-0.005740920081734657,0.0032701841555535793,-0.0032701848540455103,0.01048395223915577,-0.009483953937888145,0.0011916629737243056,-0.0011916629737243056,0.0038848244585096836,-0.00388482422567904,0.004305787850171328,-0.004305787850171328,0.000891821866389364,-0.0008918219245970249,0.001864464022219181,-0.001864464022219181,0.00023182958830147982,-0.0002318301412742585,-0.0002307654358446598,0.00023076555225998163,-0.0007378511945717037,0.0007378511363640428,0.00032672600354999304,-0.00032672600354999304,0.0012601204216480255,-0.0012601204216480255,0.004704354330897331,-0.004704354330897331,0.0006673302268609405,-0.0006673301104456186,0.000991184962913394,-0.000991184962913394,0.0012244116514921188,-0.0012244117679074407,0.0005550379282794893,-0.0005550379864871502,0.0013136561028659344,-0.0013136562192812562,-0.0001971792953554541,0.00019717926625162363,0.00020300633332226425,-0.0002030063624260947,0.0004453485016711056,-0.0004453484434634447,0.0004069037677254528,-0.0004069038259331137,0.0008933196077123284,-0.0008933196077123284,-0.00026566453743726015,0.00026566453743726015,0.0002310587151441723,-0.000231058758799918],[-0.003408807795494795,0.0034088068641722202,-0.0015316233038902283,0.0015316233038902283,-0.005740920081734657,0.005740920081734657,-0.0032701839227229357,0.0032701848540455103,-0.009483953937888145,0.010483953170478344,-0.0011916629737243056,0.0011916629737243056,-0.0038848244585096836,0.00388482422567904,-0.004305787850171328,0.004305787850171328,-0.000891821866389364,0.0008918219245970249,-0.001864464022219181,0.001864464022219181,-0.00023182958830147982,0.0002318301412742585,0.0002307654358446598,-0.00023076555225998163,0.0007378511945717037,-0.0007378511363640428,-0.00032672600354999304,0.00032672600354999304,-0.0012601204216480255,0.0012601204216480255,-0.004704354330897331,0.004704354330897331,-0.0006673302268609405,0.0006673301104456186,-0.000991184962913394,0.000991184962913394,-0.0012244116514921188,0.0012244117679074407,-0.0005550379282794893,0.0005550379864871502,-0.0013136561028659344,0.0013136562192812562,0.0001971792953554541,-0.00019717926625162363,-0.00020300633332226425,0.0002030063624260947,-0.0004453485016711056,0.0004453484434634447,-0.0004069037677254528,0.0004069038259331137,-0.0008933196077123284,0.0008933196077123284,0.00026566453743726015,-0.00026566453743726015,-0.0002310587151441723,0.000231058758799918],[0.000286681461147964,-0.00028668128652498126,0.0022407700307667255,-0.0022407700307667255,-0.00040993536822497845,0.00040993536822497845,0.0027993335388600826,-0.00279933400452137,0.0011916629737243056,-0.0011916629737243056,0.006149012129753828,-0.005149012431502342,0.0012316324282437563,-0.0012316326610744,0.0042311348952353,-0.004231135360896587,0.001013610977679491,-0.001013610977679491,-0.00010394726996310055,0.00010394715354777873,0.001479106256738305,-0.0014791067223995924,0.0013758772984147072,-0.001375877414830029,-0.0006119871977716684,0.0006119871977716684,0.001731831580400467,-0.0017318313475698233,0.0008573930244892836,-0.0008573930826969445,0.0013232870260253549,-0.0013232871424406767,0.000700409640558064,-0.000700409640558064,0.00047596546937711537,-0.00047596541116945446,0.0007169423042796552,-0.0007169423042796552,0.0004388625384308398,-0.0004388625384308398,0.0005937786772847176,-0.0005937786772847176,0.00030528713250532746,-0.00030528713250532746,2.7480713470140472e-05,-2.7480698918225244e-05,0.00034408626379445195,-0.00034408626379445195,0.00021476877736859024,-0.00021476871916092932,4.499901115195826e-05,-4.4999000238021836e-05,6.412802031263709e-05,-6.412802031263709e-05,0.0005247116205282509,-0.0005247117369435728],[-0.0002866823924705386,0.0002866827417165041,-0.002240770496428013,0.002240770496428013,0.00040993496077135205,-0.00040993496077135205,-0.00279933400452137,0.00279933400452137,-0.0011916629737243056,0.0011916629737243056,-0.005149012431502342,0.006149013061076403,-0.0012316327774897218,0.0012316328939050436,-0.004231135826557875,0.004231135826557875,-0.0010136114433407784,0.0010136113269254565,0.0001039470371324569,-0.0001039470371324569,-0.001479106373153627,0.0014791067223995924,-0.001375877414830029,0.0013758776476606727,0.0006119874306023121,-0.0006119873141869903,-0.0017318311147391796,0.0017318311147391796,-0.0008573930244892836,0.0008573930826969445,-0.0013232873752713203,0.0013232874916866422,-0.000700409640558064,0.000700409640558064,-0.0004759653238579631,0.00047596529475413263,-0.0007169425371102989,0.0007169425371102989,-0.00043886248022317886,0.00043886248022317886,-0.0005937789101153612,0.0005937789101153612,-0.00030528753995895386,0.00030528753995895386,-2.7480957214720547e-05,2.7480971766635776e-05,-0.00034408626379445195,0.0003440862346906215,-0.00021476871916092932,0.00021476867550518364,-4.499922215472907e-05,4.499920760281384e-05,-6.412851507775486e-05,6.412850780179724e-05,-0.0005247119115665555,0.0005247119697742164],[0.006244533695280552,-0.006244532763957977,0.0017653503455221653,-0.0017653503455221653,0.002367426175624132,-0.002367426175624132,0.009821036830544472,-0.009821037761867046,0.0038848244585096836,-0.0038848244585096836,0.0012316324282437563,-0.0012316327774897218,0.022073376923799515,-0.021073371171951294,0.007717481814324856,-0.007717481814324856,0.00595930777490139,-0.00595930777490139,0.0026627506595104933,-0.0026627506595104933,-0.00011386341066099703,0.00011386408004909754,-0.0007676243549212813,0.0007676243549212813,-0.004839171655476093,0.004839171655476093,0.0012272018939256668,-0.0012272020103409886,0.002271065255627036,-0.002271065255627036,0.0047902315855026245,-0.0047902315855026245,0.0012915910920128226,-0.0012915909755975008,0.0010272226063534617,-0.001027222373522818,0.0007753196405246854,-0.0007753195823170245,0.0007773155812174082,-0.0007773155812174082,0.0017908609006553888,-0.001790860784240067,0.0006210161373019218,-0.0006210161373019218,-3.6417332012206316e-06,3.6416895454749465e-06,0.0007871688576415181,-0.0007871688576415181,0.0002864234847947955,-0.0002864233683794737,0.0010466361418366432,-0.0010466359090059996,-0.0010285808239132166,0.0010285808239132166,0.0007273758528754115,-0.0007273759110830724],[-0.006244533229619265,0.006244533229619265,-0.0017653502291068435,0.0017653502291068435,-0.002367425709962845,0.002367425709962845,-0.009821037761867046,0.009821037761867046,-0.00388482422567904,0.00388482422567904,-0.0012316326610744,0.0012316328939050436,-0.021073371171951294,0.022073371335864067,-0.007717481814324856,0.007717480883002281,-0.005959308240562677,0.005959308240562677,-0.002662750193849206,0.0026627492625266314,0.00011386393452994525,-0.00011386431287974119,0.0007676240638829768,-0.0007676240638829768,0.004839171189814806,-0.004839171655476093,-0.0012272016610950232,0.0012272016610950232,-0.0022710654884576797,0.0022710654884576797,-0.004790231119841337,0.004790231119841337,-0.0012915909755975008,0.0012915909755975008,-0.0010272227227687836,0.0010272226063534617,-0.0007753195823170245,0.0007753195823170245,-0.0007773155812174082,0.0007773155812174082,-0.0017908606678247452,0.0017908606678247452,-0.0006210163119249046,0.0006210162537172437,3.6417623050510883e-06,-3.6416895454749465e-06,-0.0007871687994338572,0.0007871687994338572,-0.0002864235721062869,0.00028642365941777825,-0.0010466359090059996,0.0010466359090059996,0.0010285803582519293,-0.0010285803582519293,-0.0007273760274983943,0.0007273762603290379],[0.011182865127921104,-0.011182866990566254,0.009964986704289913,-0.009964986704289913,0.005066414829343557,-0.005066414829343557,0.0028414763510227203,-0.0028414768166840076,0.004305787850171328,-0.004305787850171328,0.0042311348952353,-0.004231135826557875,0.007717481814324856,-0.007717481814324856,0.022654002532362938,-0.021654002368450165,0.007977978326380253,-0.007977978326380253,0.0037728622555732727,-0.0037728622555732727,0.0020400737412273884,-0.0020400737412273884,0.002416829578578472,-0.002416829811409116,0.0016648933524265885,-0.0016648934688419104,0.002647348213940859,-0.002647348213940859,0.0031083538196980953,-0.0031083538196980953,0.005759249906986952,-0.005759249906986952,0.0016524357488378882,-0.0016524357488378882,0.0020243420731276274,-0.0020243418402969837,0.0022682216949760914,-0.0022682216949760914,0.0013950405409559608,-0.0013950405409559608,0.0015601752093061805,-0.0015601753257215023,0.00046929848031140864,-0.0004692985094152391,0.001852798042818904,-0.001852798042818904,0.0012379710096865892,-0.0012379710096865892,0.0013212112244218588,-0.0013212112244218588,0.0012830205960199237,-0.0012830205960199237,0.000786519842222333,-0.000786519842222333,0.0026029571890830994,-0.0026029571890830994],[-0.011182866990566254,0.011182866990566254,-0.009964987635612488,0.009964987635612488,-0.00506641436368227,0.00506641436368227,-0.002841476583853364,0.002841477282345295,-0.004305787850171328,0.004305787850171328,-0.004231135360896587,0.004231135826557875,-0.007717481814324856,0.007717480883002281,-0.021654002368450165,0.022654004395008087,-0.007977979257702827,0.007977979257702827,-0.00377286272123456,0.0037728629540652037,-0.002040073974058032,0.0020400742068886757,-0.002416828880086541,0.002416829112917185,-0.0016648935852572322,0.001664893701672554,-0.0026473472826182842,0.0026473472826182842,-0.0031083538196980953,0.0031083538196980953,-0.005759250372648239,0.005759250372648239,-0.0016524357488378882,0.0016524357488378882,-0.0020243420731276274,0.0020243418402969837,-0.0022682221606373787,0.0022682221606373787,-0.0013950407737866044,0.0013950408902019262,-0.0015601754421368241,0.001560175558552146,-0.0004692987713497132,0.00046929880045354366,-0.001852798624895513,0.0018527985084801912,-0.0012379710096865892,0.0012379708932712674,-0.0013212114572525024,0.0013212112244218588,-0.0012830205960199237,0.0012830207124352455,-0.0007865203078836203,0.0007865203078836203,-0.0026029576547443867,0.0026029578875750303],[0.004725926090031862,-0.004725927487015724,0.0037047567311674356,-0.0037047567311674356,0.006690183654427528,-0.006690183654427528,0.0018705576658248901,-0.0018705582479014993,0.000891821866389364,-0.000891821866389364,0.001013610977679491,-0.0010136114433407784,0.00595930777490139,-0.005959308240562677,0.007977978326380253,-0.007977979257702827,0.013715746812522411,-0.012715747579932213,0.003295761998742819,-0.003295761998742819,0.0004692148941103369,-0.000469215156044811,0.0013939649797976017,-0.0013939648633822799,-0.0011550060007721186,0.0011550060007721186,0.002459854120388627,-0.002459854120388627,0.002176480833441019,-0.002176480833441019,0.002562146168202162,-0.002562146168202162,0.0010544323595240712,-0.0010544327087700367,0.0004353099502623081,-0.0004353098338469863,0.005446754861623049,-0.005446754861623049,0.0009862715378403664,-0.0009862714214250445,0.0012313888873904943,-0.0012313887709751725,0.0026165845338255167,-0.0026165845338255167,0.0018876567482948303,-0.0018876567482948303,0.000825813680421561,-0.000825813680421561,-3.7208301364444196e-05,3.720837412402034e-05,0.002647178014740348,-0.002647178014740348,0.002071799710392952,-0.002071799710392952,0.002978395903483033,-0.002978395903483033],[-0.004725927487015724,0.004725926090031862,-0.003704757196828723,0.003704757196828723,-0.006690183654427528,0.006690183654427528,-0.0018705576658248901,0.0018705582479014993,-0.0008918219245970249,0.0008918219245970249,-0.001013610977679491,0.0010136113269254565,-0.00595930777490139,0.005959308240562677,-0.007977978326380253,0.007977979257702827,-0.012715747579932213,0.013715747743844986,-0.003295761998742819,0.003295761998742819,-0.0004692148941103369,0.000469215156044811,-0.0013939649797976017,0.0013939648633822799,0.0011550060007721186,-0.0011550060007721186,-0.002459854120388627,0.002459854120388627,-0.002176480833441019,0.002176480833441019,-0.002562146168202162,0.002562146168202162,-0.0010544323595240712,0.0010544327087700367,-0.0004353099502623081,0.0004353098338469863,-0.005446754861623049,0.005446754861623049,-0.0009862715378403664,0.0009862714214250445,-0.0012313888873904943,0.0012313887709751725,-0.0026165845338255167,0.0026165845338255167,-0.0018876567482948303,0.0018876567482948303,-0.000825813680421561,0.000825813680421561,3.7208301364444196e-05,-3.720837412402034e-05,-0.002647178014740348,0.002647178014740348,-0.002071799710392952,0.002071799710392952,-0.002978395903483033,0.002978395903483033],[0.005670715123414993,-0.005670714657753706,-0.0034952464047819376,0.0034952464047819376,0.0015610919799655676,-0.0015610919799655676,0.00019359716679900885,-0.0001935978652909398,0.001864464022219181,-0.001864464022219181,-0.00010394726996310055,0.0001039470371324569,0.0026627506595104933,-0.002662750193849206,0.0037728622555732727,-0.00377286272123456,0.003295761998742819,-0.003295761998742819,0.01096108928322792,-0.009961089119315147,0.00027438689721748233,-0.0002743873919826001,0.002249353099614382,-0.002249353099614382,0.0001349536469206214,-0.00013495367602445185,0.0007854694849811494,-0.0007854693685658276,0.0008328116964548826,-0.0008328114054165781,-0.0018078755820170045,0.0018078754656016827,0.0003378738765604794,-0.00033787405118346214,-0.0004810210666619241,0.00048102097935043275,0.0013136484194546938,-0.0013136484194546938,9.6669711638242e-05,-9.666963887866586e-05,-5.805681212223135e-05,5.805693217553198e-05,-9.260515798814595e-05,9.26051870919764e-05,0.0006855599349364638,-0.0006855599349364638,0.00026324286591261625,-0.00026324286591261625,-0.0002363805251661688,0.00023638043785467744,-1.0917504368990194e-05,1.0917532563325949e-05,0.0006669669528491795,-0.0006669669528491795,0.001081999042071402,-0.001081999042071402],[-0.005670714657753706,0.005670714657753706,0.003495246171951294,-0.003495246171951294,-0.0015610919799655676,0.0015610919799655676,-0.00019359710859134793,0.00019359757425263524,-0.001864464022219181,0.001864464022219181,0.00010394715354777873,-0.0001039470371324569,-0.0026627506595104933,0.0026627492625266314,-0.0037728622555732727,0.0037728629540652037,-0.003295761998742819,0.003295761998742819,-0.009961089119315147,0.010961088351905346,-0.00027438689721748233,0.0002743873919826001,-0.002249353099614382,0.002249353099614382,-0.0001349536469206214,0.00013495367602445185,-0.0007854694849811494,0.0007854693685658276,-0.0008328116964548826,0.0008328114054165781,0.0018078755820170045,-0.0018078754656016827,-0.0003378738765604794,0.00033787405118346214,0.0004810210666619241,-0.00048102097935043275,-0.0013136484194546938,0.0013136484194546938,-9.6669711638242e-05,9.666963887866586e-05,5.805681212223135e-05,-5.805693217553198e-05,9.260515798814595e-05,-9.26051870919764e-05,-0.0006855599349364638,0.0006855599349364638,-0.00026324286591261625,0.00026324286591261625,0.0002363805251661688,-0.00023638043785467744,1.0917504368990194e-05,-1.0917532563325949e-05,-0.0006669669528491795,0.0006669669528491795,-0.001081999042071402,0.001081999042071402],[-0.0014626095071434975,0.0014626086922362447,-0.0015335504431277514,0.0015335504431277514,9.81811317615211e-05,-9.81811317615211e-05,-9.79026808636263e-05,9.790256444830447e-05,0.00023182958830147982,-0.00023182958830147982,0.001479106256738305,-0.001479106373153627,-0.00011386341066099703,0.00011386393452994525,0.0020400737412273884,-0.002040073974058032,0.0004692148941103369,-0.0004692148941103369,0.00027438689721748233,-0.00027438689721748233,0.00240130303427577,-0.0014013038016855717,0.00046192744048312306,-0.00046192744048312306,-0.0002742849464993924,0.00027428491739556193,0.0015301934909075499,-0.0015301934909075499,0.0009904785547405481,-0.0009904785547405481,0.0019323196029290557,-0.0019323196029290557,0.00045862377737648785,-0.0004586238064803183,0.00018863528384827077,-0.00018863522564060986,0.00029889721190556884,-0.0002988972410093993,0.0003472044481895864,-0.00034720441908575594,0.00014790815475862473,-0.0001479082420701161,9.10550807020627e-05,-9.105510252993554e-05,0.0004629260511137545,-0.0004629260511137545,0.00030436378438025713,-0.0003043638134840876,0.00016647398297209293,-0.00016647395386826247,4.128325963392854e-05,-4.128325963392854e-05,0.0005294227157719433,-0.0005294227157719433,0.00045886379666626453,-0.00045886379666626453],[0.0014626092743128538,-0.0014626085758209229,0.001533549395389855,-0.001533549395389855,-9.818155376706272e-05,9.818155376706272e-05,9.790307376533747e-05,-9.79029864538461e-05,-0.0002318301412742585,0.0002318301412742585,-0.0014791067223995924,0.0014791067223995924,0.00011386408004909754,-0.00011386431287974119,-0.0020400737412273884,0.0020400742068886757,-0.000469215156044811,0.000469215156044811,-0.0002743873919826001,0.0002743873919826001,-0.0014013038016855717,0.002401303267106414,-0.00046192810987122357,0.00046192810987122357,0.00027428491739556193,-0.0002742848009802401,-0.0015301934909075499,0.0015301934909075499,-0.00099047867115587,0.00099047867115587,-0.0019323197193443775,0.0019323197193443775,-0.000458623660961166,0.000458623660961166,-0.00018863496370613575,0.00018863490549847484,-0.00029889782308600843,0.0002988978521898389,-0.0003472043899819255,0.0003472043899819255,-0.00014790802379138768,0.00014790805289521813,-9.105545905185863e-05,9.105546632781625e-05,-0.00046292683691717684,0.00046292683691717684,-0.0003043637261725962,0.0003043637261725962,-0.00016647385200485587,0.00016647382290102541,-4.128348518861458e-05,4.128349246457219e-05,-0.0005294230650179088,0.0005294230650179088,-0.00045886391308158636,0.00045886385487392545],[-0.00015655322931706905,0.00015655416063964367,0.006692756898701191,-0.006692756898701191,-0.0005461666150949895,0.0005461666150949895,-0.004325783811509609,0.004325783345848322,-0.0002307654358446598,0.0002307654358446598,0.0013758772984147072,-0.001375877414830029,-0.0007676243549212813,0.0007676240638829768,0.002416829578578472,-0.002416828880086541,0.0013939649797976017,-0.0013939649797976017,0.002249353099614382,-0.002249353099614382,0.00046192744048312306,-0.00046192810987122357,0.005354906432330608,-0.004354905337095261,0.0018577476730570197,-0.0018577479058876634,-0.00012421252904459834,0.00012421252904459834,-0.00014511140761896968,0.00014511149493046105,-0.001417652703821659,0.001417652820236981,-4.880534834228456e-05,4.8805253754835576e-05,-0.00015123069169931114,0.0001512305752839893,-0.0008003120310604572,0.0008003120310604572,1.5189812984317541e-05,-1.5189754776656628e-05,-0.0007988443830981851,0.0007988443830981851,0.0001707954943412915,-0.0001707954943412915,0.0016375826671719551,-0.0016375826671719551,4.8348389100283384e-05,-4.8348389100283384e-05,0.0001138698062277399,-0.00011386986443540081,-0.00029317865846678615,0.00029317860025912523,0.0005397673230618238,-0.0005397673230618238,0.0006382335559464991,-0.0006382335559464991],[0.0001565529964864254,-0.00015655416063964367,-0.006692755967378616,0.006692755967378616,0.0005461666733026505,-0.0005461666733026505,0.0043257842771708965,-0.004325783811509609,0.00023076555225998163,-0.00023076555225998163,-0.001375877414830029,0.0013758776476606727,0.0007676243549212813,-0.0007676240638829768,-0.002416829811409116,0.002416829112917185,-0.0013939648633822799,0.0013939648633822799,-0.002249353099614382,0.002249353099614382,-0.00046192744048312306,0.00046192810987122357,-0.004354905337095261,0.005354904569685459,-0.0018577473238110542,0.001857747440226376,0.00012421267456375062,-0.00012421264545992017,0.00014511123299598694,-0.00014511134941130877,0.0014176524709910154,-0.001417652703821659,4.8805515689309686e-05,-4.8805391998030245e-05,0.00015123070625122637,-0.0001512305170763284,0.0008003121474757791,-0.00080031220568344,-1.518982753623277e-05,1.5189812984317541e-05,0.0007988443830981851,-0.0007988444995135069,-0.0001707954943412915,0.00017079552344512194,-0.0016375824343413115,0.0016375824343413115,-4.834833089262247e-05,4.8348389100283384e-05,-0.0001138697552960366,0.00011386979895178229,0.0002931788330897689,-0.00029317880398593843,-0.0005397670320235193,0.0005397670320235193,-0.0006382330902852118,0.0006382330902852118],[-0.0040794964879751205,0.004079496022313833,-0.003912883345037699,0.003912883345037699,0.0011211580131202936,-0.0011211580131202936,-0.0035359635949134827,0.0035359642934054136,-0.0007378511945717037,0.0007378511945717037,-0.0006119871977716684,0.0006119874306023121,-0.004839171655476093,0.004839171189814806,0.0016648933524265885,-0.0016648935852572322,-0.0011550060007721186,0.0011550060007721186,0.0001349536469206214,-0.0001349536469206214,-0.0002742849464993924,0.00027428491739556193,0.0018577476730570197,-0.0018577473238110542,0.006122502498328686,-0.005122500471770763,0.0016447420930489898,-0.0016447422094643116,-0.0014583482407033443,0.0014583482407033443,-0.003223968902602792,0.003223968669772148,-0.0008277480956166983,0.0008277479792013764,-0.0010865484364330769,0.001086548320017755,-0.0001687979674898088,0.00016879788017831743,-0.0005591752124018967,0.0005591752706095576,-0.0008681565523147583,0.0008681566687300801,0.0005655880668200552,-0.0005655880668200552,0.0012447914341464639,-0.0012447914341464639,-0.0003272774047218263,0.0003272773465141654,-0.0006185220554471016,0.0006185220554471016,-0.00011964479926973581,0.00011964479926973581,0.0012368147727102041,-0.0012368147727102041,0.000912380637601018,-0.000912380637601018],[0.0040794964879751205,-0.004079495556652546,0.003912883345037699,-0.003912883345037699,-0.0011211587116122246,0.0011211587116122246,0.0035359635949134827,-0.0035359638277441263,0.0007378511363640428,-0.0007378511363640428,0.0006119871977716684,-0.0006119873141869903,0.004839171655476093,-0.004839171655476093,-0.0016648934688419104,0.001664893701672554,0.0011550060007721186,-0.0011550060007721186,-0.00013495367602445185,0.00013495367602445185,0.00027428491739556193,-0.0002742848009802401,-0.0018577479058876634,0.001857747440226376,-0.005122500471770763,0.006122499704360962,-0.0016447420930489898,0.0016447422094643116,0.0014583480078727007,-0.0014583480078727007,0.0032239691354334354,-0.0032239691354334354,0.0008277479792013764,-0.0008277479792013764,0.0010865487856790423,-0.0010865486692637205,0.00016879793838597834,-0.0001687980256974697,0.0005591753870248795,-0.0005591753870248795,0.000868156726937741,-0.000868156785145402,-0.0005655880668200552,0.0005655880086123943,-0.0012447915505617857,0.0012447915505617857,0.0003272773465141654,-0.0003272772883065045,0.0006185220554471016,-0.0006185220554471016,0.00011964479926973581,-0.00011964479926973581,-0.0012368146562948823,0.0012368146562948823,-0.0009123805211856961,0.000912380637601018],[-0.0031379584688693285,0.003137958701699972,-0.0024445094168186188,0.0024445094168186188,-0.0002536919782869518,0.0002536919782869518,0.0016465652734041214,-0.0016465663211420178,0.00032672600354999304,-0.00032672600354999304,0.001731831580400467,-0.0017318311147391796,0.0012272018939256668,-0.0012272016610950232,0.002647348213940859,-0.0026473472826182842,0.002459854120388627,-0.002459854120388627,0.0007854694849811494,-0.0007854694849811494,0.0015301934909075499,-0.0015301934909075499,-0.00012421252904459834,0.00012421267456375062,0.0016447420930489898,-0.0016447420930489898,0.007773661054670811,-0.006773661822080612,0.00046921955072321,-0.00046921937610022724,0.00037071111728437245,-0.00037071117549203336,0.000436247733887285,-0.0004362477920949459,-0.00011555751552805305,0.00011555758828762919,7.09643354639411e-05,-7.096439367160201e-05,0.0004172799235675484,-0.0004172799235675484,0.0001867279934231192,-0.0001867279934231192,0.0008080284460447729,-0.0008080284460447729,0.0014956409577280283,-0.0014956409577280283,0.00040424897451885045,-0.0004042490036226809,0.00013941737415734679,-0.00013941735960543156,0.0007024043006822467,-0.0007024042424745858,0.0006650726427324116,-0.0006650725845247507,0.0003542469348758459,-0.0003542469348758459],[0.003137958236038685,-0.003137958236038685,0.002444509882479906,-0.002444509882479906,0.00025369221111759543,-0.00025369221111759543,-0.001646565506234765,0.0016465658554807305,-0.00032672600354999304,0.00032672600354999304,-0.0017318313475698233,0.0017318311147391796,-0.0012272020103409886,0.0012272016610950232,-0.002647348213940859,0.0026473472826182842,-0.002459854120388627,0.002459854120388627,-0.0007854693685658276,0.0007854693685658276,-0.0015301934909075499,0.0015301934909075499,0.00012421252904459834,-0.00012421264545992017,-0.0016447422094643116,0.0016447422094643116,-0.006773661822080612,0.00777366291731596,-0.00046921955072321,0.00046921937610022724,-0.00037071111728437245,0.00037071117549203336,-0.000436247733887285,0.0004362477920949459,0.00011555751552805305,-0.00011555758828762919,-7.09643354639411e-05,7.096439367160201e-05,-0.0004172799235675484,0.0004172799235675484,-0.0001867279934231192,0.0001867279934231192,-0.0008080284460447729,0.0008080284460447729,-0.0014956409577280283,0.0014956409577280283,-0.00040424897451885045,0.0004042490036226809,-0.00013941737415734679,0.00013941735960543156,-0.0007024043006822467,0.0007024042424745858,-0.0006650726427324116,0.0006650725845247507,-0.0003542469348758459,0.0003542469348758459],[-0.0006636161706410348,0.0006636156467720866,0.000236363586736843,-0.000236363586736843,-0.0007639824179932475,0.0007639824179932475,0.0003121478948742151,-0.0003121481859125197,0.0012601204216480255,-0.0012601204216480255,0.0008573930244892836,-0.0008573930244892836,0.002271065255627036,-0.0022710654884576797,0.0031083538196980953,-0.0031083538196980953,0.002176480833441019,-0.002176480833441019,0.0008328116964548826,-0.0008328116964548826,0.0009904785547405481,-0.00099047867115587,-0.00014511140761896968,0.00014511123299598694,-0.0014583482407033443,0.0014583480078727007,0.00046921955072321,-0.00046921955072321,0.005312193185091019,-0.00431219395250082,0.004536809865385294,-0.004536809865385294,0.0023798453621566296,-0.0023798453621566296,0.002399316756054759,-0.002399316756054759,0.001084041316062212,-0.0010840414324775338,0.0016974632162600756,-0.0016974632162600756,0.002328460104763508,-0.0023284603375941515,0.0008014230988919735,-0.0008014230988919735,0.0010565401753410697,-0.0010565401753410697,0.0013143979012966156,-0.0013143979012966156,0.001290076063014567,-0.001290075946599245,-6.385747838066891e-05,6.38574711047113e-05,0.00020473958284128457,-0.00020473958284128457,2.0408857380971313e-05,-2.0408842829056084e-05],[0.0006636158213950694,-0.0006636156467720866,-0.00023636367404833436,0.00023636367404833436,0.0007639823597855866,-0.0007639823597855866,-0.0003121478948742151,0.0003121480986010283,-0.0012601204216480255,0.0012601204216480255,-0.0008573930826969445,0.0008573930826969445,-0.002271065255627036,0.0022710654884576797,-0.0031083538196980953,0.0031083538196980953,-0.002176480833441019,0.002176480833441019,-0.0008328114054165781,0.0008328114054165781,-0.0009904785547405481,0.00099047867115587,0.00014511149493046105,-0.00014511134941130877,0.0014583482407033443,-0.0014583480078727007,-0.00046921937610022724,0.00046921937610022724,-0.00431219395250082,0.005312193650752306,-0.004536809865385294,0.004536810331046581,-0.0023798453621566296,0.0023798453621566296,-0.0023993165232241154,0.0023993165232241154,-0.0010840410832315683,0.0010840410832315683,-0.0016974633326753974,0.0016974633326753974,-0.002328460104763508,0.0023284603375941515,-0.0008014230988919735,0.0008014230988919735,-0.0010565402917563915,0.0010565402917563915,-0.0013143979012966156,0.0013143979012966156,-0.001290076063014567,0.001290076063014567,6.385749293258414e-05,-6.385748565662652e-05,-0.0002047395391855389,0.0002047395391855389,-2.0408642740221694e-05,2.0408726413734257e-05],[0.0013066923711448908,-0.0013066919054836035,0.00192017643712461,-0.00192017643712461,0.0005922634154558182,-0.0005922634154558182,0.005001509562134743,-0.005001509562134743,0.004704354330897331,-0.004704354330897331,0.0013232870260253549,-0.0013232873752713203,0.0047902315855026245,-0.004790231119841337,0.005759249906986952,-0.005759250372648239,0.002562146168202162,-0.002562146168202162,-0.0018078755820170045,0.0018078755820170045,0.0019323196029290557,-0.0019323197193443775,-0.001417652703821659,0.0014176524709910154,-0.003223968902602792,0.0032239691354334354,0.00037071111728437245,-0.00037071111728437245,0.004536809865385294,-0.004536809865385294,0.012674925848841667,-0.011674925684928894,0.002878401428461075,-0.002878401428461075,0.0036802543327212334,-0.003680253867059946,0.0009033115347847342,-0.0009033116512000561,0.0019916477613151073,-0.0019916477613151073,0.004579170607030392,-0.004579170607030392,-0.0002021601831074804,0.0002021601831074804,0.0013300952268764377,-0.0013300951104611158,0.0016363323666155338,-0.0016363323666155338,0.00199275859631598,-0.00199275859631598,-0.0003011183289345354,0.0003011183871421963,-2.173850043618586e-05,2.1738507712143473e-05,0.0006189139094203711,-0.0006189140258356929],[-0.0013066919054836035,0.0013066920218989253,-0.0019201762042939663,0.0019201762042939663,-0.0005922634154558182,0.0005922634154558182,-0.005001509562134743,0.005001509562134743,-0.004704354330897331,0.004704354330897331,-0.0013232871424406767,0.0013232874916866422,-0.0047902315855026245,0.004790231119841337,-0.005759249906986952,0.005759250372648239,-0.002562146168202162,0.002562146168202162,0.0018078754656016827,-0.0018078754656016827,-0.0019323196029290557,0.0019323197193443775,0.001417652820236981,-0.001417652703821659,0.003223968669772148,-0.0032239691354334354,-0.00037071117549203336,0.00037071117549203336,-0.004536809865385294,0.004536810331046581,-0.011674925684928894,0.012674925848841667,-0.002878401428461075,0.002878401428461075,-0.0036802543327212334,0.003680253867059946,-0.0009033115347847342,0.0009033116512000561,-0.0019916477613151073,0.0019916477613151073,-0.004579170607030392,0.004579170607030392,0.0002021601831074804,-0.0002021601831074804,-0.0013300952268764377,0.0013300951104611158,-0.0016363323666155338,0.0016363323666155338,-0.00199275859631598,0.00199275859631598,0.0003011183289345354,-0.0003011183871421963,2.173850043618586e-05,-2.1738507712143473e-05,-0.0006189139094203711,0.0006189140