{"epoch":0,"H":[[0.0009922932367771864,-0.00043800906860269606,0.0004457156755961478,-7.121106318663806e-05,0.00014165874745231122,-7.044768426567316e-05,0.00011679509771056473,-0.0002331053401576355,0.00011631023517111316,-5.7976609241450205e-05,0.00011585442553041503,-5.7877812650986016e-05,6.0974980442551896e-05,-0.00012146641529398039,6.0491434851428494e-05,0.00010077349725179374,-0.00020106929878238589,0.00010029578697867692,-5.0077043852070346e-05,0.00010016001033363864,-5.008295556763187e-05,5.259855242911726e-05,-0.00010468408436281607,5.208553557167761e-05,3.418032429181039e-05,-6.813785148551688e-05,3.3957523555727676e-05,9.304462582804263e-05,-0.00018543179612606764,9.238715574610978e-05,-4.622806591214612e-05,9.240375948138535e-05,-4.617569356923923e-05,4.839804023504257e-05,-9.655392204876989e-05,4.815588181372732e-05,3.1432478863280267e-05,-6.269533332670107e-05,3.1262850825442e-05,4.184167119092308e-05,-8.321338827954605e-05,4.1371713450644165e-05,-3.462241693341639e-06,6.9152283685980365e-06,-3.4529875847510993e-06,1.99799396796152e-05,-4.0001163142733276e-05,2.0021223463118076e-05,-2.196073910454288e-05,4.395411815494299e-05,-2.1993377231410705e-05,7.936298061395064e-06,-1.5870497009018436e-05,7.934200766612776e-06,4.073864602105459e-06,-8.143819286487997e-06,4.069955593877239e-06,-9.521255378786009e-06,1.9021190382773057e-05,-9.499934094492346e-06,1.1303917744953651e-05,-2.260841392853763e-05,1.1304495274089277e-05,4.346670266386354e-06,-8.699465070094448e-06,4.3527938942133915e-06,-2.2011506644048495e-06,4.39608447777573e-06,-2.1949338133708807e-06,-9.710239282867406e-06,1.9418468582443893e-05,-9.708231118565891e-06,4.567117684928235e-06,-9.12505856831558e-06,4.557940883387346e-06,3.0811663691565627e-06,-6.1654045566683635e-06,3.0842375053907745e-06,-2.460045834595803e-06,4.927230293105822e-06,-2.4671842311363434e-06,8.932272521633422e-07,-1.7834177015174646e-06,8.901901082936092e-07],[-0.00043800906860269606,0.0018750212620943785,-0.00043701191316358745,0.0001422599161742255,-0.00028299482073634863,0.0001407348900102079,-0.0002333243319299072,0.0004656800301745534,-0.00023235571279656142,0.0001158212180598639,-0.00023144506849348545,0.00011562384315766394,-0.00012181113561382517,0.00024265627143904567,-0.00012084511399734765,-0.00020131768542341888,0.00040168099803850055,-0.00020036335627082735,0.00010004002251662314,-0.00020009184663649648,0.00010005183139583096,-0.00010507733531994745,0.00020912980835419148,-0.00010405248031020164,-6.828283949289471e-05,0.00013612057955469936,-6.783774733776227e-05,-0.0001858775067375973,0.0003704416158143431,-0.00018456406542100012,9.235087054548785e-05,-0.00018459711282048374,9.224624955095351e-05,-9.668594429967925e-05,0.00019288815383333713,-9.620218770578504e-05,-6.279344961512834e-05,0.0001252480287803337,-6.245457916520536e-05,-8.358816558029503e-05,0.0001662374852458015,-8.264931966550648e-05,6.916652637301013e-06,-1.3814820704283193e-05,6.898166247992776e-06,-3.991441190009937e-05,7.991128950379789e-05,-3.9996884879656136e-05,4.387152876006439e-05,-8.780825010035187e-05,4.393672861624509e-05,-1.5854546290938742e-05,3.170490526827052e-05,-1.5850355339352973e-05,-8.138461453199852e-06,1.6269110346911475e-05,-8.130651622195728e-06,1.9020866602659225e-05,-3.7999136111466214e-05,1.897826950880699e-05,-2.258212407468818e-05,4.5165397750679404e-05,-2.2583273675991222e-05,-8.683442501933314e-06,1.7379119526594877e-05,-8.69567520567216e-06,4.3972927414870355e-06,-8.782166332821362e-06,4.384873591334326e-06,1.9398396034375764e-05,-3.87927757401485e-05,1.9394383343751542e-05,-9.123845302383415e-06,1.82293606485473e-05,-9.105515346163884e-06,-6.155311893962789e-06,1.231676014867844e-05,-6.1614473452209495e-06,4.914501005259808e-06,-9.84326470643282e-06,4.928761882183608e-06,-1.7844031390268356e-06,3.562739038898144e-06,-1.7783361272449838e-06],[0.0004457156755961478,-0.00043701191316358745,0.0009912962559610605,-7.104891847120598e-05,0.00014133618969935924,-7.028728578006849e-05,0.00011652921239146963,-0.00023257466091308743,0.00011604545579757541,-5.784463428426534e-05,0.00011559070844668895,-5.7746066886465997e-05,6.0836169723188505e-05,-0.00012118987797293812,6.0353708249749616e-05,0.00010054410813609138,-0.0002006116119446233,0.00010006748925661668,-4.9963025958277285e-05,9.993195271817967e-05,-4.996892312192358e-05,5.247879744274542e-05,-0.00010444573854329064,5.1966955652460456e-05,3.4102515201084316e-05,-6.798272806918249e-05,3.3880220144055784e-05,9.283283725380898e-05,-0.0001850096887210384,9.217686601914465e-05,-4.612282646121457e-05,9.219339699484408e-05,-4.607057780958712e-05,4.828783494303934e-05,-9.633407898945734e-05,4.8046233132481575e-05,3.136092345812358e-05,-6.255262269405648e-05,3.119168468401767e-05,4.174642526777461e-05,-8.302398055093363e-05,4.1277544369222596e-05,-3.4543772926554084e-06,6.899521395098418e-06,-3.4451441024430096e-06,1.993445766856894e-05,-3.991010453319177e-05,1.997564686462283e-05,-2.1910756913712248e-05,4.3854077375726774e-05,-2.194332228100393e-05,7.918230039649643e-06,-1.5834366422495805e-05,7.916137292340863e-06,4.064592758368235e-06,-8.125283784465864e-06,4.060692390339682e-06,-9.499577572569251e-06,1.8977882064064033e-05,-9.478304491494782e-06,1.1278181773377582e-05,-2.2556941985385492e-05,1.1278756574029103e-05,4.336771326052258e-06,-8.679652637511026e-06,4.3428808567114174e-06,-2.1961427592032123e-06,4.386082764540333e-06,-2.189940005337121e-06,-9.688132195151411e-06,1.9374259863980114e-05,-9.686129487818107e-06,4.556715794024058e-06,-9.104276614380069e-06,4.547561275103362e-06,3.07415234601649e-06,-6.1513696891779546e-06,3.0772168884141138e-06,-2.454450623190496e-06,4.916023954137927e-06,-2.4615731035737554e-06,8.911888471629936e-07,-1.7793479401007062e-06,8.881587518771994e-07],[-7.121106318663806e-05,0.0001422599161742255,-7.104891847120598e-05,0.0006484785117208958,-0.0007771722739562392,0.001128693576902151,-5.846399290021509e-05,0.00011668526713037863,-5.822127786814235e-05,0.00011101975542260334,-0.00022185035049915314,0.00011083058052463457,0.00015339053061325103,-0.00030556460842490196,0.00015217409236356616,-5.0452927098376676e-05,0.00010066668619401753,-5.021375909564085e-05,9.592713468009606e-05,-0.00019186557619832456,9.593844879418612e-05,0.0001327763602603227,-0.00026425771648064256,0.00013148134166840464,5.876909563085064e-05,-0.00011715512664522976,5.838601282448508e-05,-4.6582790673710406e-05,9.283641702495515e-05,-4.625362271326594e-05,8.854332554619759e-05,-0.00017698634474072605,8.844301919452846e-05,0.00012193962174933404,-0.0002432691544527188,0.00012132951815146953,5.3985135309631005e-05,-0.00010767893400043249,5.369379505282268e-05,7.212814671220258e-05,-0.0001434461446478963,7.131801248760894e-05,-2.722031786106527e-05,5.436787978396751e-05,-2.714756192290224e-05,2.89400304609444e-07,-5.793990567326546e-07,2.899978426285088e-07,5.601984867098508e-06,-1.1212294339202344e-05,5.610310836345889e-06,-3.3973281006183242e-06,6.793758075218648e-06,-3.396430201973999e-06,-7.0753249019617215e-06,1.4143859516480006e-05,-7.0685355240129866e-06,1.0077540537167806e-05,-2.013251287280582e-05,1.0054973245132715e-05,-6.709405170113314e-06,1.3419154129223898e-05,-6.7097475948685315e-06,-6.6064139900845475e-06,1.322213574894704e-05,-6.615720394620439e-06,-2.051134060820914e-06,4.096475549886236e-06,-2.045341034317971e-06,1.5622081264154986e-05,-3.1240928365150467e-05,1.5618850738974288e-05,6.300217137322761e-06,-1.2587775017891545e-05,6.287559244810836e-06,-3.6489361718849977e-06,7.301510322577087e-06,-3.652573468571063e-06,1.0810749699885491e-06,-2.165287241950864e-06,1.0842120445886394e-06,1.9019000774278538e-06,-3.7973338748997776e-06,1.895433683785086e-06],[0.00014165874745231122,-0.00028299482073634863,0.00014133618969935924,-0.0007771722739562392,0.002546013332903385,-0.0007688410696573555,0.00011630122025962919,-0.00023211960797198117,0.00011581839498830959,-0.00022084941156208515,0.0004413224814925343,-0.0002204730553785339,-0.0003051368403248489,0.0006078538135625422,-0.0003027169732376933,0.00010036496678367257,-0.00020025417325086892,9.988921374315396e-05,-0.00019082594371866435,0.00038167438469827175,-0.0001908484846353531,-0.00026412931038066745,0.0005256825243122876,-0.0002615531557239592,-0.00011690821702359244,0.00023305437935050577,-0.00011614615505095571,9.266622510040179e-05,-0.00018467764311935753,9.201141801895574e-05,-0.00017613745876587927,0.0003520753525663167,-0.0001759379229042679,-0.0002425721031613648,0.0004839305765926838,-0.0002413584297755733,-0.00010739158460637555,0.00021420362463686615,-0.00010681204003049061,-0.0001434831356164068,0.0002853547048289329,-0.00014187156921252608,5.414884435595013e-05,-0.00010815295536303893,5.400410373113118e-05,-5.757156031904742e-07,1.1526208254508674e-06,-5.769052222603932e-07,-1.1143889423692599e-05,2.2304342564893886e-05,-1.1160452231706586e-05,6.7582477640826255e-06,-1.3514709280570969e-05,6.7564615164883435e-06,1.4074806131247897e-05,-2.813610262819566e-05,1.4061299225431867e-05,-2.0047034922754392e-05,4.004917718702927e-05,-2.000214226427488e-05,1.3346832929528318e-05,-2.669434979907237e-05,1.3347515050554648e-05,1.3142003808752634e-05,-2.630252311064396e-05,1.3160517482901923e-05,4.080284270457923e-06,-8.149044333549682e-06,4.068760063091759e-06,-3.1076688173925504e-05,6.214694440132007e-05,-3.107026350335218e-05,-1.2532931577879936e-05,2.5040682885446586e-05,-1.2507752217061352e-05,7.258747700689128e-06,-1.452473134122556e-05,7.265983640536433e-06,-2.1505584300030023e-06,4.30735781264957e-06,-2.1567991552728927e-06,-3.783415650104871e-06,7.553967861895217e-06,-3.7705517570429947e-06],[-7.044768426567316e-05,0.0001407348900102079,-7.028728578006849e-05,0.001128693576902151,-0.0007688410696573555,0.0006401475402526557,-5.7837234635371715e-05,0.00011543436994543299,-5.759712075814605e-05,0.00010982963431160897,-0.00021947211644146591,0.00010964248212985694,0.00015174625150393695,-0.0003022890887223184,0.00015054283721838146,-4.991204696125351e-05,9.958747978089377e-05,-4.9675443733576685e-05,9.489878721069545e-05,-0.00018980879394803196,9.490999218542129e-05,0.00013135303743183613,-0.00026142498245462775,0.00013007190136704594,5.813909956486896e-05,-0.00011589923815336078,5.776013495051302e-05,-4.6083408960839733e-05,9.184117516269907e-05,-4.5757773477816954e-05,8.759415504755452e-05,-0.00017508903692942113,8.749491826165468e-05,0.00012063247413607314,-0.0002406613784842193,0.00012002890434814617,5.340644565876573e-05,-0.00010652466880856082,5.3118223149795085e-05,7.135497435228899e-05,-0.00014190850197337568,7.05535348970443e-05,-2.6928517399937846e-05,5.378505738917738e-05,-2.685654180822894e-05,2.8631075110752136e-07,-5.732126737711951e-07,2.8690192266367376e-07,5.541915925277863e-06,-1.109206732508028e-05,5.550152309297118e-06,-3.3609028378123185e-06,6.720917099301005e-06,-3.3600144888623618e-06,-6.99948350302293e-06,1.3992248568683863e-05,-6.992766429902986e-06,9.96948074316606e-06,-1.9916635210392997e-05,9.947154467226937e-06,-6.63746141071897e-06,1.3275262972456403e-05,-6.63780019749538e-06,-6.535587090183981e-06,1.308038190472871e-05,-6.544793905050028e-06,-2.029146799031878e-06,4.0525628719478846e-06,-2.0234158455423312e-06,1.5454601452802308e-05,-3.090600512223318e-05,1.5451405488420278e-05,6.232694431673735e-06,-1.245286603079876e-05,6.220171599125024e-06,-3.609817667893367e-06,7.223233751574298e-06,-3.6134160836809315e-06,1.0694778893594048e-06,-2.1420594293886097e-06,1.0725814263423672e-06,1.8815089788404293e-06,-3.7566207993222633e-06,1.875111820481834e-06],[0.00011679509771056473,-0.0002333243319299072,0.00011652921239146963,-5.846399290021509e-05,0.00011630122025962919,-5.7837234635371715e-05,0.0009727939032018185,-0.0003188115078955889,0.00034601750667206943,-4.760008232551627e-05,9.5119044999592e-05,-4.7518966312054545e-05,1.5942479876684956e-05,-3.175853271386586e-05,1.5816052837180905e-05,8.276912558358163e-05,-0.00016514590242877603,8.237676956923679e-05,-4.1113315091934055e-05,8.223148324759677e-05,-4.111816451768391e-05,1.3781807865598239e-05,-2.7429194233263843e-05,1.3647388186655007e-05,5.419864828581922e-05,-0.0001080439833458513,5.384535324992612e-05,7.642095442861319e-05,-0.0001523019018350169,7.588094740640372e-05,-3.795315933530219e-05,7.586331048514694e-05,-3.7910158425802365e-05,1.2664328096434474e-05,-2.5265295334975235e-05,1.2600963600561954e-05,4.987220381735824e-05,-9.947528451448306e-05,4.9603066145209596e-05,3.339256363688037e-05,-6.641007348662242e-05,3.301750621176325e-05,-2.842855337803485e-06,5.678112756868359e-06,-2.835256509570172e-06,1.64164030138636e-05,-3.2866726542124525e-05,1.6450323528260924e-05,-1.8036700566881336e-05,3.610020939959213e-05,-1.8063508832710795e-05,6.510483217425644e-06,-1.3019245670875534e-05,6.508761543955188e-06,3.3489895940874703e-06,-6.694765033898875e-06,3.3457758945587557e-06,-7.816558536433149e-06,1.5615612937835976e-05,-7.799055310897529e-06,9.270601367461495e-06,-1.8541675672167912e-05,9.271074304706417e-06,3.571644128896878e-06,-7.148320037231315e-06,3.5766756809607614e-06,-1.8099621001965716e-06,3.6148123854218284e-06,-1.804850171538419e-06,-7.981324415595736e-06,1.5960999007802457e-05,-7.979675501701422e-06,3.768423539440846e-06,-7.529275990236783e-06,3.7608526781696128e-06,2.5294073111581383e-06,-5.061336196376942e-06,2.5319286578451283e-06,-2.0207244233461097e-06,4.047313268529251e-06,-2.0265883904357906e-06,7.304901146198972e-07,-1.4584968539566034e-06,7.280065119630308e-07],[-0.0002331053401576355,0.0004656800301745534,-0.00023257466091308743,0.00011668526713037863,-0.00023211960797198117,0.00011543436994543299,-0.0003188115078955889,0.0016362990718334913,-0.0003174878947902471,9.500252053840086e-05,-0.0001898431801237166,9.484063775744289e-05,-3.181879219482653e-05,6.338526145555079e-05,-3.156645834678784e-05,-0.00016519470955245197,0.00032960635144263506,-0.00016441161278635263,8.205592166632414e-05,-0.00016412153490819037,8.206560596590862e-05,-2.750643398030661e-05,5.474458521348424e-05,-2.723815487115644e-05,-0.0001081722803064622,0.00021563941845670342,-0.00010746715997811407,-0.00015252466255333275,0.00030397152295336127,-0.00015144687495194376,7.574875053251162e-05,-0.00015141167386900634,7.566293061245233e-05,-2.5276074666180648e-05,5.0425685913069174e-05,-2.514960760890972e-05,-9.953733388101682e-05,0.00019853751291520894,-9.90001717582345e-05,-6.664651300525293e-05,0.00013254446093924344,-6.589795520994812e-05,5.673945452144835e-06,-1.1332722351653501e-05,5.6587796279927716e-06,-3.276463394286111e-05,6.559696339536458e-05,-3.283232945250347e-05,3.599855335778557e-05,-7.205061410786584e-05,3.6052057112101465e-05,-1.2993918062420562e-05,2.5984400053857826e-05,-1.2990482900931966e-05,-6.6840530053013936e-06,1.3361690434976481e-05,-6.677639248664491e-06,1.560068631079048e-05,-3.1166440749075264e-05,1.5565750800305977e-05,-1.8502709281165153e-05,3.700636443682015e-05,-1.8503653336665593e-05,-7.128448942239629e-06,1.4266941434470937e-05,-7.138491127989255e-06,3.6124290545558324e-06,-7.214655852294527e-06,3.602226570365019e-06,1.5929535948089324e-05,-3.185577952535823e-05,1.5926241758279502e-05,-7.521199222537689e-06,1.5027285371616017e-05,-7.50608705857303e-06,-5.048304046795238e-06,1.0101640327775385e-05,-5.053336280980147e-06,4.033072400488891e-06,-8.077848178800195e-06,4.044775778311305e-06,-1.457926146031241e-06,2.9108960006851703e-06,-1.4529693999065785e-06],[0.00011631023517111316,-0.00023235571279656142,0.00011604545579757541,-5.822127786814235e-05,0.00011581839498830959,-5.759712075814605e-05,0.00034601750667206943,-0.0003174878947902471,0.0009714704938232899,-4.740246004075743e-05,9.47241424000822e-05,-4.7321685997303575e-05,1.5876303223194554e-05,-3.162669963785447e-05,1.5750396414659917e-05,8.242551848525181e-05,-0.00016446030349470675,8.203478500945494e-05,-4.0942642954178154e-05,8.189011714421213e-05,-4.094747419003397e-05,1.3724595191888511e-05,-2.731532913458068e-05,1.3590733942692168e-05,5.39736429345794e-05,-0.00010759545693872496,5.362181400414556e-05,7.610368629684672e-05,-0.0001516696356702596,7.556592754554003e-05,-3.779559847316705e-05,7.554837065981701e-05,-3.775277946260758e-05,1.2611743841262069e-05,-2.5160388759104535e-05,1.2548644008347765e-05,4.966515916748904e-05,-9.90622938843444e-05,4.939712744089775e-05,3.3253942092414945e-05,-6.613438745262101e-05,3.288044536020607e-05,-2.831058736774139e-06,5.654549568134826e-06,-2.8234917408553883e-06,1.6348240023944527e-05,-3.273025504313409e-05,1.6382018657168373e-05,-1.7961832782020792e-05,3.5950361052528024e-05,-1.798852827050723e-05,6.483448942162795e-06,-1.2965185305802152e-05,6.481735454144655e-06,3.335080691613257e-06,-6.666960416623624e-06,3.3318804071313934e-06,-7.784115950926207e-06,1.555079870740883e-05,-7.766683665977325e-06,9.232109732693061e-06,-1.8464688764652237e-05,9.232579941453878e-06,3.5568116345530143e-06,-7.1186345849127974e-06,3.561822268238757e-06,-1.802457063604379e-06,3.5998234579892596e-06,-1.7973663943848806e-06,-7.948195161588956e-06,1.5894744137767702e-05,-7.946551704662852e-06,3.7527740914811147e-06,-7.498008017137181e-06,3.7452346077770926e-06,2.518902647352661e-06,-5.040315954829566e-06,2.5214135348505806e-06,-2.012337745327386e-06,4.030514901387505e-06,-2.0181769286864437e-06,7.274499012055458e-07,-1.452426886316971e-06,7.249765303640743e-07],[-5.7976609241450205e-05,0.0001158212180598639,-5.784463428426534e-05,0.00011101975542260334,-0.00022084941156208515,0.00010982963431160897,-4.760008232551627e-05,9.500252053840086e-05,-4.740246004075743e-05,0.000692694098688662,-0.0005979460547678173,0.0009052518289536238,1.427747520210687e-05,-2.844172740879003e-05,1.4164249478199054e-05,-4.1076102206716314e-05,8.195749251171947e-05,-4.0881386667024344e-05,7.807184738339856e-05,-0.00015615289157722145,7.808105874573812e-05,1.2355964827293064e-05,-2.459141796862241e-05,1.2235452231834643e-05,0.00013286421017255634,-0.0002648623485583812,0.0001319981529377401,-3.792512507061474e-05,7.558226207038388e-05,-3.7657140637747943e-05,7.206227019196376e-05,-0.00014404288958758116,7.198063394753262e-05,1.1354497473803349e-05,-2.2652184270555153e-05,1.1297685887257103e-05,0.00012203022197354585,-0.0002434018679196015,0.00012137166049797088,5.553638402489014e-05,-0.00011044899292755872,5.491261254064739e-05,-2.2073649233789183e-05,4.4088294089306146e-05,-2.201464849349577e-05,1.5786554286023602e-07,-3.1605668482370675e-07,1.5819114196347073e-07,4.6186828512873035e-06,-9.244229659088887e-06,4.625547262548935e-06,-2.825102455972228e-06,5.649458216794301e-06,-2.8243557608220726e-06,-5.7582396948419046e-06,1.1510952390381135e-05,-5.752714059781283e-06,8.257955414592288e-06,-1.6497417163918726e-05,8.23946265882114e-06,-5.528889232664369e-06,1.105806131818099e-05,-5.5291716307692695e-06,-5.379906724556349e-06,1.0767394087451976e-05,-5.387485998653574e-06,-1.6749215774325421e-06,3.3451128729211632e-06,-1.6701912954886211e-06,1.2778453310602345e-05,-2.555426544859074e-05,1.2775812137988396e-05,5.074346518085804e-06,-1.0138497600564733e-05,5.064151991973631e-06,-2.9671668926312122e-06,5.93729146203259e-06,-2.970124569401378e-06,8.809975042822771e-07,-1.7645517118580756e-06,8.835540370455419e-07,1.5528385119978338e-06,-3.100397407251876e-06,1.5475587815672043e-06],[0.00011585442553041503,-0.00023144506849348545,0.00011559070844668895,-0.00022185035049915314,0.0004413224814925343,-0.00021947211644146591,9.5119044999592e-05,-0.0001898431801237166,9.47241424000822e-05,-0.0005979460547678173,0.0021948732901364565,-0.0005969270714558661,-2.8530601412057877e-05,5.683495692210272e-05,-2.830434823408723e-05,8.208231156459078e-05,-0.00016377550491597503,8.169320062734187e-05,-0.0001560106175020337,0.00031203965772874653,-0.00015602905477862805,-2.469085666234605e-05,4.914089367957786e-05,-2.4450035198242404e-05,-0.00026550196344032884,0.0005292732384987175,-0.00026377130416221917,7.578569784527645e-05,-0.000151035885210149,7.525017281295732e-05,-0.0001440017222194001,0.00028784028836525977,-0.0001438385806977749,-2.2689624529448338e-05,4.5265729568200186e-05,-2.2576097762794234e-05,-0.0002438524243189022,0.0004863888898398727,-0.00024253646552097052,-0.00011097804963355884,0.0002207096404163167,-0.00010973156167892739,4.4109674490755424e-05,-8.810144936433062e-05,4.399177123559639e-05,-3.15470970235765e-07,6.315931386779994e-07,-3.1612398743163794e-07,-9.22952858672943e-06,1.8472774172551e-05,-9.243245585821569e-06,5.645363216899568e-06,-1.1289233952993527e-05,5.64387119084131e-06,1.1506657756399363e-05,-2.3002270609140396e-05,1.149561649071984e-05,-1.6501839127158746e-05,3.2966723665595055e-05,-1.646488453843631e-05,1.1048359738197178e-05,-2.2097285182098858e-05,1.1048923624912277e-05,1.0750633919087704e-05,-2.1516414562938735e-05,1.0765778824861627e-05,3.346979610796552e-06,-6.684506843157578e-06,3.3375267776136752e-06,-2.5535111490171403e-05,5.106494063511491e-05,-2.552983096393291e-05,-1.0140029189642519e-05,2.0259685697965324e-05,-1.0119656508322805e-05,5.92927835896262e-06,-1.1864467523992062e-05,5.935188710282091e-06,-1.7604922959435498e-06,3.526093678374309e-06,-1.7656009276834084e-06,-3.1030294849188067e-06,6.1955088312970474e-06,-3.0924793463782407e-06],[-5.7877812650986016e-05,0.00011562384315766394,-5.7746066886465997e-05,0.00011083058052463457,-0.0002204730553785339,0.00010964248212985694,-4.7518966312054545e-05,9.484063775744289e-05,-4.7321685997303575e-05,0.0009052518289536238,-0.0005969270714558661,0.0006916751153767109,1.4253145309339743e-05,-2.8393258617143147e-05,1.4140112398308702e-05,-4.100612932234071e-05,8.181788143701851e-05,-4.0811748476698995e-05,7.793880649842322e-05,-0.00015588680980727077,7.794799603288993e-05,1.2334901839494705e-05,-2.4549495719838887e-05,1.2214594789838884e-05,0.0001326378114754334,-0.0002644110063556582,0.00013177323853597045,-3.786050365306437e-05,7.545347034465522e-05,-3.759297032956965e-05,7.193945202743635e-05,-0.0001437973987776786,7.185795402619988e-05,1.1335147064528428e-05,-2.26135798584437e-05,1.1278432793915272e-05,0.00012182223872514442,-0.00024298708012793213,0.00012116480502299964,5.5441720178350806e-05,-0.00011026074207620695,5.4819010983919725e-05,-2.203600888606161e-05,4.40131188952364e-05,-2.1977110009174794e-05,1.5762634575366974e-07,-3.155782906105742e-07,1.5795194485690445e-07,4.6108202695904765e-06,-9.228493581758812e-06,4.6176733121683355e-06,-2.8202312023495324e-06,5.639716619043611e-06,-2.819485644067754e-06,-5.748413059336599e-06,1.1491309123812243e-05,-5.742896973970346e-06,8.243885531555861e-06,-1.6469308320665732e-05,8.225424608099274e-06,-5.519438218470896e-06,1.1039159289794043e-05,-5.519720161828445e-06,-5.37072446604725e-06,1.074901592801325e-05,-5.378290552471299e-06,-1.6720507574063959e-06,3.339378508826485e-06,-1.66732820616744e-06,1.275666909350548e-05,-2.5510698833386414e-05,1.2754031558870338e-05,5.065706773166312e-06,-1.0121234481630381e-05,5.055529527453473e-06,-2.9621037356264424e-06,5.927160600549541e-06,-2.965056410175748e-06,8.795043981990602e-07,-1.7615611795918085e-06,8.820566108624917e-07,1.5502040469073108e-06,-3.0951375720178476e-06,1.544933411423699e-06],[6.0974980442551896e-05,-0.00012181113561382517,6.0836169723188505e-05,0.00015339053061325103,-0.0003051368403248489,0.00015174625150393695,1.5942479876684956e-05,-3.181879219482653e-05,1.5876303223194554e-05,1.427747520210687e-05,-2.8530601412057877e-05,1.4253145309339743e-05,0.0008373690652661026,-0.00019956551841460168,0.00036219641333445907,1.3753268831351306e-05,-2.744133962551132e-05,1.3688073522644117e-05,1.2341258297965396e-05,-2.468397724442184e-05,1.2342714398982935e-05,8.671910109114833e-06,-1.7259239029954188e-05,8.587329830334056e-06,6.212124571902677e-05,-0.00012383755529299378,6.171630957396701e-05,1.2698611499217805e-05,-2.5307492251158692e-05,1.2608880751940887e-05,1.1389787687221542e-05,-2.2766669644624926e-05,1.137688468588749e-05,7.968890713527799e-06,-1.5897910998319276e-05,7.929019375296775e-06,5.708657772629522e-05,-0.00011386509140720591,5.677850276697427e-05,2.952222894236911e-05,-5.8712867030408233e-05,2.9190638088039123e-05,-8.280183465103619e-06,1.6538235286134295e-05,-8.258051821030676e-06,5.488919669005554e-06,-1.0989180736942217e-05,5.500261067936663e-06,-4.437453299033223e-06,8.8815004346543e-06,-4.444047590368427e-06,1.2167586191935698e-06,-2.4331957320100628e-06,1.2164368854428176e-06,-8.053744977587485e-07,1.60997592502099e-06,-8.046016546359169e-07,1.5697173694206867e-07,-3.13592408929253e-07,1.5662044461350888e-07,1.2318666904320708e-06,-2.4637965907459147e-06,1.2319296729401685e-06,-6.058563144506479e-07,1.2125661896789097e-06,-6.06709818384843e-07,-1.1562381132534938e-06,2.3092104584065964e-06,-1.1529724588399404e-06,1.605319539521588e-06,-3.2103073408507043e-06,1.6049878013291163e-06,2.934993972303346e-06,-5.864090780960396e-06,2.9290970360307256e-06,-1.4884818710925174e-07,2.978447355417302e-07,-1.489966052758973e-07,-3.7627791016348056e-07,7.536477824032772e-07,-3.773698153963778e-07,7.581795102851174e-07,-1.5137811715248972e-06,7.556016612397798e-07],[-0.00012146641529398039,0.00024265627143904567,-0.00012118987797293812,-0.00030556460842490196,0.0006078538135625422,-0.0003022890887223184,-3.175853271386586e-05,6.338526145555079e-05,-3.162669963785447e-05,-2.844172740879003e-05,5.683495692210272e-05,-2.8393258617143147e-05,-0.00019956551841460168,0.0013975485926494002,-0.00019798286666627973,-2.7397478334023617e-05,5.466508446261287e-05,-2.7267604309599847e-05,-2.4584653147030622e-05,4.917221303912811e-05,-2.4587554435129277e-05,-1.7275053323828615e-05,3.438162093516439e-05,-1.7106562154367566e-05,-0.00012374985089991242,0.00024669308913871646,-0.00012294320913497359,-2.529652374505531e-05,5.041429540142417e-05,-2.5117773475358263e-05,-2.2689253455610014e-05,4.535279731499031e-05,-2.2663547497359104e-05,-1.5874591554165818e-05,3.166975875501521e-05,-1.5795163562870584e-05,-0.00011372045264579356,0.00022682722192257643,-0.00011310676200082526,-5.8810346672544256e-05,0.00011696016736095771,-5.814980249851942e-05,1.6494712326675653e-05,-3.294533962616697e-05,1.645062366151251e-05,-1.0934276360785589e-05,2.189114638895262e-05,-1.0956870028167032e-05,8.839705515129026e-06,-1.7692549590719864e-05,8.852843166096136e-06,-2.4238474907178897e-06,4.8470537876710296e-06,-2.42320629695314e-06,1.6043668438214809e-06,-3.207194367860211e-06,1.6028275240387302e-06,-3.1270656108972616e-07,6.247128112590872e-07,-3.120067049167119e-07,-2.4539522200939246e-06,4.908029950456694e-06,-2.4540777303627692e-06,1.2069197055097902e-06,-2.415540166111896e-06,1.2086200058547547e-06,2.3033146590023534e-06,-4.600124157150276e-06,2.2968094981479226e-06,-3.1979120649339166e-06,6.395162472472293e-06,-3.1972508622857276e-06,-5.846699423273094e-06,1.168165272247279e-05,-5.834953299199697e-06,2.9652346711372957e-07,-5.933425200055353e-07,2.9681905289180577e-07,7.495735871998477e-07,-1.5013222309789853e-06,7.517486437791376e-07,-1.5103339592315024e-06,3.0155326840031194e-06,-1.505198724771617e-06],[6.0491434851428494e-05,-0.00012084511399734765,6.0353708249749616e-05,0.00015217409236356616,-0.0003027169732376933,0.00015054283721838146,1.5816052837180905e-05,-3.156645834678784e-05,1.5750396414659917e-05,1.4164249478199054e-05,-2.830434823408723e-05,1.4140112398308702e-05,0.00036219641333445907,-0.00019798286666627973,0.0008357865153811872,1.3644202226714697e-05,-2.722372482821811e-05,1.3579523510998115e-05,1.2243383935128804e-05,-2.4488213966833428e-05,1.2244829122209921e-05,8.60313684825087e-06,-1.7122365534305573e-05,8.519227776560001e-06,6.162860518088564e-05,-0.000122855490189977,6.122689228504896e-05,1.2597908607858699e-05,-2.510679405531846e-05,1.2508889085438568e-05,1.1299454854452051e-05,-2.258610948047135e-05,1.1286655535514e-05,7.905694474175107e-06,-1.577183502377011e-05,7.8661396401003e-06,5.663386400556192e-05,-0.00011296209413558245,5.632822649204172e-05,2.9288101359270513e-05,-5.824724576086737e-05,2.895914440159686e-05,-8.214522495109122e-06,1.6407087969128042e-05,-8.19256547401892e-06,5.445378519652877e-06,-1.0902007488766685e-05,5.456628969113808e-06,-4.402259946800768e-06,8.811060979496688e-06,-4.408802396937972e-06,1.2071079709130572e-06,-2.413897163933143e-06,1.2067889656464104e-06,-7.989881396497367e-07,1.5972095752658788e-06,-7.982215493029798e-07,1.5572300071653444e-07,-3.1109766496228985e-07,1.5537420949840453e-07,1.2221003089507576e-06,-2.4442633730359375e-06,1.222162609337829e-06,-6.010558308844338e-07,1.2029584013362182e-06,-6.019025136083656e-07,-1.147072339335864e-06,2.2909050585440127e-06,-1.1438327192081488e-06,1.5925868410704425e-06,-3.1848439903114922e-06,1.592257490301563e-06,2.9117152280377923e-06,-5.81758013140643e-06,2.905864903368638e-06,-1.4767073253096896e-07,2.954885758299497e-07,-1.478179001423996e-07,-3.7329488122850307e-07,7.476730274902366e-07,-3.7437808941831463e-07,7.521636575802404e-07,-1.5017700434327708e-06,7.496062721656926e-07],[0.00010077349725179374,-0.00020131768542341888,0.00010054410813609138,-5.0452927098376676e-05,0.00010036496678367257,-4.991204696125351e-05,8.276912558358163e-05,-0.00016519470955245197,8.242551848525181e-05,-4.1076102206716314e-05,8.208231156459078e-05,-4.100612932234071e-05,1.3753268831351306e-05,-2.7397478334023617e-05,1.3644202226714697e-05,0.0009656334295868874,-0.00025210424792021513,0.0002864708658307791,-3.5479995858622715e-05,7.096418994478881e-05,-3.548418317222968e-05,1.1889307643286884e-05,-2.366265471209772e-05,1.1773346159316134e-05,1.5853369404794648e-05,-3.1603402021573856e-05,1.5750030797789805e-05,6.593832949874923e-05,-0.00013141072122380137,6.547239900100976e-05,-3.2752806873759255e-05,6.546851363964379e-05,-3.2715703127905726e-05,1.092528418666916e-05,-2.1795905922772363e-05,1.08706199171138e-05,1.4569035556633025e-05,-2.9059447115287185e-05,1.4490412468148861e-05,5.2366718591656536e-05,-0.0001041452560457401,5.177853745408356e-05,-2.4699656933080405e-06,4.933330274070613e-06,-2.463363671267871e-06,1.4179943718772847e-05,-2.8389184080879204e-05,1.420924218109576e-05,-1.5585826986352913e-05,3.119481334579177e-05,-1.5608989997417666e-05,5.63974708711612e-06,-1.1278003512416035e-05,5.6382564252999146e-06,2.8872273105662316e-06,-5.771683390776161e-06,2.884456762330956e-06,-6.7641958594322205e-06,1.3513244994101115e-05,-6.749048225174192e-06,8.021537723834626e-06,-1.6043486539274454e-05,8.021947905945126e-06,3.081276190641802e-06,-6.166893399495166e-06,3.085616754106013e-06,-1.5619815485479194e-06,3.119551593044889e-06,-1.557569930810132e-06,-6.887891231599497e-06,1.3774359103990719e-05,-6.886467417643871e-06,3.2518478292331565e-06,-6.4971609390340745e-06,3.24531401929562e-06,2.1827954697073437e-06,-4.367766905488679e-06,2.18497120840766e-06,-1.7459263972341432e-06,3.496919816825539e-06,-1.7509927374703693e-06,6.293614660535241e-07,-1.2565831184474519e-06,6.272215387070901e-07],[-0.00020106929878238589,0.00040168099803850055,-0.0002006116119446233,0.00010066668619401753,-0.00020025417325086892,9.958747978089377e-05,-0.00016514590242877603,0.00032960635144263506,-0.00016446030349470675,8.195749251171947e-05,-0.00016377550491597503,8.181788143701851e-05,-2.744133962551132e-05,5.466508446261287e-05,-2.722372482821811e-05,-0.00025210424792021513,0.0015030133072286844,-0.0002509091573301703,7.079180795699358e-05,-0.00014159196871332824,7.080016075633466e-05,-2.3722242985968478e-05,4.721311779576354e-05,-2.3490872990805656e-05,-3.163156725349836e-05,6.30569556960836e-05,-3.142538480460644e-05,-0.00013156408385839313,0.0002621985040605068,-0.0001306344202021137,6.535037391586229e-05,-0.00013062670768704265,6.527633377118036e-05,-2.1798770831082948e-05,4.3488475057529286e-05,-2.1689702407456934e-05,-2.9069004085613415e-05,5.798113124910742e-05,-2.8912127163494006e-05,-0.00010448520333738998,0.0002077968674711883,-0.0001033116495818831,4.928223461320158e-06,-9.843273801379837e-06,4.915050340059679e-06,-2.8292675779084675e-05,5.664381023962051e-05,-2.8351136279525235e-05,3.1097762985154986e-05,-6.224173557711765e-05,3.1143983505899087e-05,-1.1252754120505415e-05,2.2502536012325436e-05,-1.1249779163335916e-05,-5.760774456575746e-06,1.1516020094859414e-05,-5.75524654777837e-06,1.3496327483153436e-05,-2.6962432457366958e-05,1.346610406471882e-05,-1.600505129317753e-05,3.2010921131586656e-05,-1.6005869838409126e-05,-6.1479531723307446e-06,1.2304568372201174e-05,-6.156614290375728e-06,3.11655367113417e-06,-6.224305252544582e-06,3.1077513540367363e-06,1.3743125236942433e-05,-2.7483409212436527e-05,1.3740283065999392e-05,-6.488270173576893e-06,1.2963502740603872e-05,-6.475233931269031e-06,-4.3552449824346695e-06,8.714830983080901e-06,-4.359586000646232e-06,3.4835761653084774e-06,-6.977261364227161e-06,3.493684971545008e-06,-1.2557416084746365e-06,2.5072140488191508e-06,-1.2514719855971634e-06],[0.00010029578697867692,-0.00020036335627082735,0.00010006748925661668,-5.021375909564085e-05,9.988921374315396e-05,-4.9675443733576685e-05,8.237676956923679e-05,-0.00016441161278635263,8.203478500945494e-05,-4.0881386667024344e-05,8.169320062734187e-05,-4.0811748476698995e-05,1.3688073522644117e-05,-2.7267604309599847e-05,1.3579523510998115e-05,0.0002864708658307791,-0.0002509091573301703,0.0009644382516853511,-3.5311812098370865e-05,7.062779332045466e-05,-3.531598122208379e-05,1.1832941709144507e-05,-2.3550472178612836e-05,1.1717529559973627e-05,1.5778210581629537e-05,-3.1453571864403784e-05,1.5675359463784844e-05,6.562573980772868e-05,-0.00013078776828479022,6.516201392514631e-05,-3.2597545214230195e-05,6.515816494356841e-05,-3.256062336731702e-05,1.0873491191887297e-05,-2.1692580048693344e-05,1.081908521882724e-05,1.4499971257464495e-05,-2.892169140977785e-05,1.4421720152313355e-05,5.211847019381821e-05,-0.0001036515532177873,5.1533093937905505e-05,-2.4582586775068194e-06,4.909947165288031e-06,-2.4516884877812117e-06,1.41127175083966e-05,-2.825459341693204e-05,1.4141876818030141e-05,-1.5511941455770284e-05,3.104693678324111e-05,-1.5534995327470824e-05,5.613000666926382e-06,-1.1224516129004769e-05,5.61151682632044e-06,2.8735398700519e-06,-5.7443212426733226e-06,2.8707822821161244e-06,-6.732126621500356e-06,1.3449178368318826e-05,-6.717051292071119e-06,7.983509931364097e-06,-1.5967427316354588e-05,7.98391647549579e-06,3.0666697057313286e-06,-6.1376595112960786e-06,3.0709895781910745e-06,-1.5545825817753212e-06,3.1047745778778335e-06,-1.5501919961025123e-06,-6.855239462311147e-06,1.370906102238223e-05,-6.853822014818434e-06,3.2364282560592983e-06,-6.466353170253569e-06,3.2299258236889727e-06,2.1724458747485187e-06,-4.34705771112931e-06,2.17461138163344e-06,-1.7376542018610053e-06,3.4803510970959906e-06,-1.7426966678613098e-06,6.263722980293096e-07,-1.250615014214418e-06,6.242426024982706e-07],[-5.0077043852070346e-05,0.00010004002251662314,-4.9963025958277285e-05,9.592713468009606e-05,-0.00019082594371866435,9.489878721069545e-05,-4.1113315091934055e-05,8.205592166632414e-05,-4.0942642954178154e-05,7.807184738339856e-05,-0.0001560106175020337,7.793880649842322e-05,1.2341258297965396e-05,-2.4584653147030622e-05,1.2243383935128804e-05,-3.5479995858622715e-05,7.079180795699358e-05,-3.5311812098370865e-05,0.0007217204547487199,-0.0004932591691613197,0.0007715389365330338,1.0680354534997605e-05,-2.1256539184832945e-05,1.0576183740340639e-05,1.4056821783015039e-05,-2.8022015612805262e-05,1.3965194739284925e-05,-3.2758296583779156e-05,6.528511585202068e-05,-3.252681563026272e-05,6.226605182746425e-05,-0.00012446155596990138,6.219551869435236e-05,9.814677468966693e-06,-1.958025313797407e-05,9.765572031028569e-06,1.2918458196509164e-05,-2.5767199986148626e-05,1.2848741789639462e-05,0.00012452808732632548,-0.00024765750276856124,0.00012312941544223577,-1.914789027068764e-05,3.824460145551711e-05,-1.909670936584007e-05,1.8673881641007029e-07,-3.738632585736923e-07,1.87124442163622e-07,3.9558626667712815e-06,-7.917604307294823e-06,3.9617425500182435e-06,-2.4002802092581987e-06,4.799926045961911e-06,-2.399645836703712e-06,-4.9806676543084905e-06,9.956555004464462e-06,-4.975888259650674e-06,7.099157301126979e-06,-1.4182416634866968e-05,7.0832593337399885e-06,-4.721914592664689e-06,9.44407111092005e-06,-4.722155608760659e-06,-4.650879418477416e-06,9.308311746281106e-06,-4.657431418308988e-06,-1.4413079725272837e-06,2.8785452741431072e-06,-1.4372374153026612e-06,1.1005535270669498e-05,-2.2008793166605756e-05,1.1003259714925662e-05,4.4199186959303916e-06,-8.830957085592672e-06,4.411038389662281e-06,-2.5707815893838415e-06,5.144126134837279e-06,-2.5733440907060867e-06,7.616370680807449e-07,-1.5254844356604735e-06,7.63847197049472e-07,1.3377258483160404e-06,-2.6709035410021897e-06,1.3331775789993117e-06],[0.00010016001033363864,-0.00020009184663649648,9.993195271817967e-05,-0.00019186557619832456,0.00038167438469827175,-0.00018980879394803196,8.223148324759677e-05,-0.00016412153490819037,8.189011714421213e-05,-0.00015615289157722145,0.00031203965772874653,-0.00015588680980727077,-2.468397724442184e-05,4.917221303912811e-05,-2.4488213966833428e-05,7.096418994478881e-05,-0.00014159196871332824,7.062779332045466e-05,-0.0004932591691613197,0.0019865764770656824,-0.0004933173768222332,-2.13619350688532e-05,4.251551581546664e-05,-2.1153580746613443e-05,-2.8115309760323726e-05,5.604734906228259e-05,-2.7932039301958866e-05,6.552045670105144e-05,-0.00013057792966719717,6.505747296614572e-05,-0.00012453942326828837,0.0002489377511665225,-0.00012439834245014936,-1.9630519091151655e-05,3.916282730642706e-05,-1.953229912032839e-05,-2.5838437068159692e-05,5.153743768460117e-05,-2.5698996978462674e-05,-0.00024907084298320115,0.0004953441675752401,-0.000246273324592039,3.829802881227806e-05,-7.649369217688218e-05,3.8195663364604115e-05,-3.7352492654463276e-07,7.47821104596369e-07,-3.742961780517362e-07,-7.912176442914642e-06,1.5836110833333805e-05,-7.923936209408566e-06,4.8008046178438235e-06,-9.600340490578674e-06,4.799535417987499e-06,9.961918294720817e-06,-1.9914274162147194e-05,9.952358595910482e-06,-1.4199159522831906e-05,2.8366521291900426e-05,-1.416736176906852e-05,9.444331226404756e-06,-1.8889144485001452e-05,9.444813258596696e-06,9.302303624281194e-06,-1.8617713067214936e-05,9.315407623944338e-06,2.8827821552113164e-06,-5.757422513852362e-06,2.874640358641045e-06,-2.201234019594267e-05,4.402012928039767e-05,-2.2007790903444402e-05,-8.840375812724233e-06,1.766298919392284e-05,-8.82261429069331e-06,5.141862402524566e-06,-1.0288849807693623e-05,5.146987859916408e-06,-1.5233645171974786e-06,3.0511498607666e-06,-1.5277850025086082e-06,-2.67561040345754e-06,5.342124040907947e-06,-2.666513410076732e-06],[-5.008295556763187e-05,0.00010005183139583096,-4.996892312192358e-05,9.593844879418612e-05,-0.0001908484846353531,9.490999218542129e-05,-4.111816451768391e-05,8.206560596590862e-05,-4.094747419003397e-05,7.808105874573812e-05,-0.00015602905477862805,7.794799603288993e-05,1.2342714398982935e-05,-2.4587554435129277e-05,1.2244829122209921e-05,-3.548418317222968e-05,7.080016075633466e-05,-3.531598122208379e-05,0.0007715389365330338,-0.0004933173768222332,0.0007217786042019725,1.068159326678142e-05,-2.1259002096485347e-05,1.057741064869333e-05,1.4058471606404055e-05,-2.8025306164636277e-05,1.3966831829748116e-05,-3.27621673932299e-05,6.529282836709172e-05,-3.2530660973861814e-05,6.227339326869696e-05,-0.0001244762388523668,6.220284558366984e-05,9.815828889259137e-06,-1.9582548702601343e-05,9.766716175363399e-06,1.2919978871650528e-05,-2.577023406047374e-05,1.2850256098317914e-05,0.0001245427265530452,-0.000247686606599018,0.00012314390914980322,-1.915014217956923e-05,3.824909799732268e-05,-1.909895581775345e-05,1.8676109903026372e-07,-3.7390782381407917e-07,1.8714717953116633e-07,3.956314685638063e-06,-7.918509254523087e-06,3.962194568885025e-06,-2.4005464638321428e-06,4.800458555109799e-06,-2.3999118639039807e-06,-4.981250640412327e-06,9.957720976672135e-06,-4.976470791007159e-06,7.099999493220821e-06,-1.4184099200065248e-05,7.084100161591778e-06,-4.7224525587807875e-06,9.445146133657545e-06,-4.722693574876757e-06,-4