{"epoch":0,"H":[[-0.001147752278484404,-0.0031871297396719456,0.005334882065653801,0.00028385486803017557,-0.000567318347748369,0.00028346350882202387,0.0002618543221615255,-0.0005223320913501084,0.0002604777691885829,0.00023299224267248064,-0.0004643177380785346,0.00023132558271754533,0.0008456624345853925,-0.0016879142494872212,0.0008422518731094897,0.00022638669179286808,-0.00045103972661308944,0.00022465309302788228,0.0002012994809774682,-0.0004031109274365008,0.00020181149011477828,0.0007306149345822632,-0.0014592796796932817,0.0007286645704880357,0.000381134741473943,-0.0007592609035782516,0.0003781261621043086,0.00020938685338478535,-0.00041851436253637075,0.00020912752370350063,0.00018672469013836235,-0.0003725889546331018,0.00018586426449473947,0.0006764173158444464,-0.00135118851903826,0.0006747712031938136,0.0003520518366713077,-0.0007028377731330693,0.0003507860528770834,0.00046945290523581207,-0.0009331033797934651,0.00046365047455765307,4.097170676686801e-05,-8.179993892554194e-05,4.082823943463154e-05,-4.459363117348403e-05,8.918674575397745e-05,-4.459311458049342e-05,4.565990457194857e-05,-9.123477502726018e-05,4.557487045531161e-05,-4.7924331738613546e-05,9.570443216944113e-05,-4.7780093154869974e-05,-2.7644898636935977e-06,5.534709544008365e-06,-2.770220135062118e-06,4.320705193094909e-05,-8.644395711598918e-05,4.323689790908247e-05,-4.048980918014422e-05,8.091823110589758e-05,-4.042842920171097e-05,-1.288434759771917e-06,2.5789067876758054e-06,-1.290471800530213e-06,-4.4957714635529555e-06,9.009833775053266e-06,-4.514062766247662e-06,3.620691131800413e-05,-7.235837256303057e-05,3.615145760704763e-05,-3.063724943785928e-05,6.131839472800493e-05,-3.068114529014565e-05,-3.919581104128156e-08,7.830249160178937e-08,-3.910668056050781e-08,-6.261945600272156e-06,1.253056871064473e-05,-6.268624019867275e-06,-3.261689698774717e-06,6.523410320369294e-06,-3.2617208489682525e-06],[-0.0031871297396719456,0.007349750027060509,-0.0031626191921532154,-0.0005655267741531134,0.0011302735656499863,-0.0005647470825351775,-0.0005216947756707668,0.0010406470391899347,-0.0005189522635191679,-0.00046419259160757065,0.0009250647271983325,-0.000460872077383101,-0.0016848209779709578,0.003362847026437521,-0.0016780260484665632,-0.0004510322760324925,0.0008986107422970235,-0.00044757843716070056,-0.0004010508127976209,0.0008031215984374285,-0.00040207087295129895,-0.0014556112000718713,0.002907336689531803,-0.0014517252566292882,-0.0007593382615596056,0.0015126822981983423,-0.0007533443858847022,-0.0004171633336227387,0.0008338100160472095,-0.0004166466533206403,-0.00037201333907432854,0.0007423124043270946,-0.00037029909435659647,-0.0013476326130330563,0.002691985573619604,-0.0013443530770018697,-0.0007013960857875645,0.0014002704992890358,-0.0006988742388784885,-0.0009352954220958054,0.0018590305699035525,-0.0009237350896000862,-8.16282699815929e-05,0.0001629707112442702,-8.134244126267731e-05,8.884437556844205e-05,-0.00017768770339898765,8.884334238246083e-05,-9.096862049773335e-05,0.00018176782759837806,-9.079920710064471e-05,9.548012894811109e-05,-0.00019067290122620761,9.519276500213891e-05,5.507739842869341e-06,-1.1026895663235337e-05,5.519155820365995e-06,-8.608178904978558e-05,0.00017222306632902473,-8.61412554513663e-05,8.066825103014708e-05,-0.00016121420776471496,8.054595673456788e-05,2.5669776277936762e-06,-5.138013875694014e-06,2.571035793152987e-06,8.956993042374961e-06,-1.7950429537449963e-05,8.993436495075002e-06,-7.213534991024062e-05,0.00014416022168006748,-7.202486449386925e-05,6.103891064412892e-05,-0.00012216527829878032,6.11263676546514e-05,7.811104296706617e-08,-1.5604473446728662e-07,7.793323675286956e-08,1.2475758921937086e-05,-2.4964821932371706e-05,1.2489064829424024e-05,6.498324182757642e-06,-1.2996709301660303e-05,6.498386028397363e-06],[0.005334882065653801,-0.0031626191921532154,-0.0011722635244950652,0.00028167181881144643,-0.0005629551014862955,0.00028128339909017086,0.0002598404826130718,-0.0005183150060474873,0.000258474494330585,0.00023120040714275092,-0.0004607469600159675,0.00022954655287321657,0.0008391586598008871,-0.0016749328933656216,0.0008357742335647345,0.00022464562789537013,-0.0004475709574762732,0.00022292534413281828,0.00019975134637206793,-0.0004000107292085886,0.0002002593973884359,0.0007249962072819471,-0.0014480570098385215,0.0007230607443489134,0.0003782035200856626,-0.0007534215110354125,0.0003752181655727327,0.00020777652389369905,-0.0004152956826146692,0.00020751920237671584,0.00018528859072830528,-0.0003697233914863318,0.00018443481530994177,0.0006712152971886098,-0.001340797170996666,0.0006695818738080561,0.00034934430732391775,-0.0006974325515329838,0.0003480883315205574,0.00046584251685999334,-0.0009259273065254092,0.0004600847023539245,4.0656610508449376e-05,-8.117084507830441e-05,4.0514245483791456e-05,-4.425067891133949e-05,8.850084850564599e-05,-4.4250162318348885e-05,4.530874139163643e-05,-9.053310350282118e-05,4.522435847320594e-05,-4.755577174364589e-05,9.496841812506318e-05,-4.741264274343848e-05,-2.7432329261500854e-06,5.492152467923006e-06,-2.748919314399245e-06,4.287476258468814e-05,-8.577914559282362e-05,4.290438300813548e-05,-4.017842729808763e-05,8.02959330030717e-05,-4.011751298094168e-05,-1.2785280887328554e-06,2.5590773020667257e-06,-1.280549327020708e-06,-4.461199750949163e-06,8.940550287661608e-06,-4.479350536712445e-06,3.592846405808814e-05,-7.180190004874021e-05,3.587343599065207e-05,-3.040163210243918e-05,6.0846825363114476e-05,-3.0445193260675296e-05,-3.8897269405424595e-08,7.770586307742633e-08,-3.880882104567718e-08,-6.213789674802683e-06,1.2434205928002484e-05,-6.220416253199801e-06,-3.236606062273495e-06,6.473242592619499e-06,-3.236636985093355e-06],[0.00028385486803017557,-0.0005655267741531134,0.00028167181881144643,-0.0007222354179248214,-0.002471761079505086,0.004193996544927359,0.00023220249568112195,-0.000463184347609058,0.00023098182282410562,0.0001808962260838598,-0.00036049846676178277,0.00017960222612600774,0.0006734351627528667,-0.001344154472462833,0.0006707192515023053,0.00020084714924450964,-0.0004001562774647027,0.0001993091282201931,0.0001562248362461105,-0.0003128470270894468,0.00015662217629142106,0.0005823877872899175,-0.0011632208479568362,0.0005808331188745797,0.0003091290418524295,-0.0006158178439363837,0.0003066888893954456,0.00018584876670502126,-0.00037146732211112976,0.00018561856995802373,0.00014485069550573826,-0.00028903395286761224,0.0001441832137061283,0.0005385037511587143,-0.001075696898624301,0.0005371932638809085,0.0002853242040146142,-0.0005696224397979677,0.0002842983230948448,0.0003804519074037671,-0.0007562015089206398,0.0003757495142053813,3.749634197447449e-05,-7.486138201784343e-05,3.736504731932655e-05,-3.6033481592312455e-05,7.206654117908329e-05,-3.603305958677083e-05,2.49443000939209e-05,-4.984214683645405e-05,2.4897846742533147e-05,-3.654744796222076e-05,7.29849052731879e-05,-3.643745367298834e-05,-2.2340266241371864e-06,4.47268394054845e-06,-2.238657089037588e-06,3.8014419260434806e-05,-7.605510472785681e-05,3.8040678191464394e-05,-3.896978159900755e-05,7.788048242218792e-05,-3.891070082318038e-05,-3.2347543310606852e-06,6.47462275082944e-06,-3.2398684197687544e-06,-7.380520401056856e-06,1.4791069588682149e-05,-7.410549187625293e-06,2.0993127691326663e-05,-4.195410292595625e-05,2.0960975234629586e-05,-8.434408300672658e-06,1.6880901966942474e-05,-8.446493666269816e-06,-3.345626737427665e-06,6.683645551674999e-06,-3.3380179047526326e-06,-7.782828106428497e-06,1.5573956261505373e-05,-7.791129064571578e-06,-3.8082557693996932e-06,7.6165474638401065e-06,-3.808292149187764e-06],[-0.000567318347748369,0.0011302735656499863,-0.0005629551014862955,-0.002471761079505086,0.005940113682299852,-0.002468352671712637,-0.0004640847910195589,0.0009257300407625735,-0.0004616451624315232,-0.0003615430323407054,0.0007204998400993645,-0.0003589568077586591,-0.00134594168048352,0.00268645491451025,-0.0013405134668573737,-0.0004014172591269016,0.000799760571680963,-0.00039834334165789187,-0.0003122342750430107,0.0006252626189962029,-0.00031302846036851406,-0.001163972425274551,0.002324837725609541,-0.0011608650675043464,-0.000617831654381007,0.0012307863216847181,-0.0006129547255113721,-0.00037144121597521007,0.000742422416806221,-0.0003709811717271805,-0.0002895016805268824,0.0005776692996732891,-0.0002881676482502371,-0.0010762648889794946,0.0021499108988791704,-0.001073645893484354,-0.0005702549824491143,0.0011384593090042472,-0.0005682046175934374,-0.0007603793637827039,0.0015113602858036757,-0.0007509809220209718,-7.494098099414259e-05,0.00014961954730097204,-7.467856630682945e-05,7.201725384220481e-05,-0.0001440336782252416,7.201641710707918e-05,-4.985421401215717e-05,9.961557952919975e-05,-4.976136551704258e-05,7.304451719392091e-05,-0.00014586918405257165,7.282467413460836e-05,4.4649627852777485e-06,-8.93918149813544e-06,4.47421780336299e-06,-7.597641524625942e-05,0.0001520053338026628,-7.602890400448814e-05,7.788583752699196e-05,-0.00015565360081382096,7.7767763286829e-05,6.465049409598578e-06,-1.2940320630150381e-05,6.475270765804453e-06,1.4750859918422066e-05,-2.9561735573224723e-05,1.4810875654802658e-05,-4.1957311623264104e-05,8.385036926483735e-05,-4.1893050365615636e-05,1.6857171431183815e-05,-3.373849540366791e-05,1.6881323972484097e-05,6.686639153485885e-06,-1.3358070646063425e-05,6.671431947324891e-06,1.555493327032309e-05,-3.112645208602771e-05,1.557152245368343e-05,7.6112683018436655e-06,-1.5222608453768771e-05,7.611341061419807e-06],[0.00028346350882202387,-0.0005647470825351775,0.00028128339909017086,0.004193996544927359,-0.002468352671712637,-0.0007256438839249313,0.00023188233899418265,-0.0004625457222573459,0.00023066333960741758,0.0001806468062568456,-0.0003600013442337513,0.0001793545816326514,0.0006725067505612969,-0.0013423010241240263,0.0006697944481857121,0.0002005702117457986,-0.00039960446883924305,0.00019903431530110538,0.0001560094387969002,-0.0003124156501144171,0.0001564062258694321,0.0005815846961922944,-0.0011616168776527047,0.0005800321232527494,0.00030870275804772973,-0.0006149686523713171,0.00030626595253124833,0.00018559247837401927,-0.0003709550655912608,0.00018536260176915675,0.00014465097046922892,-0.0002886353759095073,0.00014398441999219358,0.0005377611960284412,-0.0010742137674242258,0.0005364525713957846,0.00028493080753833055,-0.0005688371020369232,0.00028390632360242307,0.0003799273690674454,-0.0007551588350906968,0.00037523149512708187,3.7444635381689295e-05,-7.475815073121339e-05,3.73135189875029e-05,-3.598380135372281e-05,7.1967180701904e-05,-3.598337934818119e-05,2.490989754733164e-05,-4.9773403588915244e-05,2.486350786057301e-05,-3.649705831776373e-05,7.288427877938375e-05,-3.638721682364121e-05,-2.230946847703308e-06,4.466517566470429e-06,-2.2355711735144723e-06,3.796199962380342e-05,-7.595022907480597e-05,3.7988225813023746e-05,-3.891605229000561e-05,7.77731038397178e-05,-3.8857055187691e-05,-3.23029371429584e-06,6.465694241342135e-06,-3.235400527046295e-06,-7.3703486123122275e-06,1.4770685083931312e-05,-7.4003364716190845e-06,2.0964182112948038e-05,-4.1896255424944684e-05,2.0932071493007243e-05,-8.422775863436982e-06,1.6857618902577087e-05,-8.434843948634807e-06,-3.3410121886845445e-06,6.674425094388425e-06,-3.333413587824907e-06,-7.772101525915787e-06,1.5552492186543532e-05,-7.780390660627745e-06,-3.803009349212516e-06,7.606055078213103e-06,-3.803045729000587e-06],[0.0002618543221615255,-0.0005216947756707668,0.0002598404826130718,0.00023220249568112195,-0.0004640847910195589,0.00023188233899418265,-0.0008026653667911887,-0.0025277817621827126,0.004330446943640709,0.00019059602345805615,-0.00037982864887453616,0.00018923262541648,0.00013340890291146934,-0.00026627982151694596,0.00013287088950164616,0.0001852913701441139,-0.0003691638703458011,0.00018387247109785676,0.00016466909437440336,-0.0003297569928690791,0.00016508791304659098,0.00011531255586305633,-0.0002303173387190327,0.00011500473920023069,0.0007418534951284528,-0.0014778509503230453,0.0007359975716099143,0.0001713770761853084,-0.00034254189813509583,0.00017116479284595698,0.0001527465647086501,-0.0003047892823815346,0.00015204270312096924,0.00010668899631127715,-0.00021311835735104978,0.00010642937559168786,0.0006854026578366756,-0.0013683410361409187,0.000682938436511904,0.00036761839874088764,-0.0007306929910555482,0.00036307459231466055,3.350016049807891e-05,-6.688301073154435e-05,3.338285750942305e-05,-3.64594925486017e-05,7.291856309166178e-05,-3.645907054306008e-05,3.731421020347625e-05,-7.455892773577943e-05,3.7244717532303184e-05,-3.919122536899522e-05,7.82644929131493e-05,-3.9073271182132885e-05,-2.259575921925716e-06,4.523835741565563e-06,-2.264260047013522e-06,3.534054121701047e-05,-7.070550054777414e-05,3.536495569278486e-05,-3.31108458340168e-05,6.617149483645335e-05,-3.306064900243655e-05,-1.0517056807657355e-06,2.1050741452199873e-06,-1.0533684644542518e-06,-3.6795231608266477e-06,7.374017059191829e-06,-3.694493898365181e-06,2.9605125746456906e-05,-5.916490772506222e-05,2.9559781978605315e-05,-2.5033792553585954e-05,5.0103451940231025e-05,-2.5069661205634475e-05,-3.064417342102388e-08,6.121877049736213e-08,-3.057448338950053e-08,-5.125678399053868e-06,1.0256822861265391e-05,-5.131145371706225e-06,-2.663218538145884e-06,5.3264625421434175e-06,-2.663244231371209e-06],[-0.0005223320913501084,0.0010406470391899347,-0.0005183150060474873,-0.000463184347609058,0.0009257300407625735,-0.0004625457222573459,-0.0025277817621827126,0.006042276043444872,-0.002514493651688099,-0.00038019014755263925,0.0007576606003567576,-0.00037747054011560977,-0.0002661165490280837,0.0005311599234119058,-0.0002650432870723307,-0.00036960869329050183,0.0007363870972767472,-0.0003667783457785845,-0.00032847252441570163,0.0006577804451808333,-0.0003293079789727926,-0.00023001892259344459,0.00045942384167574346,-0.00022940490453038365,-0.001479807309806347,0.002947933506220579,-0.001468126429244876,-0.00034185327240265906,0.0006832831422798336,-0.0003414298698771745,-0.0003046901256311685,0.0006079762824811041,-0.0003032861277461052,-0.00021281717636156827,0.00042511645006015897,-0.00021229928825050592,-0.0013672023778781295,0.002729489002376795,-0.0013622867409139872,-0.0007333043613471091,0.0014575449749827385,-0.0007242406136356294,-6.682419189019129e-05,0.00013341438898351043,-6.659020436927676e-05,7.27273290976882e-05,-0.00014545381418429315,7.272648508660495e-05,-7.44322533137165e-05,0.00014872588508296758,-7.429363904520869e-05,7.817643927410245e-05,-0.00015611760318279266,7.794114935677499e-05,4.507279300014488e-06,-9.023902748594992e-06,4.5166216295911e-06,-7.049529085634276e-05,0.0001410393015248701,-7.054398884065449e-05,6.604764348594472e-05,-0.00013199515524320304,6.594751903321594e-05,2.0978800421289634e-06,-4.199076556687942e-06,2.1011965145589784e-06,7.339711373788305e-06,-1.4709286006109323e-05,7.369574177573668e-06,-5.905461875954643e-05,0.00011801879008999094,-5.896416769246571e-05,4.9935995775740594e-05,-9.994353604270145e-05,5.0007543904939666e-05,6.113100425864104e-08,-1.2212285582791083e-07,6.099185156926978e-08,1.0224412108073011e-05,-2.0459727238630876e-05,1.0235316949547268e-05,5.312437679094728e-06,-1.0624925380398054e-05,5.312488610798027e-06],[0.0002604777691885829,-0.0005189522635191679,0.000258474494330585,0.00023098182282410562,-0.0004616451624315232,0.00023066333960741758,0.004330446943640709,-0.002514493651688099,-0.0008159534190781415,0.00018959409499075264,-0.00037783198058605194,0.00018823787104338408,0.00013270758790895343,-0.00026488001458346844,0.00013217239757068455,0.00018431733769830316,-0.0003672232269309461,0.00018290590378455818,0.00016380347369704396,-0.00032802351051941514,0.00016422008047811687,0.0001147063885582611,-0.0002291065757162869,0.00011440016533015296,0.0007379537564702332,-0.0014700820902362466,0.000732128566596657,0.00017047619621735066,-0.00034074121504090726,0.0001702650188235566,0.0001519435754744336,-0.00030318700009956956,0.0001512434391770512,0.00010612816549837589,-0.0002119980490533635,0.00010586989083094522,0.000681799603626132,-0.0013611477334052324,0.0006793482461944222,0.00036568587529473007,-0.0007268518675118685,0.0003611659922171384,3.33240459440276e-05,-6.653140735579655e-05,3.3207357773790136e-05,-3.6267825635150075e-05,7.253522926475853e-05,-3.626740362960845e-05,3.711804674821906e-05,-7.416697189910337e-05,3.704892151290551e-05,-3.8985199353192e-05,7.785306661389768e-05,-3.886786362272687e-05,-2.2476974663732108e-06,4.500055183598306e-06,-2.2523568077303935e-06,3.51547532773111e-05,-7.033380097709596e-05,3.5179040423827246e-05,-3.29367867379915e-05,6.582363857887685e-05,-3.288685547886416e-05,-1.04617674878682e-06,2.0940076410624897e-06,-1.0478307785888319e-06,-3.660180482256692e-06,7.335253030760214e-06,-3.675072548503522e-06,2.9449493013089523e-05,-5.885388236492872e-05,2.94043893518392e-05,-2.4902195946197025e-05,4.9840073188534006e-05,-2.493787724233698e-05,-3.048296548513463e-08,6.089658199925907e-08,-3.041361651412444e-08,-5.09873189002974e-06,1.0202900739386678e-05,-5.10416975885164e-06,-2.649220505190897e-06,5.298466021486092e-06,-2.649245743668871e-06],[0.00023299224267248064,-0.00046419259160757065,0.00023120040714275092,0.0001808962260838598,-0.0003615430323407054,0.0001806468062568456,0.00019059602345805615,-0.00038019014755263925,0.00018959409499075264,-0.00042965056491084397,-0.001978810178115964,0.0034084601793438196,0.00011175341933267191,-0.00022305613674689084,0.00011130271741421893,0.0001648577890591696,-0.0003284531703684479,0.00016359535220544785,0.00012829373008571565,-0.00025691380142234266,0.00012862005678471178,9.659762145020068e-05,-0.00019293735385872424,9.633974696043879e-05,0.0005938754766248167,-0.0011830631410703063,0.0005891877226531506,0.00015254717436619103,-0.00030490534845739603,0.00015235821774695069,0.00011895325587829575,-0.00023735839931759983,0.00011840513616334647,8.938174869399518e-05,-0.00017854598991107196,8.916424849303439e-05,0.0005480037070810795,-0.00109403720125556,0.0005460333777591586,0.000299334351439029,-0.0005949689075350761,0.0002956346143037081,3.0788105505052954e-05,-6.146839587017894e-05,3.06802976410836e-05,-2.957716969831381e-05,5.9153993788640946e-05,-2.957682590931654e-05,2.0501462131505832e-05,-4.096474003745243e-05,2.0463281543925405e-05,-3.0012321076355875e-05,5.9934318414889276e-05,-2.9921993700554594e-05,-1.830409132708155e-06,3.6646124499384314e-06,-1.8342033172302763e-06,3.1200899684336036e-05,-6.24233580310829e-05,3.1222454708768055e-05,-3.200703577022068e-05,6.396554090315476e-05,-3.195851240889169e-05,-2.655317530297907e-06,5.314832833391847e-06,-2.6595155304676155e-06,-6.0595998547796626e-06,1.2143854291934986e-05,-6.084253982407972e-06,1.7243721231352538e-05,-3.446103073656559e-05,1.7217309505213052e-05,-6.935405508556869e-06,1.3880748156225309e-05,-6.945341738173738e-06,-2.7413511816121172e-06,5.476466867548879e-06,-2.735116140684113e-06,-6.3829011196503416e-06,1.2772608897648752e-05,-6.389708687493112e-06,-3.1283916541724466e-06,6.25681241217535e-06,-3.128421212750254e-06],[-0.0004643177380785346,0.0009250647271983325,-0.0004607469600159675,-0.00036049846676178277,0.0007204998400993645,-0.0003600013442337513,-0.00037982864887453616,0.0007576606003567576,-0.00037783198058605194,-0.001978810178115964,0.00494346534833312,-0.0019646543078124523,-0.00022270747285801917,0.0004445167141966522,-0.00022180929954629391,-0.00032853629090823233,0.0006545567885041237,-0.00032602049759589136,-0.0002556697581894696,0.0005119897541590035,-0.0002563200250733644,-0.00019250423065386713,0.0003844945749733597,-0.00019199032976757735,-0.0011835027253255248,0.0023576633539050817,-0.0011741607449948788,-0.0003040031297132373,0.0006076296558603644,-0.0003036266134586185,-0.00023705564672127366,0.00047301893937401474,-0.00023596332175657153,-0.0001781241298886016,0.0003558147873263806,-0.000177690657437779,-0.0010920874774456024,0.0021802487317472696,-0.0010881611378863454,-0.0005965275340713561,0.0011856821365654469,-0.0005891544278711081,-6.135596777312458e-05,0.00012249709106981754,-6.114112329669297e-05,5.8942754549207166e-05,-0.0001178848251583986,5.894207060919143e-05,-4.085627006134018e-05,8.163644815795124e-05,-4.078018173458986e-05,5.980995774734765e-05,-0.00011943991557927802,5.9629950555972755e-05,3.6477269986789906e-06,-7.303015536308521e-06,3.65528808288218e-06,-6.217863119672984e-05,0.00012440021964721382,-6.222158845048398e-05,6.378511170623824e-05,-0.00012747352593578398,6.368841422954574e-05,5.291639354254585e-06,-1.0591644240776077e-05,5.300004886521492e-06,1.2075852282578126e-05,-2.420083728793543e-05,1.2124985005357303e-05,-3.436409679125063e-05,6.867555930512026e-05,-3.431146251386963e-05,1.382120080961613e-05,-2.7662204956868663e-05,1.3841003237757832e-05,5.463094112201361e-06,-1.09137627077871e-05,5.45066905033309e-06,1.2720147424261086e-05,-2.5453859052504413e-05,1.273371344723273e-05,6.234400643734261e-06,-1.246886131411884e-05,6.234460670384578e-06],[0.00023132558271754533,-0.000460872077383101,0.00022954655287321657,0.00017960222612600774,-0.0003589568077586591,0.0001793545816326514,0.00018923262541648,-0.00037747054011560977,0.00018823787104338408,0.0034084601793438196,-0.0019646543078124523,-0.0004438056203071028,0.00011095399531768635,-0.0002214605046901852,0.00011050650937249884,0.00016367850184906274,-0.00032610358903184533,0.00016242507263086736,0.00012737598444800824,-0.00025507595273666084,0.0001276999682886526,9.590660192770883e-05,-0.000191557192010805,9.565057553118095e-05,0.0005896271322853863,-0.0011745999800041318,0.0005849730223417282,0.00015145595534704626,-0.0003027243074029684,0.00015126835205592215,0.00011810233991127461,-0.000235660481848754,0.00011755813466152176,8.874235936673358e-05,-0.00017726875375956297,8.852640894474462e-05,0.0005440837703645229,-0.0010862109484151006,0.0005421274690888822,0.0002971930953208357,-0.0005907129961997271,0.0002935198135674,3.0567858630092815e-05,-6.102868064772338e-05,3.0460822017630562e-05,-2.9365590307861567e-05,5.8730842283694074e-05,-2.9365250156843103e-05,2.035480792983435e-05,-4.0671708120498806e-05,2.0316900190664455e-05,-2.9797631214023568e-05,5.950558261247352e-05,-2.9707949579460546e-05,-1.8173150237998925e-06,3.6383971746545285e-06,-1.8210818097941228e-06,3.0977716960478574e-05,-6.197683251230046e-05,3.099911555182189e-05,-3.177808321197517e-05,6.350799230858684e-05,-3.1729905458632857e-05,-2.636320459714625e-06,5.276809133647475e-06,-2.6404882191854995e-06,-6.0162547015352175e-06,1.2056987543473952e-05,-6.040732387191383e-06,1.712036828394048e-05,-3.421451765461825e-05,1.7094147551688366e-05,-6.885795755806612e-06,1.3781456800643355e-05,-6.895661499584094e-06,-2.7217429305892438e-06,5.43729538549087e-06,-2.7155526822753018e-06,-6.33723902865313e-06,1.2681236512435135e-05,-6.3439979385293555e-06,-3.1060094443091657e-06,6.212047992448788e-06,-3.1060392302606488e-06],[0.0008456624345853925,-0.0016848209779709578,0.0008391586598008871,0.0006734351627528667,-0.00134594168048352,0.0006725067505612969,0.00013340890291146934,-0.0002661165490280837,0.00013270758790895343,0.00011175341933267191,-0.00022270747285801917,0.00011095399531768635,-0.00010784353798953816,-0.001404869370162487,0.0025127131957560778,0.00011536493548192084,-0.00022984645329415798,0.00011448151053627953,9.65345388976857e-05,-0.00019331459770910442,9.678006608737633e-05,6.982244667597115e-05,-0.00013945851242169738,6.963605846976861e-05,0.00044012750731781125,-0.0008767808321863413,0.0004366533539723605,0.00010672448115656152,-0.00021331675816327333,0.00010659229883458465,8.9528170065023e-05,-0.0001786437933333218,8.911563054425642e-05,6.460350414272398e-05,-0.0001290498039452359,6.44462852505967e-05,0.00040641226223669946,-0.0008113632211461663,0.0004049510171171278,0.00021976011339575052,-0.0004368039662949741,0.00021704385289922357,2.1180694602662697e-05,-4.2287221731385216e-05,2.1106528947711922e-05,-2.1759069568361156e-05,4.351788811618462e-05,-2.1758816728834063e-05,1.9056402379646897e-05,-3.807731263805181e-05,1.9020912077394314e-05,-2.2803676984040067e-05,4.5538727135863155e-05,-2.273504651384428e-05,-1.347651277683326e-06,2.6980960683431476e-06,-1.3504446769729839e-06,2.1923800886725076e-05,-4.386275031720288e-05,2.1938947611488402e-05,-2.1453090084833093e-05,4.2873656639130786e-05,-2.1420568373287097e-05,-1.2203284995848662e-06,2.4425862648058683e-06,-1.222257765221002e-06,-3.2071043278847355e-06,6.427257176255807e-06,-3.2201528483710717e-06,1.5440949937328696e-05,-3.0858253012411296e-05,1.5417301256093197e-05,-1.0542265954427421e-05,2.1099636796861887e-05,-1.0557370842434466e-05,-9.116634487327246e-07,1.8212535906059202e-06,-9.095900281863578e-07,-3.7906727357039927e-06,7.585387720610015e-06,-3.7947154396533733e-06,-1.9077249362453585e-06,3.8154680623847526e-06,-1.9077433535130695e-06],[-0.0016879142494872212,0.003362847026437521,-0.0016749328933656216,-0.001344154472462833,0.00268645491451025,-0.0013423010241240263,-0.00026627982151694596,0.0005311599234119058,-0.00026488001458346844,-0.00022305613674689084,0.0004445167141966522,-0.0002214605046901852,-0.001404869370162487,0.0038040729705244303,-0.0013992037856951356,-0.00023026458802632987,0.00045876592048443854,-0.00022850128880236298,-0.0001926797558553517,0.00038584950380027294,-0.00019316980615258217,-0.00013936329924035817,0.0002783545642159879,-0.00013899126497562975,-0.0008784799138084054,0.001750025199726224,-0.000871545635163784,-0.00021301853121258318,0.0004257732362020761,-0.0002127547049894929,-0.00017869526345748454,0.00035656715044751763,-0.0001778718433342874,-0.00012894647079519928,0.0002575791149865836,-0.00012863267329521477,-0.0008111854549497366,0.001619454356841743,-0.0008082689600996673,-0.0004386340733617544,0.0008718465105630457,-0.00043321249540895224,-4.2275965824956074e-05,8.440389501629397e-05,-4.2127932829316705e-05,4.3430383811937645e-05,-8.686026558279991e-05,4.342987813288346e-05,-3.8035948819015175e-05,7.600105891469866e-05,-3.7965110095683485e-05,4.551539313979447e-05,-9.089380910154432e-05,4.537840868579224e-05,2.689869461391936e-06,-5.385314580053091e-06,2.695444663913804e-06,-4.375917706056498e-05,8.754858572501689e-05,-4.3789405026473105e-05,4.281966539565474e-05,-8.557440742151812e-05,4.2754749301820993e-05,2.435734131722711e-06,-4.8753195187600795e-06,2.4395849322900176e-06,6.401275186362909e-06,-1.282859557250049e-05,6.42731993139023e-06,-3.081962131545879e-05,6.159203621791676e-05,-3.0772418540436774e-05,2.104201485053636e-05,-4.21141812694259e-05,2.1072164599900134e-05,1.819649583012506e-06,-3.635160510384594e-06,1.8155112684326014e-06,7.566058684460586e-06,-1.5140186405915301e-05,7.574128176202066e-06,3.8077578210504726e-06,-7.615552021889016e-06,3.8077942008385435e-06],[0.0008422518731094897,-0.0016780260484665632,0.0008357742335647345,0.0006707192515023053,-0.0013405134668573737,0.0006697944481857121,0.00013287088950164616,-0.0002650432870723307,0.00013217239757068455,0.00011130271741421893,-0.00022180929954629391,0.00011050650937249884,0.0025127131957560778,-0.0013992037856951356,-0.00011350934073561803,0.00011489965982036665,-0.00022891946719028056,0.00011401980009395629,9.614520968170837e-05,-0.0001925349497469142,9.638974734116346e-05,6.954085256438702e-05,-0.000138896080898121,6.935522105777636e-05,0.0004383523773867637,-0.0008732445421628654,0.00043489228119142354,0.00010629405733197927,-0.00021245644893497229,0.00010616239887895063,8.916708611650392e-05,-0.00017792331345845014,8.875621279003099e-05,6.434294482460245e-05,-0.0001285293255932629,6.418637349270284e-05,0.0004047731345053762,-0.0008080909610725939,0.0004033178265672177,0.0002188738581025973,-0.0004350424278527498,0.00021616854064632207,2.109527304128278e-05,-4.2116676922887564e-05,2.1021405700594187e-05,-2.167131424357649e-05,4.334237746661529e-05,-2.1671061404049397e-05,1.8979550077347085e-05,-3.792374991462566e-05,1.8944201656267978e-05,-2.2711707060807385e-05,4.535506013780832e-05,-2.2643351258011535e-05,-1.3422170468402328e-06,2.687216237973189e-06,-1.3449989637592807e-06,2.183537981181871e-05,-4.368584632175043e-05,2.1850464690942317e-05,-2.1366566215874627e-05,4.270073986845091e-05,-2.1334173652576283e-05,-1.2154050637036562e-06,2.432731662338483e-06,-1.2173264849479892e-06,-3.194167447873042e-06,6.401330665539717e-06,-3.2071634450403508e-06,1.5378673197119497e-05,-3.073379411944188e-05,1.535511910333298e-05,-1.0499747077119537e-05,2.10145390155958e-05,-1.0514791938476264e-05,-9.079837468561891e-07,1.8139021449314896e-06,-9.059185686055571e-07,-3.775385266635567e-06,7.554796866315883e-06,-3.779411827053991e-06,-1.9000294741999824e-06,3.8000766835466493e-06,-1.9000476640940178e-06],[0.00022638669179286808,-0.0004510322760324925,0.00022464562789537013,0.00020084714924450964,-0.0004014172591269016,0.0002005702117457986,0.0001852913701441139,-0.00036960869329050183,0.00018431733769830316,0.0001648577890591696,-0.00032853629090823233,0.00016367850184906274,0.00011536493548192084,-0.00023026458802632987,0.00011489965982036665,-0.00057788728736341,-0.0021387822926044464,0.0037166697438806295,0.00014243865734897554,-0.0002852395409718156,0.00014280092727858573,9.971563122235239e-05,-0.00019916506425943226,9.944943303707987e-05,0.0001323040050920099,-0.00026356364833191037,0.0001312596577918157,0.00014816572365816683,-0.00029614800587296486,0.00014798223855905235,0.00013211951591074467,-0.00026363026699982584,0.0001315107219852507,9.22590697882697e-05,-0.00018429361807648093,9.203454828821123e-05,0.00012215887545607984,-0.0002438785450067371,0.0001217196841025725,0.0007090459694154561,-0.0014093279605731368,0.0007002820493653417,2.9043099857517518e-05,-5.798450001748279e-05,2.8941401978954673e-05,-3.1648309231968597e-05,6.329624739009887e-05,-3.164794179610908e-05,3.2437994377687573e-05,-6.481557647930458e-05,3.237758210161701e-05,-3.3930529752979055e-05,6.775894144084305e-05,-3.3828408049885184e-05,-1.9812262053164886e-06,3.966559233958833e-06,-1.985332801268669e-06,3.062427640543319e-05,-6.126971129560843e-05,3.064543125219643e-05,-2.8679081879090518e-05,5.731467899749987e-05,-2.863560257537756e-05,-9.248972787645471e-07,1.8512567976358696e-06,-9.263595188713225e-07,-3.1586155273544136e-06,6.330082214844879e-06,-3.171466687490465e-06,2.5630544769228436e-05,-5.1221832109149545e-05,2.5591289158910513e-05,-2.1779362214147113e-05,4.358992737252265e-05,-2.1810566977364942e-05,-5.3142457545618527e-08,1.0616395229590125e-07,-5.302149475028273e-08,-4.420525328896474e-06,8.845764568832237e-06,-4.425240149430465e-06,-2.316807695024181e-06,4.633637217921205e-06,-2.316829750270699e-06],[-0.00045103972661308944,0.0008986107422970235,-0.0004475709574762732,-0.0004001562774647027,0.000799760571680963,-0.00039960446883924305,-0.0003691638703458011,0.0007363870972767472,-0.0003672232269309461,-0.0003284531703684479,0.0006545567885041237,-0.00032610358903184533,-0.00022984645329415798,0.00045876592048443854,-0.00022891946719028056,-0.0021387822926044464,0.005261186510324478,-0.002122404519468546,-0.00028378653223626316,0.0005682949558831751,-0.0002845083363354206,-0.00019866770890075713,0.00039680508780293167,-0.00019813734979834408,-0.00026359484763816,0.0005251089460216463,-0.00026151412748731673,-0.0002951969509012997,0.000590028241276741,-0.00029483131947927177,-0.00026322732446715236,0.000525241659488529,-0.00026201436412520707,-0.00018381165864411741,0.00036717604962177575,-0.00018336436187382787,-0.00024338233924936503,0.00048588955542072654,-0.00024250728893093765,-0.001412662211805582,0.002807863987982273,-0.0013952014269307256,-5.786381007055752e-05,0.00011552499927347526,-5.766119284089655e-05,6.305424176389351e-05,-0.0001261077559320256,6.305350689217448e-05,-6.462759483838454e-05,0.00012913483078591526,-6.450723594753072e-05,6.760123505955562e-05,-0.00013499901979230344,6.739777745679021e-05,3.947274763049791e-06,-7.902732249931432e-06,3.95545657738694e-06,-6.1014048696961254e-05,0.00012207024701638147,-6.105619831942022e-05,5.713854625355452e-05,-0.00011419046495575458,5.705192597815767e-05,1.842703113652533e-06,-3.68831956620852e-06,1.8456162251823116e-06,6.293039405136369e-06,-1.261168290511705e-05,6.318643499980681e-06,-5.106482785777189e-05,0.00010205144644714892,-5.098661858937703e-05,4.339193401392549e-05,-8.684604108566418e-05,4.34541107097175e-05,1.0587564247543924e-07,-2.1151072360225953e-07,1.0563462637946941e-07,8.807194717519451e-06,-1.762378087732941e-05,8.81658706930466e-06,4.615870238922071e-06,-9.231785043084528e-06,4.615914804162458e-06],[0.00022465309302788228,-0.00044757843716070056,0.00022292534413281828,0.0001993091282201931,-0.00039834334165789187,0.00019903431530110538,0.00018387247109785676,-0.0003667783457785845,0.00018290590378455818,0.00016359535220544785,-0.00032602049759589136,0.00016242507263086736,0.00011448151053627953,-0.00022850128880236298,0.00011401980009395629,0.0037166697438806295,-0.002122404519468546,-0.0005942654679529369,0.00014134787488728762,-0.00028305526939220726,0.0001417073654010892,9.895204129861668e-05,-0.00019763993623200804,9.868788038147613e-05,0.0001312908425461501,-0.00026154526858590543,0.00013025449879933149,0.00014703113993164152,-0.00029388017719611526,0.00014684905181638896,0.00013110777945257723,-0.00026161145069636405,0.00013050364213995636,9.155257430393249e-05,-0.00018288232968188822,9.132976992987096e-05,0.00012122343468945473,-0.00024201102496590465,0.0001207875830004923,0.0007036163005977869,-0.0013985357945784926,0.0006949194939807057,2.8820684747188352e-05,-5.754045196226798e-05,2.8719767215079628e-05,-3.140596527373418e-05,6.281156674958766e-05,-3.1405597837874666e-05,3.218958590878174e-05,-6.43192179268226e-05,3.212963565601967e-05,-3.367071258253418e-05,6.724009290337563e-05,-3.356937668286264e-05,-1.966059244296048e-06,3.93619393435074e-06,-1.9701346900546923e-06,3.038975592062343e-05,-6.0800506616942585e-05,3.0410748877329752e-05,-2.845947710738983e-05,5.6875804148148745e-05,-2.8416330678737722e-05,-9.178194773085124e-07,1.8370899397268659e-06,-9.192704624183534e-07,-3.1344370654551312e-06,6.281626610871172e-06,-3.1471900001633912e-06,2.5434264898649417e-05,-5.08295779582113e-05,2.539530942158308e-05,-2.1612584532704204e-05,4.325613554101437e-05,-2.164355100831017e-05,-5.274148406897439e-08,1.0536291483731475e-07,-5.262143076834036e-08,-4.386679393064696e-06,8.778036317380611e-06,-4.391357833810616e-06,-2.2990707293502055e-06,4.598162831825903e-06,-2.299092557223048e-06],[0.0002012994809774682,-0.0004010508127976209,0.00019975134637206793,0.0001562248362461105,-0.0003122342750430107,0.0001560094387969002,0.00016466909437440336,-0.00032847252441570163,0.00016380347369704396,0.00012829373008571565,-0.0002556697581894696,0.00012737598444800824,9.65345388976857e-05,-0.0001926797558553517,9.614520968170837e-05,0.00014243865734897554,-0.00028378653223626316,0.00014134787488728762,-0.00027490020147524774,-0.0016579157672822475,0.002932815346866846,8.344332309206948e-05,-0.00016666388546582311,8.322056237375364e-05,0.00011071679182350636,-0.000220559595618397,0.00010984284017467871,0.0001317948044743389,-0.00026342636556364596,0.0001316315756412223,0.00010273153748130426,-0.00020498970116022974,0.00010225815640296787,7.720940629951656e-05,-0.00015423090371768922,7.702150469413027e-05,0.00010223473509540781,-0.0002041019033640623,0.00010186715371673927,0.0005665610660798848,-0.001126119401305914,0.0005595583352260292,2.6578956749290228e-05,-5.306484308675863e-05,2.64858863374684e-05,-2.5521138013573363e-05,5.1041977712884545e-05,-2.5520841518300585e-05,1.7630816728342324e-05,-3.522879705997184e-05,1.7597982150618918e-05,-2.5919383915606886e-05,5.176076228963211e-05,-2.584137473604642e-05,-1.5760919040985755e-06,3.1554509405395947e-06,-1.5793589227541815e-06,2.6941121177515015e-05,-5.390085425460711e-05,2.6959733077092096e-05,-2.759841299848631e-05,5.515498196473345e-05,-2.755657260422595e-05,-2.2907115635462105e-06,4.585044734994881e-06,-2.2943331714486703e-06,-5.2538784984790254e-06,1.052913285093382e-05,-5.2752548072021455e-06,1.4871716302877758e-05,-2.9720657039433718e-05,1.4848938008071855e-05,-5.946199962636456e-06,1.190092007163912e-05,-5.954720109002665e-06,-2.3724826405668864e-06,4.739569249068154e-06,-2.367086835874943e-06,-5.54338703295798e-06,1.1092685781477485e-05,-5.549299203266855e-06,-2.7071887416241225e-06,5.414402949099895e-06,-2.707214662223123e-06],[-0.0004031109274365008,0.0008031215984374285,-0.0004000107292085886,-0.0003128470270894468,0.0006252626189962029,-0.0003124156501144171,-0.0003297569928690791,0.0006577804451808333,-0.00032802351051941514,-0.00025691380142234266,0.0005119897541590035,-0.00025507595273666084,-0.00019331459770910442,0.00038584950380027294,-0.0001925349497469142,-0.0002852395409718156,0.0005682949558831751,-0.00028305526939220726,-0.0016579157672822475,0.00432004826143384,-0.0016621320974081755,-0.00016709885676391423,0.00033375166822224855,-0.00016665281145833433,-0.0002217151632066816,0.0004416801093611866,-0.0002199650480179116,-0.0002639248559717089,0.0005275228759273887,-0.0002635979908518493,-0.00020572434004861861,0.00041050068102777004,-0.0002047763846348971,-0.00015461520524695516,0.0003088541270699352,-0.00015423892182298005,-0.00020472949836403131,0.00040872287354432046,-0.00020399341883603483,-0.0011345630045980215,0.002255102852359414,-0.0011205394985154271,-5.3225536248646677e-05,0.00010626469156704843,-5.303916259435937e-05,5.110719575895928e-05,-0.00010221378761343658,5.1106599130434915e-05,-3.530647518346086e-05,7.054720481391996e-05,-3.5240722354501486e-05,5.1904688007198274e-05,-0.00010365316120442003,5.174846955924295e-05,3.1561889954900835e-06,-6.318920895864721e-06,3.1627312182536116e-06,-5.3950774599798024e-05,0.00010793883120641112,-5.3988049330655485e-05,5.526702807401307e-05,-0.00011045025894418359,5.518324178410694e-05,4.5872488954046275e-06,-9.181750101561192e-06,4.594500751409214e-06,1.0521117474127095e-05,-2.1085041225887835e-05,1.0563924661255442e-05,-2.9781265766359866e-05,5.9516918554436415e-05,-2.9735650969087146e-05,1.1907531188626308e-05,-2.3832122678868473e-05,1.1924592399736866e-05,4.751005235448247e-06,-9.491205673839431e-06,4.740199528896483e-06,1.1100866686319932e-05,-2.2213574993656948e-05,1.1112706488347612e-05,5.4212564464251045e-06,-1.084256473404821e-05,5.4213082876231056e-06],[0.00020181149011477828,-0.00040207087295129895,0.0002002593973884359,0.00015662217629142106,-0.00031302846036851406,0.0001564062258694321,0.00016508791304659098,-0.0003293079789727926,0.00016422008047811687,0.00012862005678471178,-0.0002563200250733644,0.0001276999682886526,9.678006608737633e-05,-0.00019316980615258217,9.638974734116346e-05,0.00014280092727858573,-0.0002845083363354206,0.0001417073654010892,0.002932815346866846,-0.0016621320974081755,-0.0002706834056880325,8.365554822375998e-05,-0.00016708779730834067,8.343222725670785e-05,0.00011099837865913287,-0.00022112058650236577,0.0001101222078432329,0.00013213003694545478,-0.00026409642305225134,0.00013196638610679656,0.00010299280984327197,-0.00020551102352328598,0.00010251822823192924,7.740579167148098e-05,-0.00015462320880033076,7.721740985289216e-05,0.00010249475599266589,-0.00020462098473217338,0.00010212624329142272,0.0005680020549334586,-0.001128983567468822,0.0005609815707430243,2.6646557671483606e-05,-5.3199808462522924e-05,2.655325261002872e-05,-2.5586054107407108e-05,5.1171809900552034e-05,-2.558575761213433e-05,1.767565481713973e-05,-3.5318393202032894e-05,1.7642738384893164e-05,-2.5985304091591388e-05,5.189239891478792e-05,-2.590709482319653e-05,-1.5801034578544204e-06,3.1634822335036006e-06,-1.5833786619623424e-06,2.7009642508346587e-05,-5.4037947847973555e-05,2.702830170164816e-05,-2.766861507552676e-05,5.5295280617428944e-05,-2.762666917988099e-05,-2.2965411972108996e-06,4.596713097271277e-06,-2.3001716726867016e-06,-5.267242158879526e-06,1.055591565091163e-05,-5.288673037284752e-06,1.490954036853509e-05,-2.979624696308747e-05,1.4886704775562976e-05,-5.961