{"epoch":0,"H":[[0.014572038315236568,1.3059470802545547e-05,-0.013585099950432777,-0.008392173796892166,-0.004199821036309004,0.012591997161507607,0.0022849913220852613,-0.007304929196834564,0.005019937641918659,0.0008117258548736572,-0.0005579834687523544,-0.00025374203687533736,0.0016257520765066147,-0.0020919160451740026,0.00046616443432867527,0.0003089319507125765,-0.003233875147998333,0.0029249428771436214,-0.0014088173629716039,-0.0012006990145891905,0.0026095162611454725,0.00160413165576756,-0.0033321755472570658,0.0017280433094128966,0.0012050813529640436,-0.0019230630714446306,0.0007179811364039779,0.0027190977707505226,-0.005061432719230652,0.0023423349484801292,-0.0023962112609297037,-0.003800126723945141,0.0061963386833667755,0.0035454952158033848,-0.0016687021125108004,-0.0018767926376312971,-0.0007714442326687276,-0.004664434120059013,0.005435878410935402,-0.002150499727576971,-0.004839234985411167,0.006989734247326851,0.004861476365476847,-0.002286104252561927,-0.0025753709487617016,-0.0035390425473451614,-0.004055908881127834,0.007594950497150421,0.001038250862620771,0.00036688538966700435,-0.0014051363104954362,-0.00025194414774887264,-0.002933833282440901,0.003185777459293604,-0.0016028780955821276,-0.0024495937395840883,0.004052471369504929,0.0009593444410711527,-0.0011801371583715081,0.00022079287737142295,0.001191360759548843,-0.0011277747107669711,-6.358590326271951e-05,0.00027226071688346565,-0.0017095447983592749,0.001437283935956657,-0.001041652518324554,-0.0001479286001995206,0.0011895813513547182,7.156138599384576e-05,-0.0009000254794955254,0.0008284640498459339,7.096589251887053e-05,4.063191590830684e-05,-0.00011159778659930453,-0.0001819524186430499,-0.00068847113288939,0.0008704235078766942,-0.0004719278949778527,0.0002372181334067136,0.0002347097179153934,-0.0008297175518237054,-0.0011166344629600644,0.001946351956576109],[1.3059470802545547e-05,0.020030982792377472,-0.019044041633605957,-0.004809275735169649,0.003652355633676052,0.0011569203343242407,-0.006120823323726654,0.0008383551612496376,0.0052824681624770164,-0.0015008690534159541,0.009632346220314503,-0.008131477981805801,0.006355852819979191,0.007187181152403355,-0.01354303304105997,-0.003726436523720622,0.005385735537856817,-0.0016592980828136206,-0.0012513158144429326,0.007862841710448265,-0.006611526012420654,-9.628473344491795e-05,0.0013081409269943833,-0.0012118556769564748,0.002916801255196333,0.00534945959225297,-0.008266261778771877,-0.0010957194026559591,0.002365145832300186,-0.001269426429644227,-0.0003303049597889185,0.005248351022601128,-0.004918046295642853,-0.0020695244893431664,0.0034330603666603565,-0.0013635358773171902,0.0013795559061691165,0.003097888547927141,-0.004477444104850292,0.002304510911926627,0.005071462132036686,-0.007375974208116531,-0.000207694829441607,-0.0038805613294243813,0.004088256042450666,-0.003776278579607606,0.002956148236989975,0.0008201296441257,2.6132638595299795e-05,0.0020854040049016476,-0.0021115366835147142,0.0004432273271959275,0.0035137832164764404,-0.003957010805606842,-0.0021276967599987984,0.0019271750934422016,0.00020052172476425767,0.0025975671596825123,0.003133771475404501,-0.005731338635087013,-0.00020764196233358234,0.0013774344697594643,-0.0011697923764586449,-0.0020242456812411547,0.0007988029392436147,0.0012254425091668963,0.0013106511905789375,0.0020769627299159765,-0.0033876136876642704,0.0008900190005078912,0.0009044637554325163,-0.0017944828141480684,-0.0005323641817085445,0.002643357729539275,-0.0021109934896230698,0.0009349805768579245,0.002415759488940239,-0.0033507398329675198,-0.0011369041167199612,-0.00038914024480618536,0.001526044448837638,0.001013991073705256,6.414286326617002e-05,-0.0010781338205561042],[-0.013585099950432777,-0.019044041633605957,0.03362913802266121,0.013201449066400528,0.0005474702920764685,-0.013748915866017342,0.003835831768810749,0.006466577295213938,-0.010302409529685974,0.0006891418597660959,-0.009074360132217407,0.008385218679904938,-0.007981603033840656,-0.0050952620804309845,0.013076866045594215,0.003417504485696554,-0.002151858527213335,-0.001265646773390472,0.002660132013261318,-0.006662142463028431,0.004002010449767113,-0.001507847337052226,0.0020240372978150845,-0.0005161896115168929,-0.004121881444007158,-0.0034263941925019026,0.0075482758693397045,-0.001623379299417138,0.0026962878182530403,-0.0010729085188359022,0.002726515056565404,-0.0014482240658253431,-0.0012782911071553826,-0.0014759706100448966,-0.0017643570899963379,0.0032403278164565563,-0.0006081105675548315,0.0015665468527004123,-0.0009584362851455808,-0.00015401153359562159,-0.00023222679737955332,0.0003862383309751749,-0.004653782118111849,0.006166665814816952,-0.001512883696705103,0.007315321825444698,0.001099760876968503,-0.008415082469582558,-0.0010643835412338376,-0.002452288754284382,0.0035166721791028976,-0.00019128399435430765,-0.0005799503996968269,0.0007712341612204909,0.0037305746227502823,0.0005224196356721222,-0.004252993501722813,-0.0035569120664149523,-0.0019536330364644527,0.005510544404387474,-0.0009837180841714144,-0.0002496610104572028,0.0012333791237324476,0.0017519844695925713,0.000910741975530982,-0.002662726677954197,-0.0002689984394237399,-0.0019290342461317778,0.0021980328019708395,-0.0009615806047804654,-4.438450559973717e-06,0.0009660190553404391,0.00046139874029904604,-0.002683990402147174,0.002222591545432806,-0.0007530277944169939,-0.0017272881232202053,0.00248031597584486,0.0016088319243863225,0.00015192216960713267,-0.001760754268616438,-0.00018427391478326172,0.0010524915996938944,-0.0008682177285663784],[-0.008392173796892166,-0.004809275735169649,0.013201449066400528,0.03206302225589752,-0.0139176519587636,-0.017145367339253426,-0.0022905459627509117,-0.004271860234439373,0.006562405731528997,0.004404132254421711,-0.0035930562298744917,-0.0008110757917165756,0.0002025687717832625,-0.004209441598504782,0.0040068733505904675,0.0007520174258388579,-0.001629688311368227,0.0008776707109063864,0.0020073694176971912,-0.0031909067183732986,0.0011835373006761074,0.0028785401955246925,0.002346671186387539,-0.005225211847573519,0.000755690096411854,-0.0022411837708204985,0.001485493266955018,-0.0004429233376868069,0.0020435648038983345,-0.0016006415244191885,0.0017001866362988949,-0.0015413928776979446,-0.00015879381680861115,-0.0002057695237454027,-0.002566789509728551,0.0027725589461624622,-0.0018474638927727938,-0.0033980198204517365,0.0052454834803938866,-0.001755826873704791,-0.0032530787866562605,0.0050089056603610516,-0.003015205031260848,0.001012875116430223,0.0020023295655846596,0.003203917294740677,0.00594661058858037,-0.00915052741765976,-0.0009925476042553782,0.0006504069315269589,0.0003421407309360802,-0.0007892645662650466,0.005680462345480919,-0.0048911976628005505,0.002100118901580572,0.0014138855040073395,-0.0035140044055879116,-0.0007518600905314088,0.00043111899867653847,0.00032074115006253123,-0.002844443777576089,0.003622271353378892,-0.0007778276922181249,0.0008812509477138519,0.0012615316081792116,-0.00214278232306242,0.0008906025905162096,-0.00030063060694374144,-0.0005899721290916204,-0.00020719275926239789,0.0015361177502200007,-0.0013289249036461115,-0.0005297020543366671,0.002171044237911701,-0.0016413421835750341,0.0004840018809773028,2.4102439056150615e-05,-0.0005081043345853686,0.0019392529502511024,0.0009134543943218887,-0.0028527071699500084,0.0004428846586961299,0.001185699482448399,-0.0016285839956253767],[-0.004199821036309004,0.003652355633676052,0.0005474702920764685,-0.0139176519587636,0.04922357201576233,-0.03430592641234398,-0.0024930431973189116,0.0008863587863743305,0.0016066845273599029,0.0011839659418910742,0.006913198623806238,-0.008097164332866669,0.00042686291271820664,0.007314550224691629,-0.007741412613540888,-0.002590973861515522,0.0013676853850483894,0.0012232894077897072,-0.0024125250056385994,0.0029290905222296715,-0.0005165656912140548,0.0010502003133296967,0.0060373032465577126,-0.007087502628564835,0.0017796630272641778,0.0020056706853210926,-0.0037853342946618795,-0.0036886914167553186,0.0009002168080769479,0.0027884747833013535,-0.0011719901813194156,0.006388108711689711,-0.005216117482632399,-0.0020081941038370132,0.007071085274219513,-0.005062892101705074,0.0004824096104130149,0.004204628057777882,-0.004687038250267506,-0.0008716421434655786,0.004182416945695877,-0.003310774452984333,-0.0036189318634569645,0.0022400112356990576,0.001378920627757907,-0.00022656109649688005,0.008120290003716946,-0.007893729023635387,-0.002785268472507596,0.002862132154405117,-7.68636236898601e-05,-0.002457855734974146,0.013023149222135544,-0.010565293952822685,0.002237774431705475,0.006457078270614147,-0.008694852702319622,0.00023238040739670396,0.00448814919218421,-0.004720529541373253,-0.002934673335403204,0.008724726736545563,-0.0057900529354810715,0.0027886745519936085,0.0068507143296301365,-0.009639388881623745,0.002107380423694849,0.0032155050430446863,-0.005322885699570179,-0.0010952572338283062,0.002042194129899144,-0.0009469368378631771,-0.00225524278357625,0.008154833689332008,-0.005899590905755758,0.000533577986061573,0.00246787047944963,-0.003001448465511203,-0.00026677700225263834,0.0009171018027700484,-0.00065032480051741,0.004083259031176567,0.0036986577324569225,-0.007781916297972202],[0.012591997161507607,0.0011569203343242407,-0.013748915866017342,-0.017145367339253426,-0.03430592641234398,0.05245128646492958,0.00478358892723918,0.0033855028450489044,-0.008169091306626797,-0.0055880979634821415,-0.0033201430924236774,0.008908241055905819,-0.00062943110242486,-0.003105106996372342,0.003734538797289133,0.001838957192376256,0.00026200414868071675,-0.0021009615156799555,0.00040515593718737364,0.00026181398425251245,-0.0006669699214398861,-0.003928740043193102,-0.008383970707654953,0.012312712147831917,-0.0025353520177304745,0.00023551416234113276,0.0022998384665697813,0.004131615161895752,-0.002943782601505518,-0.0011878334917128086,-0.0005281957564875484,-0.004846716299653053,0.005374911706894636,0.002213964704424143,-0.004504295997321606,0.0022903315257281065,0.0013650560285896063,-0.0008066098089329898,-0.0005584460450336337,0.0026274691335856915,-0.0009293402545154095,-0.001698129577562213,0.0066341375932097435,-0.0032528843730688095,-0.0033812522888183594,-0.0029773565474897623,-0.014066901057958603,0.017044255509972572,0.0037778164260089397,-0.003512538503855467,-0.0002652775146998465,0.003247120650485158,-0.018703611567616463,0.015456492081284523,-0.004337893798947334,-0.007870962843298912,0.012208856642246246,0.0005194798577576876,-0.004919268190860748,0.004399788100272417,0.005779116880148649,-0.012346997857093811,0.006567880976945162,-0.0036699259653687477,-0.008112245239317417,0.011782171204686165,-0.0029979832470417023,-0.0029148724861443043,0.005912856664508581,0.0013024496147409081,-0.0035783115308731794,0.0022758617997169495,0.0027849453035742044,-0.01032587792724371,0.007540932856500149,-0.0010175805073231459,-0.0024919724091887474,0.0035095529165118933,-0.0016724762972444296,-0.0018305557314306498,0.0035030317958444357,-0.004526142030954361,-0.004884355701506138,0.009410497732460499],[0.0022849913220852613,-0.006120823323726654,0.003835831768810749,-0.0022905459627509117,-0.0024930431973189116,0.00478358892723918,0.019007608294487,0.008848381228744984,-0.026855988427996635,-0.0048728929832577705,-0.0035853730514645576,0.008458266034722328,-0.0028638821095228195,-0.003389824414625764,0.00625370629131794,0.0035354120191186666,-0.00248932046815753,-0.0010460919002071023,1.7234677216038108e-05,-0.003001903183758259,0.0029846688266843557,-0.004114070441573858,-0.0052413735538721085,0.009355444461107254,0.003968690987676382,-0.0016632486367598176,-0.0023054431658238173,0.0013682174030691385,-0.0032185600139200687,0.0018503422616049647,-0.001080773421563208,-0.0023116159718483686,0.003392389276996255,0.00013017865421716124,-0.00014530459884554148,1.5126075595617294e-05,7.16735958121717e-05,-0.0056772250682115555,0.005605550482869148,-8.167294436134398e-05,-0.005967258010059595,0.006048931740224361,0.001201884588226676,0.0024290725123137236,-0.0036309571005403996,-0.0006800495320931077,-0.0030093707609921694,0.0036894201766699553,0.0006207884871400893,-0.0009636845206841826,0.00034289597533643246,-0.0007974547334015369,-0.0024009232874959707,0.003198377788066864,5.364612297853455e-05,0.00031583133386448026,-0.00036947743501514196,0.0006769883329980075,-0.00021841604029759765,-0.00045857217628508806,0.0012837639078497887,-0.003918974194675684,0.0026352100539952517,-0.0018829134060069919,-0.002383212326094508,0.0042661260813474655,-0.0019885448273271322,-0.0021883395966142416,0.004176884423941374,0.0004990261513739824,-0.000393315393012017,-0.00010571078746579587,0.0008635969134047627,-0.0021179860923439264,0.0012543894117698073,7.594391354359686e-05,-0.0007423814968205988,0.0006664376123808324,0.0016226827865466475,0.0010167993605136871,-0.002639482030645013,-0.0010895165614783764,-0.0005826926790177822,0.0016722092404961586],[-0.007304929196834564,0.0008383551612496376,0.006466577295213938,-0.004271860234439373,0.0008863587863743305,0.0033855028450489044,0.008848381228744984,0.01551065780222416,-0.023359037935733795,-0.006706283427774906,0.007060637231916189,-0.0003543539787642658,-0.0037429118528962135,0.013054564595222473,-0.009311653673648834,0.002174459397792816,0.006343642715364695,-0.008518101647496223,-0.00024057859263848513,0.002806060016155243,-0.0025654814671725035,-0.0036093578673899174,0.0028553707525134087,0.0007539874059148133,0.008468333631753922,0.010151023045182228,-0.0186193585395813,-0.0005590513464994729,0.0026739099994301796,-0.0021148589439690113,0.0009471168741583824,0.0020537173841148615,-0.0030008344911038876,-0.002423470141366124,0.0016642212867736816,0.0007592490874230862,-0.0006953139090910554,0.001758118625730276,-0.0010628049494698644,0.00523151783272624,-0.0021355757489800453,-0.003095942549407482,0.00029981916304677725,0.0025246383156627417,-0.002824457362294197,-0.00196167198009789,0.000550499651581049,0.0014111718628555536,0.00042258715257048607,-0.0004382182378321886,1.5631027054041624e-05,0.0010042325593531132,0.0030058491975069046,-0.004010081756860018,-0.0006573942955583334,0.0019285008311271667,-0.0012711065355688334,0.002112856600433588,0.0010202483972534537,-0.0031331046484410763,0.0010751085355877876,-0.004349497612565756,0.003274389775469899,-0.00405111676082015,-0.0012847826583310962,0.005335899535566568,-0.0018146316288039088,-0.0033624155912548304,0.005177048034965992,0.0011941734701395035,-2.7445261366665363e-05,-0.0011667282087728381,0.0014000871451571584,-0.0018102140165865421,0.0004101269587408751,0.0006573263672180474,-0.00039724691305309534,-0.00026007951237261295,0.0019107842817902565,-0.00028238294180482626,-0.0016284012235701084,-0.0013886545784771442,-0.0019432228291407228,0.003331877291202545],[0.005019937641918659,0.0052824681624770164,-0.010302409529685974,0.006562405731528997,0.0016066845273599029,-0.008169091306626797,-0.026855988427996635,-0.023359037935733795,0.051215022802352905,0.011579175479710102,-0.003475263249129057,-0.008103911764919758,0.006606793962419033,-0.009664742276072502,0.003057949710637331,-0.005709870718419552,-0.003854322014376521,0.009564192965626717,0.0002233443665318191,0.00019584153778851032,-0.0004191858461126685,0.007723430637270212,0.0023860037326812744,-0.0101094339042902,-0.012437025085091591,-0.00848777499049902,0.020924804732203484,-0.0008091659401543438,0.0005446497234515846,0.0002645158674567938,0.00013365673657972366,0.0002578968123998493,-0.00039155330159701407,0.0022932926658540964,-0.001518916105851531,-0.0007743765600025654,0.0006236411863937974,0.0039191050454974174,-0.004542747046798468,-0.0051498450338840485,0.008102836087346077,-0.002952989423647523,-0.001501703169196844,-0.004953708965331316,0.006455411668866873,0.002641721162945032,0.002458871342241764,-0.005100592039525509,-0.001043376512825489,0.001401902292855084,-0.00035852595465257764,-0.00020677874272223562,-0.000604925153311342,0.000811703794170171,0.000603748019784689,-0.0022443304769694805,0.0016405825736001134,-0.002789844758808613,-0.0008018316002562642,0.003591676242649555,-0.002358871977776289,0.00826847180724144,-0.005909599829465151,0.0059340293519198895,0.003667994402348995,-0.009602023288607597,0.003803175874054432,0.005550754722207785,-0.009353931993246078,-0.0016931991558521986,0.00042076100362464786,0.0012724383268505335,-0.0022636842913925648,0.003928200341761112,-0.0016645166324451566,-0.000733270775526762,0.001139628468081355,-0.0004063576925545931,-0.003533466486260295,-0.000734415662009269,0.004267881624400616,0.0024781711399555206,0.002525914693251252,-0.005004085600376129],[0.0008117258548736572,-0.0015008690534159541,0.0006891418597660959,0.004404132254421711,0.0011839659418910742,-0.0055880979634821415,-0.0048728929832577705,-0.006706283427774906,0.011579175479710102,0.007044629193842411,-0.006332482676953077,0.00028785536414943635,6.743153790012002e-05,-0.003778443904593587,0.0037110126577317715,-0.001525239204056561,-0.0019734553061425686,0.0034986950922757387,0.0003667949640657753,-0.0023860943038016558,0.002019299194216728,0.003799180034548044,0.0009627704275771976,-0.004761951044201851,0.0008806288824416697,0.0012275059707462788,-0.002108135260641575,0.0011241270694881678,1.780368620529771e-05,-0.0011419309303164482,-0.00020464768749661744,-0.003959765657782555,0.004164413549005985,0.0005103832809254527,-0.0022181677632033825,0.0017077848315238953,-0.0007173315389081836,-0.002347320783883333,0.0030646526720374823,-0.0009753499180078506,-0.0007571453461423516,0.0017324956133961678,0.0016104381065815687,-0.0004980444791726768,-0.0011123934527859092,9.911530651152134e-05,0.001764724962413311,-0.0018638401525095105,0.00038135514478199184,-0.0005204817280173302,0.00013912655413150787,0.00019199639791622758,0.0008493117638863623,-0.0010413082782179117,9.476135892327875e-05,-0.00148872216232121,0.001393960788846016,-0.0003180865605827421,-0.0005644806660711765,0.00088256731396541,-0.0015453556552529335,0.0017911744071170688,-0.0002458187809679657,0.0010778921423479915,-0.0006751818000338972,-0.0004027102841064334,0.00047030471614561975,-0.000235233164858073,-0.00023507169680669904,8.988093759398907e-05,-2.246031363029033e-05,-6.74206530675292e-05,-0.0003487637732177973,-7.60689508751966e-05,0.0004248326877132058,-0.0006208885461091995,-0.0008954836521297693,0.0015163721982389688,0.0012235657777637243,0.0007472150609828532,-0.0019707810133695602,-0.0008523821015842259,-0.0010126587003469467,0.0018650406273081899],[-0.0005579834687523544,0.009632346220314503,-0.009074360132217407,-0.0035930562298744917,0.006913198623806238,-0.0033201430924236774,-0.0035853730514645576,0.007060637231916189,-0.003475263249129057,-0.006332482676953077,0.021184075623750687,-0.013851596042513847,0.0023456253111362457,0.01062125526368618,-0.012966878712177277,-0.0035312087275087833,0.004460002761334181,-0.0009287931025028229,-0.0010768886422738433,0.0065926541574299335,-0.005515765398740768,0.0018592820269986987,0.005847583524882793,-0.007706865668296814,-0.001501712715253234,0.004684845916926861,-0.0031831329688429832,-0.002704746089875698,0.0029107211157679558,-0.0002059742109850049,0.0006613068399019539,0.006893297657370567,-0.007554605137556791,-0.0007536836783401668,0.0018055750988423824,-0.0010518915951251984,0.0011631828965619206,0.007798394653946161,-0.008961577899754047,0.0043896581046283245,0.005429089069366455,-0.009818749502301216,-0.0016521100187674165,-0.0012989803217351437,0.0029510899912565947,-0.001060205977410078,0.0013267548056319356,-0.000266548857325688,-0.0003533225099090487,0.0006692815222777426,-0.00031595901236869395,-0.000122976052807644,0.006723294034600258,-0.006600317545235157,-0.0007159312954172492,0.003190149087458849,-0.002474217675626278,0.0007418178138323128,0.001468869624659419,-0.002210687380284071,0.0006003243615850806,0.001144179841503501,-0.0017445042030885816,0.000672466354444623,0.003412568708881736,-0.004085035063326359,-0.000368898909073323,0.00023158802650868893,0.0001373109989799559,-0.000712255947291851,0.00040785016608424485,0.0003044058394152671,-0.0004780441813636571,0.0029315126594156027,-0.002453468507155776,-0.00011073925270466134,0.0017832727171480656,-0.0016725334571674466,-0.0028221881948411465,-0.0011799170169979334,0.004002104979008436,0.0025674263015389442,0.003353659762069583,-0.0059210858307778835],[-0.00025374203687533736,-0.008131477981805801,0.008385218679904938,-0.0008110757917165756,-0.008097164332866669,0.008908241055905819,0.008458266034722328,-0.0003543539787642658,-0.008103911764919758,0.00028785536414943635,-0.013851596042513847,0.014563742093741894,-0.002413053996860981,-0.0068428125232458115,0.009255866520106792,0.005056447349488735,-0.0024865460582077503,-0.0025699022226035595,0.000710093998350203,-0.004206560552120209,0.0034964659716933966,-0.005658462643623352,-0.0068103545345366,0.012468816712498665,0.000621083308942616,-0.005912351422011852,0.0052912672981619835,0.0015806190203875303,-0.0029285235796123743,0.0013479042099788785,-0.0004566597053781152,-0.0029335340950638056,0.0033901934511959553,0.00024329997540917248,0.0004125922860112041,-0.0006558923050761223,-0.00044585164869204164,-0.0054510729387402534,0.0058969249948859215,-0.0034143091179430485,-0.004671943839639425,0.008086252957582474,4.167226143181324e-05,0.001797026488929987,-0.0018386986339464784,0.000961091136559844,-0.0030914796516299248,0.0021303885150700808,-2.803240749926772e-05,-0.00014879967784509063,0.00017683207988739014,-6.90201559336856e-05,-0.007572605740278959,0.007641626056283712,0.0006211709114722908,-0.0017014270415529609,0.0010802563047036529,-0.0004237308748997748,-0.0009043891914188862,0.001328120008111,0.0009450310608372092,-0.0029353538993746042,0.001990322954952717,-0.0017503577983006835,-0.0027373877819627523,0.004487744998186827,-0.00010140523954760283,3.6442725104279816e-06,9.77609379333444e-05,0.0006223751115612686,-0.00038539001252502203,-0.0002369851863477379,0.0008268079836852849,-0.0028554440941661596,0.002028635935857892,0.0007316280389204621,-0.0008877894142642617,0.0001561614335514605,0.0015986221842467785,0.00043270125752314925,-0.0020313234999775887,-0.0017150451894849539,-0.002341002691537142,0.004056047648191452],[0.0016257520765066147,0.006355852819979191,-0.007981603033840656,0.0002025687717832625,0.00042686291271820664,-0.00062943110242486,-0.0028638821095228195,-0.0037429118528962135,0.006606793962419033,6.743153790012002e-05,0.0023456253111362457,-0.002413053996860981,0.010831231251358986,0.002236770698800683,-0.012068003416061401,-0.0001228798064403236,9.135765139944851e-05,3.152183489874005e-05,-0.0002166254707844928,0.0019175822380930185,-0.0017009568400681019,0.0026741307228803635,-0.00016488863911945373,-0.002509242156520486,-0.0014673733385279775,0.000653591938316822,0.0008137815748341382,0.00013212165504228324,0.000549346674233675,-0.0006814684020355344,-0.0004805070930160582,0.0010028255637735128,-0.0005223184707574546,0.0022758098784834146,0.00018131552496924996,-0.00245712511241436,0.0025956411845982075,0.0022228355519473553,-0.004818475805222988,-0.0013036986347287893,-0.0019082989310845733,0.003211997915059328,0.0007470794953405857,-0.0007667812751606107,1.970183802768588e-05,-0.0011587748304009438,0.0003249164728913456,0.0008338580373674631,0.0009343395940959454,0.002304283669218421,-0.0032386232633143663,-0.0007497214246541262,0.0013357875868678093,-0.0005860663950443268,0.0009245948167517781,0.0014313387218862772,-0.002355933655053377,0.0009979978203773499,-0.0006741432007402182,-0.00032385464874096215,-0.001251941197551787,0.0020555155351758003,-0.0008035743958316743,0.0006120923208072782,0.00014870500308461487,-0.0007607972947880626,0.0005322038778103888,-0.0009043348836712539,0.0003721309476532042,0.00016922372742556036,0.0006730272434651852,-0.0008422509417869151,-0.0008041609544306993,0.0018021174473688006,-0.0009979564929381013,0.00016192568000406027,-0.00015437100955750793,-7.5546895459410734e-06,-0.0005122646107338369,-0.0013201178517192602,0.0018323824042454362,0.00025615154299885035,-0.0001718769926810637,-8.427449211012572e-05],[-0.0020919160451740026,0.007187181152403355,-0.0050952620804309845,-0.004209441598504782,0.007314550224691629,-0.003105106996372342,-0.003389824414625764,0.013054564595222473,-0.009664742276072502,-0.003778443904593587,0.01062125526368618,-0.0068428125232458115,0.002236770698800683,0.016456324607133865,-0.01769309677183628,-0.0016896534943953156,0.0059645832516252995,-0.004274928942322731,-0.00047915609320625663,0.005237563047558069,-0.004758406430482864,-0.0013875281438231468,0.004678397439420223,-0.0032908690627664328,-0.0014104300644248724,0.0011071873595938087,0.0003032428212463856,-0.00205406965687871,0.0036099401768296957,-0.001555870519950986,0.0005007502040825784,0.0039581661112606525,-0.004458916373550892,-0.00023704278282821178,0.004493397194892168,-0.004256354179233313,0.006955234333872795,0.008091261610388756,-0.015046492218971252,0.001956583233550191,0.0032126177102327347,-0.005169201642274857,-0.000460620503872633,0.0009581809863448143,-0.0004975604824721813,-0.0016338276909664273,-0.0022139139473438263,0.003847741521894932,0.0013511586003005505,0.001452515134587884,-0.0028036735020577908,0.00022484149667434394,-0.0001179629543912597,-0.00010687846224755049,-9.750816388987005e-06,0.0027263688389211893,-0.002716618124395609,0.0010372414253652096,-0.0005817803321406245,-0.0004554612096399069,0.0008736412855796516,-0.0016293253283947706,0.0007556841592304409,-0.0017935389187186956,-0.000548418378457427,0.002341957064345479,7.252072100527585e-05,-0.0016042226925492287,0.0015317020006477833,0.0002903553540818393,0.00010163296246901155,-0.0003919883747585118,0.00021665135864168406,-4.384185740491375e-05,-0.00017280946485698223,4.104709660168737e-05,0.0005391412996686995,-0.0005801883526146412,-0.0015510596567764878,-0.002151681575924158,0.0037027413491159678,0.0006067983922548592,0.00041923276148736477,-0.001026031095534563],[0.00046616443432867527,-0.01354303304105997,0.013076866045594215,0.0040068733505904675,-0.007741412613540888,0.003734538797289133,0.00625370629131794,-0.009311653673648834,0.003057949710637331,0.0037110126577317715,-0.012966878712177277,0.009255866520106792,-0.012068003416061401,-0.01769309677183628,0.030761098489165306,0.0018125331262126565,-0.006055941339582205,0.00424340832978487,0.0006957827135920525,-0.007155144587159157,0.006459362339228392,-0.0012866015313193202,-0.004513510037213564,0.005800110753625631,0.0028778035193681717,-0.0017607785994186997,-0.0011170250363647938,0.0019219486275687814,-0.004159287083894014,0.002237338339909911,-2.0243034668965265e-05,-0.00496099004521966,0.004981233272701502,-0.002038766397163272,-0.004674711264669895,0.006713477429002523,-0.009550873190164566,-0.01031409576535225,0.019864967092871666,-0.0006528839003294706,-0.0013043174985796213,0.0019572016317397356,-0.00028645936981774867,-0.00019139876530971378,0.00047785809147171676,0.0027926017064601183,0.001888998318463564,-0.004681600257754326,-0.0022854977287352085,-0.0037567983381450176,0.006042296066880226,0.0005248791421763599,-0.00121782417409122,0.0006929452647455037,-0.0009148435783572495,-0.004157707095146179,0.005072550382465124,-0.002035239478573203,0.00125592399854213,0.0007793155964463949,0.00037829967914149165,-0.0004261892754584551,4.788962542079389e-05,0.0011814468307420611,0.0003997136664111167,-0.0015811605844646692,-0.0006047243368811905,0.0025085569359362125,-0.0019038323080167174,-0.0004595789359882474,-0.0007746601477265358,0.0012342390837147832,0.0005875092465430498,-0.0017582755535840988,0.001170766307041049,-0.00020297277660574764,-0.0003847701591439545,0.0005877428920939565,0.0020633237436413765,0.003471798961982131,-0.005535122938454151,-0.0008629494113847613,-0.0002473557833582163,0.0011103050783276558],[0.0003089319507125765,-0.003726436523720622,0.003417504485696554,0.0007520174258388579,-0.002590973861515522,0.001838957192376256,0.0035354120191186666,0.002174459397792816,-0.005709870718419552,-0.001525239204056561,-0.0035312087275087833,0.005056447349488735,-0.0001228798064403236,-0.0016896534943953156,0.0018125331262126565,0.0039596958085894585,0.018538031727075577,-0.021497733891010284,5.018155206926167e-05,-0.0012417270336300135,0.0011915453942492604,-0.00013706774916499853,-0.0007950026774778962,0.0009320704266428947,-0.0016006303485482931,-0.004681500606238842,0.0062821307219564915,0.0008773377630859613,-0.0013908818364143372,0.0005135440151207149,0.0002787877747323364,-0.0014608881901949644,0.0011821005027741194,-0.0005103157600387931,-0.001236485899426043,0.0017468015430495143,-5.240039899945259e-05,-0.0019333937671035528,0.001985794398933649,0.001860773772932589,-0.008295400068163872,0.006434625945985317,4.154202179051936e-05,-0.0033338903449475765,0.003292348235845566,0.0014486830914393067,-0.0017548527102917433,0.00030616988078691065,0.0007730061770416796,-0.0026233703829348087,0.00185036426410079,-0.00018048266065306962,-0.003291345899924636,0.003471828531473875,-6.474192923633382e-05,-0.002046489855274558,0.0021112319082021713,0.0010336978593841195,-0.0019194132182747126,0.0008857154753059149,0.001096349791623652,-0.0035790971014648676,0.0024827474262565374,-0.0009209639392793179,-0.001206858898513019,0.0021278229542076588,-0.002046780427917838,-0.002119277138262987,0.004166057799011469,0.00021991202083881944,-0.0016738433623686433,0.0014539313269779086,0.0006251586601138115,-0.002592245349660516,0.001967086922377348,0.0011731000849977136,-0.0004958907375112176,-0.0006772092310711741,-0.0008077544625848532,-0.0011646413477137685,0.0019723959267139435,-0.0013240769039839506,-0.0002254760474897921,0.0015495526604354382],[-0.003233875147998333,0.005385735537856817,-0.002151858527213335,-0.001629688311368227,0.0013676853850483894,0.00026200414868071675,-0.00248932046815753,0.006343642715364695,-0.003854322014376521,-0.0019734553061425686,0.004460002761334181,-0.0024865460582077503,9.135765139944851e-05,0.0059645832516252995,-0.006055941339582205,0.018538031727075577,0.009603753685951233,-0.027141790837049484,-0.0011542830616235733,0.005150063894689083,-0.0039957803674042225,0.0008463670965284109,0.006511977408081293,-0.00735834427177906,-0.005578326527029276,0.0011632104869931936,0.004415117669850588,-0.00097758905030787,0.004228509962558746,-0.0032509202137589455,0.0012280130758881569,0.003498472971841693,-0.004726486746221781,-0.0016574009787291288,0.0011673695407807827,0.0004900319036096334,0.0005388089921325445,0.002784794196486473,-0.003323602955788374,0.002197159454226494,0.0015669823624193668,-0.003764142282307148,-0.0009407792240381241,-0.004854403901845217,0.005795183125883341,0.0008471651235595345,0.0035768551751971245,-0.004424020182341337,0.0014933805214241147,-0.002867849310860038,0.001374468905851245,0.00023690442321822047,-0.00048022426199167967,0.0002433198969811201,-0.0006104977219365537,-0.0012261117808520794,0.0018366093281656504,0.0015161631163209677,-0.002286384114995599,0.0007702211150899529,-0.00013423178461380303,-0.0025836648419499397,0.0027178963646292686,-0.0012262340169399977,4.294887185096741e-05,0.0011832851450890303,-0.0002965072635561228,-0.001540530938655138,0.0018370382022112608,0.0006303027621470392,-0.0011582167353481054,0.0005279139149934053,-0.0002638270379975438,-0.0007427941891364753,0.0010066211689263582,0.0012216715840622783,0.0006642469088546932,-0.0018859185511246324,-0.00025100167840719223,-0.0009450266370549798,0.001196028315462172,-0.0018423089059069753,-0.000845518836285919,0.0026878276839852333],[0.0029249428771436214,-0.0016592980828136206,-0.001265646773390472,0.0008776707109063864,0.0012232894077897072,-0.0021009615156799555,-0.0010460919002071023,-0.008518101647496223,0.009564192965626717,0.0034986950922757387,-0.0009287931025028229,-0.0025699022226035595,3.152183489874005e-05,-0.004274928942322731,0.00424340832978487,-0.021497733891010284,-0.027141790837049484,0.04963952302932739,0.0011041021207347512,-0.003908335231244564,0.002804232994094491,-0.0007092994055710733,-0.005716973915696144,0.006426274310797453,0.007178957108408213,0.0035182905849069357,-0.01069724839180708,0.0001002497156150639,-0.0028376267291605473,0.0027373768389225006,-0.0015068014618009329,-0.002037585014477372,0.0035443869419395924,0.0021677177865058184,6.91175227984786e-05,-0.002236835425719619,-0.00048640952445566654,-0.0008513990906067193,0.0013378082076087594,-0.004057933576405048,0.006728421896696091,-0.0026704880874603987,0.0008992374641820788,0.008188295178115368,-0.009087532758712769,-0.002295848447829485,-0.0018220021156594157,0.004117850214242935,-0.002266386291012168,0.005491218995302916,-0.0032248327042907476,-5.642190808430314e-05,0.0037715714424848557,-0.0037151495926082134,0.0006752400659024715,0.0032726023346185684,-0.00394784240052104,-0.0025498615577816963,0.004205797798931599,-0.0016559367068111897,-0.0009621180361136794,0.006162762641906738,-0.005200644489377737,0.002147198189049959,0.0011639106087386608,-0.0033111085649579763,0.0023432874586433172,0.003659807611256838,-0.006003095768392086,-0.0008502153214067221,0.002832060679793358,-0.0019818453583866358,-0.00036133185494691133,0.003335040993988514,-0.0029737092554569244,-0.002394771436229348,-0.00016835540009196848,0.002563126850873232,0.0010587555589154363,0.002109668217599392,-0.0031684236600995064,0.0031663859263062477,0.0010709951166063547,-0.004237380810081959],[-0.0014088173629716039,-0.0012513158144429326,0.002660132013261318,0.0020073694176971912,-0.0024125250056385994,0.00040515593718737364,1.7234677216038108e-05,-0.00024057859263848513,0.0002233443665318191,0.0003667949640657753,-0.0010768886422738433,0.000710093998350203,-0.0002166254707844928,-0.00047915609320625663,0.0006957827135920525,5.018155206926167e-05,-0.0011542830616235733,0.0011041021207347512,0.006205694749951363,-0.003064668970182538,-0.002141025383025408,0.0006194321322254837,1.4488723536487669e-05,-0.0006339207757264376,0.000495386659167707,-0.0019921939820051193,0.0014968072064220905,-0.0007158686057664454,0.0005371777224354446,0.0001786908251233399,0.002048513386398554,0.0008147253538481891,-0.0028632383327931166,-0.001796511234715581,-0.0017169269267469645,0.0035134381614625454,-0.0013811180833727121,-0.0006242792587727308,0.0020053971093147993,0.0021555412095040083,0.001008194754831493,-0.0031637363135814667,-0.0003937057335861027,-0.0020444870460778475,0.002438192954286933,0.00041144105489365757,0.0001253730442840606,-0.0005368140991777182,-0.0004949634312652051,-0.0011421486269682646,0.0016371121164411306,0.0006143591599538922,-0.0013515817699953914,0.000737222726456821,-0.00022648993763141334,-0.0002073409123113379,0.00043383080628700554,-0.0006492100656032562,-0.0008240333991125226,0.001473243348300457,0.0006684708059765399,-0.001576693495735526,0.0009082226315513253,-0.0006073520635254681,-0.0009745894931256771,0.0015819416148588061,0.00013435618893709034,-9.053776739165187e-05,-4.381842882139608e-05,0.000128905798192136,0.00011821689258795232,-0.0002471226907800883,0.00010773100075311959,-0.0014968779869377613,0.0013891467824578285,-9.325153951067477e-05,-0.0002516897802706808,0.00034494130522944033,0.00026958854869008064,0.00012269066064618528,-0.0003922792093362659,0.0003055567794945091,0.000663290498778224,-0.0009688471909612417],[-0.0012006990145891905,0.007862841710448265,-0.006662142463028431,-0.0031909067183732986,0.0029290905222296715,0.00026181398425251245,-0.003001903183758259,0.002806060016155243,0.00019584153778851032,-0.0023860943038016558,0.0065926541574299335,-0.004206560552120209,0.0019175822380930185,0.005237563047558069,-0.007155144587159157,-0.0012417270336300135,0.005150063894689083,-0.003908335231244564,-0.003064668970182538,0.01602056808769703,-0.011955900117754936,0.0003011631197296083,0.005548272281885147,-0.005849435459822416,-0.0025321724824607372,0.002897522645071149,-0.0003653499879874289,-0.003262620884925127,0.001992276171222329,0.001270344597287476,0.001979548716917634,0.009036464616656303,-0.011016014032065868,-0.002728716703131795,0.0007871825946494937,0.0019415339920669794,0.0004903809167444706,0.002821572357788682,-0.0033119532745331526,0.0031076527666300535,0.012535098940134048,-0.01564275287091732,-0.0018764249980449677,-0.0016341841546818614,0.00351060857065022,0.00024626555386930704,0.0011464939452707767,-0.001392759382724762,-0.0005901195108890533,-0.0005034923669882119,0.001093612052500248,-0.0004631930496543646,0.001504432875663042,-0.0010412399424239993,0.0001956067280843854,0.0018060645088553429,-0.0020016711205244064,0.0002818817156367004,0.0008302812930196524,-0.0011121629504486918,0.0015867111505940557,0.0002998382260557264,-0.0018865491729229689,-4.68301004730165e-05,0.0021048742346465588,-0.0020580440759658813,0.0004957968485541642,0.0013130665756762028,-0.001808863366022706,-0.00018107399228028953,-8.496834198012948e-05,0.00026604245067574084,-0.0004999415250495076,0.0004957671044394374,4.174355126451701e-06,0.0007513024611398578,0.0009925432968884706,-0.0017438458744436502,-0.0029261671006679535,-0.0019899988546967506,0.004916165489703417,0.0012696976773440838,0.0010917594190686941,-0.0023614568635821342],[0.0026095162611454725,-0.006611526012420654,0.004002010449767113,0.0011835373006761074,-0.0005165656912140548,-0.0006669699214398861,0.0029846688266843557,-0.0025654814671725035,-0.0004191858461126685,0.002019299194216728,-0.005515765398740768,0.0034964659716933966,-0.0017009568400681019,-0.004758406430482864,0.006459362339228392,0.0011915453942492604,-0.0039957803674042225,0.002804232994094491,-0.002141025383025408,-0.011955900117754936,0.015096924267709255,-0.000920595892239362,-0.005562761798501015,0.006483357399702072,0.002036787336692214,-0.0009053271496668458,-0.0011314601870253682,0.003978488966822624,-0.002529453719034791,-0.0014490357134491205,-0.004028061870485544,-0.009851191192865372,0.013879252597689629,0.0045252288691699505,0.0009297449141740799,-0.005454973317682743,0.0008907375740818679,-0.0021972914692014456,0.0013065544189885259,-0.005263194441795349,-0.013543293811380863,0.01880648545920849,0.002270129742100835,0.003678671084344387,-0.005948800593614578,-0.0006577060557901859,-0.0012718669604510069,0.0019295730162411928,0.0010850831167772412,0.0016456408193334937,-0.002730723936110735,-0.000151165877468884,-0.000152851571328938,0.000304017448797822,3.088316589128226e-05,-0.001598723465576768,0.0015678403433412313,0.0003673285245895386,-6.2478939071297646e-06,-0.00036108074709773064,-0.0022551822476089,0.0012768558226525784,0.0009783264249563217,0.0006541825132444501,-0.001130284508690238,0.0004761019954457879,-0.0006301529938355088,-0.00122252875007689,0.0018526818603277206,5.216826684772968e-05,-3.324869612697512e-05,-1.8919585272669792e-05,0.0003922105534002185,0.0010011106496676803,-0.0013933212030678988,-0.0006580511690117419,-0.0007408543024212122,0.001398905529640615,0.00265657901763916,0.001867308164946735,-0.004523887299001217,-0.0015752546023577452,-0.001755050616338849,0.0033303049858659506],[0.00160413165576756,-9.628473344491795e-05,-0.001507847337052226,0.0028785401955246925,0.0010502003133296967,-0.003928740043193102,-0.004114070441573858,-0.0036093578673899174,0.007723430637270212,0.003799180034548044,0.0018592820269986987,-0.005658462643623352,0.0026741307228803635,-0.0013875281438231468,-0.0012866015313193202,-0.00013706774916499853,0.0008463670965284109,-0.0007092994055710733,0.0006194321322254837,0.0003011631197296083,-0.000920595892239362,0.015226422809064388,0.0024319025687873363,-0.016658326610922813,0.0005139974527992308,-0.0009312721667811275,0.00041727456846274436,-0.001463772263377905,-0.0005909386673010886,0.002054711105301976,0.0005548677290789783,-2.9733666451647878e-05,-0.0005251340917311609,0.0007658992544747889,-0.0020152716897428036,0.0012493724934756756,-0.00133041525259614,-0.0016064038500189781,0.0029368188697844744,-0.0013354286784306169,-0.0007