{"epoch":0,"H":[[0.004496163222938776,-0.003496163059026003,0.001911992090754211,-0.0019119922071695328,0.002071585040539503,-0.002071585040539503,0.0010947739938274026,-0.0010947741102427244,0.0006492016837000847,-0.0006492016837000847,0.0004871143028140068,-0.00048711441922932863,0.0009608182008378208,-0.0009608182008378208,0.001340494374744594,-0.0013404942583292723,0.0022564854007214308,-0.0022564854007214308,0.0008853788021951914,-0.0008853787439875305,0.0005689600948244333,-0.0005689600948244333,0.0019980131182819605,-0.0019980131182819605,0.00045345380203798413,-0.0004534538311418146,-3.811322676483542e-05,3.811322676483542e-05,-0.00018600138719193637,0.00018600138719193637,0.00016554312605876476,-0.00016554312605876476,-0.0001517530035926029,0.00015175301814451814,1.1291325790807605e-05,-1.1291303962934762e-05,-4.180672112852335e-05,4.180672476650216e-05,-0.00010065640526590869,0.00010065639798995107,7.538712816312909e-05,-7.538712816312909e-05,2.281085471622646e-06,-2.281085471622646e-06,0.00035798101453110576,-0.0003579809854272753,-7.199295941973105e-05,7.199296669568866e-05,3.250571171520278e-05,-3.250569352530874e-05,4.349712617113255e-05,-4.349712617113255e-05,0.00019571607117541134,-0.00019571607117541134,0.00038675463292747736,-0.00038675457471981645],[-0.003496163059026003,0.004496163222938776,-0.001911992090754211,0.00191199267283082,-0.0020715848077088594,0.0020715848077088594,-0.0010947736445814371,0.001094773760996759,-0.0006492019165307283,0.0006492017419077456,-0.00048711488489061594,0.00048711488489061594,-0.000960818026214838,0.000960818026214838,-0.0013404940254986286,0.0013404939090833068,-0.0022564849350601435,0.0022564849350601435,-0.0008853785693645477,0.0008853785693645477,-0.0005689602694474161,0.0005689600366167724,-0.0019980131182819605,0.0019980131182819605,-0.00045345380203798413,0.0004534539475571364,3.8113328628242016e-05,-3.811338683590293e-05,0.00018600132898427546,-0.000186001299880445,-0.0001655432570260018,0.0001655432570260018,0.0001517530035926029,-0.0001517530035926029,-1.1291361261100974e-05,1.1291361261100974e-05,4.180667019682005e-05,-4.1806677472777665e-05,0.00010065635433420539,-0.00010065636888612062,-7.538717181887478e-05,7.538717181887478e-05,-2.2811236704001203e-06,2.2811236704001203e-06,-0.0003579810436349362,0.0003579810436349362,7.199294486781582e-05,-7.199294486781582e-05,-3.2505740819033235e-05,3.250570807722397e-05,-4.349716255092062e-05,4.349716255092062e-05,-0.00019571614393498749,0.00019571612938307226,-0.0003867546620313078,0.0003867546038236469],[0.001911992090754211,-0.001911992090754211,0.0026128594763576984,-0.0016128604765981436,0.0010925800306722522,-0.001092580147087574,0.0003929150407202542,-0.0003929150989279151,0.0015505350893363357,-0.0015505347400903702,0.0008478027884848416,-0.0008478026720695198,7.111003651516512e-05,-7.111003651516512e-05,0.0020699871238321066,-0.002069986891001463,0.0015695075271651149,-0.001569507410749793,0.00045890905312262475,-0.0004589090822264552,0.0007595233619213104,-0.0007595233037136495,0.002590317977592349,-0.0025903182104229927,0.0009940763702616096,-0.0009940762538462877,-0.00023219050490297377,0.00023219047579914331,0.00016642839182168245,-0.0001664284209255129,0.0005070713814347982,-0.0005070713232271373,7.915782771306112e-05,-7.915777678135782e-05,-0.00010598074732115492,0.00010598079825285822,-0.00013228811440058053,0.00013228811440058053,0.00010134272451978177,-0.00010134270269190893,0.00026766202063299716,-0.00026766202063299716,-4.238116162014194e-05,4.238116162014194e-05,0.00043433517566882074,-0.0004343352047726512,0.00010276303510181606,-0.00010276297689415514,-2.001059692702256e-05,2.0010716980323195e-05,-1.6028316167648882e-06,1.6028316167648882e-06,0.0002667565131559968,-0.0002667565131559968,0.00027932162629440427,-0.0002793215971905738],[-0.0019119922071695328,0.00191199267283082,-0.0016128604765981436,0.0026128608733415604,-0.0010925802635028958,0.0010925803799182177,-0.0003929153026547283,0.0003929154190700501,-0.0015505354385823011,0.0015505352057516575,-0.0008478030213154852,0.0008478030213154852,-7.110997103154659e-05,7.110997103154659e-05,-0.0020699873566627502,0.0020699871238321066,-0.0015695076435804367,0.0015695076435804367,-0.00045890925684943795,0.00045890925684943795,-0.0007595234201289713,0.0007595233619213104,-0.00259031867608428,0.00259031867608428,-0.0009940763702616096,0.0009940763702616096,0.00023219060676638037,-0.00023219053400680423,-0.00016642828995827585,0.00016642824630253017,-0.0005070713814347982,0.0005070713232271373,-7.91577112977393e-05,7.915769674582407e-05,0.00010598075459711254,-0.00010598081280477345,0.00013228817260824144,-0.00013228817260824144,-0.00010134269541595131,0.00010134268086403608,-0.0002676619915291667,0.0002676619915291667,4.238113615429029e-05,-4.238113615429029e-05,-0.00043433529208414257,0.0004343352629803121,-0.0001027630059979856,0.00010276302054990083,2.0010655134683475e-05,-2.0010731532238424e-05,1.6028570826165378e-06,-1.6028570826165378e-06,-0.00026675654225982726,0.00026675654225982726,-0.00027932171360589564,0.00027932171360589564],[0.002071585040539503,-0.0020715848077088594,0.0010925800306722522,-0.0010925802635028958,0.0028105792589485645,-0.0018105790950357914,0.0009391357889398932,-0.0009391359053552151,0.0011658230796456337,-0.00116582284681499,0.00042290284181945026,-0.00042290304554626346,0.000564137299079448,-0.000564137299079448,0.0009163637878373265,-0.0009163636714220047,0.0009056652197614312,-0.0009056651615537703,0.0005166304763406515,-0.0005166304763406515,0.00048042956041172147,-0.0004804296768270433,0.0005834739422425628,-0.0005834740004502237,0.00019507220713421702,-0.0001950722944457084,0.00019765039905905724,-0.00019765039905905724,-5.4938020184636116e-05,5.493805292644538e-05,0.0002173359680455178,-0.0002173359680455178,-5.509592665475793e-05,5.5095923016779125e-05,4.220786286168732e-05,-4.2207891965517774e-05,-2.7220587071496993e-05,2.7220588890486397e-05,-2.669157947821077e-05,2.6691588573157787e-05,0.00011330295819789171,-0.00011330295819789171,-1.092062120733317e-05,1.092062120733317e-05,0.0001435482408851385,-0.00014354821178130805,-1.841479752329178e-05,1.8414813894196413e-05,5.6076052715070546e-05,-5.607604907709174e-05,1.4641353118349798e-05,-1.4641353118349798e-05,8.309118857141584e-05,-8.309118857141584e-05,0.00017897080397233367,-0.0001789707748685032],[-0.002071585040539503,0.0020715848077088594,-0.001092580147087574,0.0010925803799182177,-0.0018105790950357914,0.0028105792589485645,-0.000939135963562876,0.0009391360217705369,-0.0011658231960609555,0.0011658230796456337,-0.00042290290002711117,0.0004229028709232807,-0.0005641373572871089,0.0005641373572871089,-0.0009163638460449874,0.0009163636714220047,-0.000905665394384414,0.000905665336176753,-0.0005166304763406515,0.0005166305345483124,-0.00048042964772321284,0.00048042964772321284,-0.0005834739422425628,0.0005834740004502237,-0.00019507220713421702,0.0001950723526533693,-0.00019765036995522678,0.00019765035540331155,5.493804928846657e-05,-5.493804928846657e-05,-0.00021733599714934826,0.00021733599714934826,5.5095959396567196e-05,-5.509595575858839e-05,-4.2207866499666125e-05,4.220783375785686e-05,2.7220577976549976e-05,-2.722057979553938e-05,2.6691614039009437e-05,-2.669162131496705e-05,-0.00011330294364597648,0.00011330294364597648,1.0920612112386152e-05,-1.0920612112386152e-05,-0.00014354822633322328,0.00014354822633322328,1.8414815713185817e-05,-1.8414810256217606e-05,-5.607605999102816e-05,5.607602361124009e-05,-1.4641368579759728e-05,1.4641368579759728e-05,-8.309118857141584e-05,8.309118857141584e-05,-0.00017897078942041844,0.0001789707748685032],[0.0010947739938274026,-0.0010947736445814371,0.0003929150407202542,-0.0003929153026547283,0.0009391357889398932,-0.000939135963562876,0.0017377437325194478,-0.000737744034267962,0.0008163885213434696,-0.0008163884049281478,0.0004883517976850271,-0.000488351855892688,0.0003316172806080431,-0.0003316172806080431,0.0006402501021511853,-0.0006402501021511853,0.0017906342400237918,-0.00179063412360847,0.0002677308220881969,-0.00026773085119202733,0.0006105081993155181,-0.0006105081993155181,0.0004585502319969237,-0.0004585502902045846,0.0005155627150088549,-0.0005155627732165158,-0.0007426998927257955,0.0007426999509334564,-0.00011063147394452244,0.00011063147394452244,0.00024482206208631396,-0.00024482206208631396,-9.048209176398814e-05,9.048210631590337e-05,-8.507004531566054e-05,8.507001621183008e-05,-6.384802691172808e-05,6.38480341876857e-05,-5.506549860001542e-05,5.506549496203661e-05,0.0001268619525944814,-0.0001268619525944814,-3.446659320616163e-05,3.446659320616163e-05,0.0001762673637131229,-0.0001762673637131229,-4.654063377529383e-05,4.6540648327209055e-05,-4.097658529644832e-05,4.0976628952194005e-05,-7.816417564754374e-06,7.816417564754374e-06,0.00011658851872198284,-0.00011658852599794045,9.833334479480982e-05,-9.833334479480982e-05],[-0.0010947741102427244,0.001094773760996759,-0.0003929150989279151,0.0003929154190700501,-0.0009391359053552151,0.0009391360217705369,-0.000737744034267962,0.001737744314596057,-0.0008163885213434696,0.0008163884049281478,-0.000488351914100349,0.0004883519723080099,-0.0003316172806080431,0.0003316172806080431,-0.0006402501603588462,0.0006402501021511853,-0.0017906344728544354,0.0017906342400237918,-0.00026773085119202733,0.00026773085119202733,-0.0006105081993155181,0.00061050831573084,-0.0004585502319969237,0.00045855026110075414,-0.0005155627732165158,0.0005155628314241767,0.0007427000091411173,-0.0007427000673487782,0.00011063148122048005,-0.00011063149577239528,-0.0002448220911901444,0.00024482206208631396,9.048209176398814e-05,-9.04821208678186e-05,8.507007441949099e-05,-8.507007441949099e-05,6.384800508385524e-05,-6.384800508385524e-05,5.506546949618496e-05,-5.506549496203661e-05,-0.0001268619525944814,0.0001268619525944814,3.446655682637356e-05,-3.446655682637356e-05,-0.00017626739281695336,0.00017626737826503813,4.6540637413272634e-05,-4.654065196518786e-05,4.097661076229997e-05,-4.0976639866130427e-05,7.81641574576497e-06,-7.81641574576497e-06,-0.00011658855510177091,0.00011658856237772852,-9.833338117459789e-05,9.833336662268266e-05],[0.0006492016837000847,-0.0006492019165307283,0.0015505350893363357,-0.0015505354385823011,0.0011658230796456337,-0.0011658231960609555,0.0008163885213434696,-0.0008163885213434696,0.0022691208869218826,-0.0012691207230091095,0.0005426221759989858,-0.0005426220595836639,0.0005853805923834443,-0.0005853805923834443,0.001108592958189547,-0.0011085928417742252,0.0011207516072317958,-0.0011207516072317958,0.0005324318190105259,-0.0005324318190105259,0.0006713913171552122,-0.0006713915499858558,0.0007369570666924119,-0.0007369571249000728,-0.0003283945843577385,0.0003283945261500776,-0.0003945064381696284,0.0003945064381696284,-0.0002507412573322654,0.0002507412573322654,-2.1729483705712482e-05,2.1729483705712482e-05,-0.0001854729634942487,0.0001854729634942487,-9.658325870987028e-05,9.658326598582789e-05,-1.795940443116706e-05,1.795940443116706e-05,-0.00013304577441886067,0.00013304577441886067,-1.6771429727668874e-05,1.6771429727668874e-05,-8.93730430107098e-06,8.93730430107098e-06,8.670430543133989e-05,-8.670429815538228e-05,-0.00011881489626830444,0.00011881488899234682,-5.3281291911844164e-05,5.3281291911844164e-05,1.403122951160185e-07,-1.403122951160185e-07,3.5430621210252866e-05,-3.5430621210252866e-05,5.6462493375875056e-05,-5.6462493375875056e-05],[-0.0006492016837000847,0.0006492017419077456,-0.0015505347400903702,0.0015505352057516575,-0.00116582284681499,0.0011658230796456337,-0.0008163884049281478,0.0008163884049281478,-0.0012691207230091095,0.0022691211197525263,-0.0005426221177913249,0.0005426218849606812,-0.0005853805341757834,0.0005853805341757834,-0.0011085928417742252,0.0011085926089435816,-0.001120751490816474,0.001120751490816474,-0.0005324317025952041,0.0005324317025952041,-0.0006713912007398903,0.0006713912007398903,-0.000736957008484751,0.0007369570666924119,0.00032839446794241667,-0.00032839440973475575,0.0003945062926504761,-0.0003945062926504761,0.0002507412282284349,-0.0002507412282284349,2.172947279177606e-05,-2.1729474610765465e-05,0.0001854728616308421,-0.00018547287618275732,9.658323688199744e-05,-9.658323688199744e-05,1.795941534510348e-05,-1.795941534510348e-05,0.00013304577441886067,-0.00013304577441886067,1.6771429727668874e-05,-1.6771429727668874e-05,8.937318852986209e-06,-8.937318852986209e-06,-8.670425449963659e-05,8.670424722367898e-05,0.00011881485988851637,-0.00011881485988851637,5.328130646375939e-05,-5.3281302825780585e-05,-1.4030410966370255e-07,1.4030410966370255e-07,-3.54305884684436e-05,3.54305884684436e-05,-5.6462507927790284e-05,5.646250065183267e-05],[0.0004871143028140068,-0.00048711488489061594,0.0008478027884848416,-0.0008478030213154852,0.00042290284181945026,-0.00042290290002711117,0.0004883517976850271,-0.000488351914100349,0.0005426221759989858,-0.0005426221177913249,0.0022209195885807276,-0.0012209191918373108,0.00047212804201990366,-0.00047212804201990366,0.000491499318741262,-0.0004914992023259401,0.000714791938662529,-0.000714791938662529,0.00021793854830320925,-0.0002179385191993788,0.0005417602951638401,-0.0005417601787485182,0.00037371425423771143,-0.00037371425423771143,-3.1155155738815665e-05,3.115516301477328e-05,7.190005271695554e-05,-7.190011092461646e-05,-0.000300330575555563,0.000300330575555563,1.9200680981157348e-05,-1.9200680981157348e-05,-0.000232524675084278,0.00023252468963619322,-0.0001431848359061405,0.0001431848359061405,-6.14570381003432e-05,6.145704537630081e-05,-0.0001607099111424759,0.0001607099111424759,2.31226713367505e-05,-2.31226713367505e-05,7.249685040733311e-06,-7.249685040733311e-06,0.00041845382656902075,-0.00041845376836135983,-0.00013983211829327047,0.00013983211829327047,-8.466560393571854e-05,8.466562576359138e-05,3.689919685712084e-05,-3.689919685712084e-05,0.00021503583411686122,-0.00021503583411686122,0.000259875669144094,-0.00025987564004026353],[-0.00048711441922932863,0.00048711488489061594,-0.0008478026720695198,0.0008478030213154852,-0.00042290304554626346,0.0004229028709232807,-0.000488351855892688,0.0004883519723080099,-0.0005426220595836639,0.0005426218849606812,-0.0012209191918373108,0.0022209188900887966,-0.00047212804201990366,0.00047212804201990366,-0.000491499318741262,0.0004914992023259401,-0.000714791938662529,0.000714791938662529,-0.00021793854830320925,0.0002179385191993788,-0.0005417602951638401,0.0005417601787485182,-0.00037371425423771143,0.00037371425423771143,3.1155155738815665e-05,-3.115516301477328e-05,-7.190005271695554e-05,7.190011092461646e-05,0.000300330575555563,-0.000300330575555563,-1.9200680981157348e-05,1.9200680981157348e-05,0.000232524675084278,-0.00023252468963619322,0.0001431848359061405,-0.0001431848359061405,6.14570381003432e-05,-6.145704537630081e-05,0.0001607099111424759,-0.0001607099111424759,-2.31226713367505e-05,2.31226713367505e-05,-7.249685040733311e-06,7.249685040733311e-06,-0.00041845382656902075,0.00041845376836135983,0.00013983211829327047,-0.00013983211829327047,8.466560393571854e-05,-8.466562576359138e-05,-3.689919685712084e-05,3.689919685712084e-05,-0.00021503583411686122,0.00021503583411686122,-0.000259875669144094,0.00025987564004026353],[0.0009608182008378208,-0.000960818026214838,7.111003651516512e-05,-7.110997103154659e-05,0.000564137299079448,-0.0005641373572871089,0.0003316172806080431,-0.0003316172806080431,0.0005853805923834443,-0.0005853805341757834,0.00047212804201990366,-0.00047212804201990366,0.0012581548653542995,-0.00025815446861088276,0.0005249306559562683,-0.0005249305977486074,0.0005665678763762116,-0.0005665678763762116,0.0003156565362587571,-0.0003156565362587571,0.00048028238234110177,-0.0004802824987564236,0.0006009259377606213,-0.0006009259377606213,0.00014429990551434457,-0.0001442999200662598,-0.0008355494355782866,0.0008355494355782866,-0.00016235571820288897,0.00016235571820288897,0.00016519309428986162,-0.0001651930797379464,-0.0001248957123607397,0.00012489572691265494,-0.00010139626101590693,0.00010139627556782216,-5.683274503098801e-05,5.683275230694562e-05,-8.333414734806865e-05,8.333416189998388e-05,8.32223377074115e-05,-8.32223377074115e-05,-2.6116205845028162e-05,2.6116205845028162e-05,0.00017780998314265162,-0.0001778099685907364,-7.046850078040734e-05,7.046851533232257e-05,-5.1861479732906446e-05,5.18615088367369e-05,-2.0001389202661812e-06,2.0001389202661812e-06,0.00011474997154437006,-0.00011474997882032767,0.0001295091351494193,-0.0001295091351494193],[-0.0009608182008378208,0.000960818026214838,-7.111003651516512e-05,7.110997103154659e-05,-0.000564137299079448,0.0005641373572871089,-0.0003316172806080431,0.0003316172806080431,-0.0005853805923834443,0.0005853805341757834,-0.00047212804201990366,0.00047212804201990366,-0.00025815446861088276,0.0012581546325236559,-0.0005249306559562683,0.0005249305977486074,-0.0005665678763762116,0.0005665678763762116,-0.0003156565362587571,0.0003156565362587571,-0.00048028238234110177,0.0004802824987564236,-0.0006009259377606213,0.0006009259377606213,-0.00014429990551434457,0.0001442999200662598,0.0008355494355782866,-0.0008355494355782866,0.00016235571820288897,-0.00016235571820288897,-0.00016519309428986162,0.0001651930797379464,0.0001248957123607397,-0.00012489572691265494,0.00010139626101590693,-0.00010139627556782216,5.683274503098801e-05,-5.683275230694562e-05,8.333414734806865e-05,-8.333416189998388e-05,-8.32223377074115e-05,8.32223377074115e-05,2.6116205845028162e-05,-2.6116205845028162e-05,-0.00017780998314265162,0.0001778099685907364,7.046850078040734e-05,-7.046851533232257e-05,5.1861479732906446e-05,-5.18615088367369e-05,2.0001389202661812e-06,-2.0001389202661812e-06,-0.00011474997154437006,0.00011474997882032767,-0.0001295091351494193,0.0001295091351494193],[0.001340494374744594,-0.0013404940254986286,0.0020699871238321066,-0.0020699873566627502,0.0009163637878373265,-0.0009163638460449874,0.0006402501021511853,-0.0006402501603588462,0.001108592958189547,-0.0011085928417742252,0.000491499318741262,-0.000491499318741262,0.0005249306559562683,-0.0005249306559562683,0.0021245204843580723,-0.0011245205532759428,0.0011858423240482807,-0.0011858422076329589,0.0005955364904366434,-0.0005955364904366434,0.0007250768830999732,-0.0007250769413076341,0.0008149805944412947,-0.0008149805944412947,4.854622238781303e-05,-4.854623330174945e-05,-0.00047999355592764914,0.0004799935268238187,-0.0002772410516627133,0.0002772410516627133,-1.8482067389413714e-05,1.8482067389413714e-05,-0.00020327825041022152,0.00020327825041022152,-0.00010721605212893337,0.00010721603757701814,-2.8485297661973163e-05,2.8485297661973163e-05,-0.00014879359514452517,0.00014879359514452517,-1.4935139915905893e-05,1.4935139915905893e-05,-3.746226866496727e-06,3.746226866496727e-06,0.00017757622117642313,-0.00017757622117642313,-0.00012728692672681063,0.00012728694127872586,-6.0559668781934306e-05,6.055967241991311e-05,1.523638638900593e-05,-1.5236387298500631e-05,9.259166108677164e-05,-9.259166108677164e-05,0.00012998971214983612,-0.00012998971214983612],[-0.0013404942583292723,0.0013404939090833068,-0.002069986891001463,0.0020699871238321066,-0.0009163636714220047,0.0009163636714220047,-0.0006402501021511853,0.0006402501021511853,-0.0011085928417742252,0.0011085926089435816,-0.0004914992023259401,0.0004914992023259401,-0.0005249305977486074,0.0005249305977486074,-0.0011245205532759428,0.0021245204843580723,-0.0011858423240482807,0.0011858423240482807,-0.0005955363740213215,0.0005955364322289824,-0.0007250766502693295,0.0007250767084769905,-0.0008149804198183119,0.0008149804780259728,-4.8546244215685874e-05,4.85462587676011e-05,0.00047999355592764914,-0.0004799935268238187,0.0002772410516627133,-0.00027724108076654375,1.8482020095689222e-05,-1.8482016457710415e-05,0.00020327826496213675,-0.00020327826496213675,0.0001072160157491453,-0.00010721600847318769,2.848530129995197e-05,-2.848530129995197e-05,0.00014879359514452517,-0.00014879359514452517,1.4935107174096629e-05,-1.4935107174096629e-05,3.746230504475534e-06,-3.746230504475534e-06,-0.00017757619207259268,0.0001775762066245079,0.0001272869121748954,-0.0001272869121748954,6.0559657867997885e-05,-6.05596651439555e-05,-1.5236390026984736e-05,1.5236390026984736e-05,-9.259166108677164e-05,9.259166108677164e-05,-0.00012998966849409044,0.00012998966849409044],[0.0022564854007214308,-0.0022564849350601435,0.0015695075271651149,-0.0015695076435804367,0.0009056652197614312,-0.000905665394384414,0.0017906342400237918,-0.0017906344728544354,0.0011207516072317958,-0.001120751490816474,0.000714791938662529,-0.000714791938662529,0.0005665678763762116,-0.0005665678763762116,0.0011858423240482807,-0.0011858423240482807,0.002651192946359515,-0.0016511928988620639,0.0007010477129369974,-0.0007010477711446583,0.0009550692047923803,-0.0009550693212077022,0.0012661763466894627,-0.0012661763466894627,0.0001334630505880341,-0.00013346306513994932,-0.0011920684482902288,0.0011920684482902288,-0.0003230990841984749,0.00032309905509464443,8.306673407787457e-05,-8.306672680191696e-05,-0.0002413807378616184,0.0002413807378616184,-0.00010742902668425813,0.00010742904123617336,-5.836349373566918e-05,5.836349737364799e-05,-0.0001735225087031722,0.0001735225087031722,3.650091457529925e-05,-3.650091457529925e-05,-2.8438025765353814e-06,2.8438025765353814e-06,0.0003246669366490096,-0.00032466687844134867,-0.00013691553613170981,0.00013691553613170981,-4.6499906602548435e-05,4.649993570637889e-05,2.686402694962453e-05,-2.6864028768613935e-05,0.0001798635785235092,-0.00017986359307542443,0.00025780434953048825,-0.00025780429132282734],[-0.0022564854007214308,0.0022564849350601435,-0.001569507410749793,0.0015695076435804367,-0.0009056651615537703,0.000905665336176753,-0.00179063412360847,0.0017906342400237918,-0.0011207516072317958,0.001120751490816474,-0.000714791938662529,0.000714791938662529,-0.0005665678763762116,0.0005665678763762116,-0.0011858422076329589,0.0011858423240482807,-0.0016511928988620639,0.0026511922478675842,-0.0007010475383140147,0.0007010475965216756,-0.0009550694958306849,0.0009550692630000412,-0.0012661763466894627,0.0012661764631047845,-0.0001334630505880341,0.00013346312334761024,0.0011920685647055507,-0.0011920685647055507,0.0003230990841984749,-0.0003230990841984749,-8.306672680191696e-05,8.306671952595934e-05,0.00024138070875778794,-0.00024138070875778794,0.00010742905578808859,-0.00010742905578808859,5.8363486459711567e-05,-5.8363490097690374e-05,0.00017352252325508744,-0.00017352252325508744,-3.650092185125686e-05,3.650092185125686e-05,2.843788024620153e-06,-2.843788024620153e-06,-0.00032466687844134867,0.00032466687844134867,0.00013691555068362504,-0.00013691555068362504,4.6499932068400085e-05,-4.649994662031531e-05,-2.6864023311645724e-05,2.6864025130635127e-05,-0.0001798635785235092,0.0001798635785235092,-0.0002578043204266578,0.00025780429132282734],[0.0008853788021951914,-0.0008853785693645477,0.00045890905312262475,-0.00045890925684943795,0.0005166304763406515,-0.0005166304763406515,0.0002677308220881969,-0.00026773085119202733,0.0005324318190105259,-0.0005324317025952041,0.00021793854830320925,-0.00021793854830320925,0.0003156565362587571,-0.0003156565362587571,0.0005955364904366434,-0.0005955363740213215,0.0007010477129369974,-0.0007010475383140147,0.0013877472374588251,-0.00038774751010350883,0.0002236715954495594,-0.0002236715954495594,0.0006197481416165829,-0.0006197481416165829,0.0001097964559448883,-0.00010979647049680352,0.0002829728473443538,-0.0002829727600328624,-0.00022782654559705406,0.0002278265601489693,-0.0001185720757348463,0.0001185720757348463,-0.00016411812976002693,0.00016411812976002693,-5.537268953048624e-05,5.537268225452863e-05,-2.5192593966494314e-06,2.5192589419020806e-06,-0.00012666877591982484,0.0001266687613679096,-6.880630826344714e-05,6.880630826344714e-05,1.4568175174645148e-05,-1.4568175174645148e-05,0.00010351362288929522,-0.0001035136156133376,-0.00011678412556648254,0.00011678412556648254,-4.1061091906158254e-05,4.1061088268179446e-05,9.576026059221476e-06,-9.576026059221476e-06,3.3094529499066994e-05,-3.3094529499066994e-05,6.300387030933052e-05,-6.300386303337291e-05],[-0.0008853787439875305,0.0008853785693645477,-0.0004589090822264552,0.00045890925684943795,-0.0005166304763406515,0.0005166305345483124,-0.00026773085119202733,0.00026773085119202733,-0.0005324318190105259,0.0005324317025952041,-0.0002179385191993788,0.0002179385191993788,-0.0003156565362587571,0.0003156565362587571,-0.0005955364904366434,0.0005955364322289824,-0.0007010477711446583,0.0007010475965216756,-0.00038774751010350883,0.0013877475867047906,-0.00022367168276105076,0.00022367156634572893,-0.0006197481998242438,0.0006197481998242438,-0.00010979644139297307,0.00010979647049680352,-0.0002829728473443538,0.0002829727600328624,0.00022782654559705406,-0.0002278265601489693,0.00011857206118293107,-0.00011857206845888868,0.00016411812976002693,-0.00016411812976002693,5.5372696806443855e-05,-5.537268953048624e-05,2.519260760891484e-06,-2.519260306144133e-06,0.00012666877591982484,-0.00012666877591982484,6.880631553940475e-05,-6.880631553940475e-05,-1.4568182450602762e-05,1.4568182450602762e-05,-0.00010351363016525283,0.00010351363016525283,0.00011678411829052493,-0.00011678411101456732,4.106109554413706e-05,-4.1061088268179446e-05,-9.576055163051933e-06,9.576055163051933e-06,-3.3094540413003415e-05,3.3094540413003415e-05,-6.300389213720337e-05,6.300388486124575e-05],[0.0005689600948244333,-0.0005689602694474161,0.0007595233619213104,-0.0007595234201289713,0.00048042956041172147,-0.00048042964772321284,0.0006105081993155181,-0.0006105081993155181,0.0006713913171552122,-0.0006713912007398903,0.0005417602951638401,-0.0005417602951638401,0.00048028238234110177,-0.00048028238234110177,0.0007250768830999732,-0.0007250766502693295,0.0009550692047923803,-0.0009550694958306849,0.0002236715954495594,-0.00022367168276105076,0.002324175089597702,-0.001324174227192998,0.00041569085442461073,-0.00041569085442461073,-0.00027958687860518694,0.0002795869077090174,-0.00020803943334612995,0.0002080394042422995,0.0002184709592256695,-0.0002184709592256695,0.00012049105134792626,-0.00012049105134792626,0.000149503379361704,-0.000149503379361704,3.774425567826256e-05,-3.774425567826256e-05,-2.074903568427544e-05,2.074903568427544e-05,0.00012439757119864225,-0.00012439757119864225,6.528542144224048e-05,-6.528542144224048e-05,-9.438490451429971e-07,9.438490451429971e-07,0.0001457871840102598,-0.00014578716945834458,0.00010974802717100829,-0.00010974802717100829,3.3436699595768005e-05,-3.343667049193755e-05,2.5982946681324393e-05,-2.5982946681324393e-05,0.00010939186904579401,-0.00010939186904579401,0.00011169782374054193,-0.0001116978091886267],[-0.0005689600948244333,0.0005689600366167724,-0.0007595233037136495,0.0007595233619213104,-0.0004804296768270433,0.00048042964772321284,-0.0006105081993155181,0.00061050831573084,-0.0006713915499858558,0.0006713912007398903,-0.0005417601787485182,0.0005417601787485182,-0.0004802824987564236,0.0004802824987564236,-0.0007250769413076341,0.0007250767084769905,-0.0009550693212077022,0.0009550692630000412,-0.0002236715954495594,0.00022367156634572893,-0.001324174227192998,0.002324175089597702,-0.00041569085442461073,0.00041569085442461073,0.00027958687860518694,-0.0002795869077090174,0.00020803943334612995,-0.0002080394042422995,-0.0002184709592256695,0.0002184709592256695,-0.00012049105134792626,0.00012049105134792626,-0.000149503379361704,0.000149503379361704,-3.774425567826256e-05,3.774425567826256e-05,2.074903568427544e-05,-2.074903568427544e-05,-0.00012439757119864225,0.00012439757119864225,-6.528542144224048e-05,6.528542144224048e-05,9.438490451429971e-07,-9.438490451429971e-07,-0.0001457871840102598,0.00014578716945834458,-0.00010974802717100829,0.00010974802717100829,-3.3436699595768005e-05,3.343667049193755e-05,-2.5982946681324393e-05,2.5982946681324393e-05,-0.00010939186904579401,0.00010939186904579401,-0.00011169782374054193,0.0001116978091886267],[0.0019980131182819605,-0.0019980131182819605,0.002590317977592349,-0.00259031867608428,0.0005834739422425628,-0.0005834739422425628,0.0004585502319969237,-0.0004585502319969237,0.0007369570666924119,-0.000736957008484751,0.00037371425423771143,-0.00037371425423771143,0.0006009259377606213,-0.0006009259377606213,0.0008149805944412947,-0.0008149804198183119,0.0012661763466894627,-0.0012661763466894627,0.0006197481416165829,-0.0006197481998242438,0.00041569085442461073,-0.00041569085442461073,0.0022061674389988184,-0.001206167507916689,5.52245692233555e-05,-5.5224576499313116e-05,-0.0005807813722640276,0.0005807814304716885,-0.0003508967347443104,0.0003508967347443104,-3.0260234780143946e-05,3.0260234780143946e-05,-0.00025715460651554167,0.00025715460651554167,-8.66119225975126e-05,8.66119225975126e-05,-2.599343679321464e-05,2.5993438612204045e-05,-0.000185873155714944,0.000185873155714944,-1.8349373931414448e-05,1.8349373931414448e-05,2.3481925381929614e-06,-2.3481925381929614e-06,0.00018780540267471224,-0.000187805388122797,-0.00015985329810064286,0.00015985329810064286,-4.3511241528904065e-05,4.3511256080819294e-05,2.1923800886725076e-05,-2.1923800886725076e-05,0.00010691070201573893,-0.00010691070201573893,0.00016201811376959085,-0.00016201811376959085],[-0.0019980131182819605,0.0019980131182819605,-0.0025903182104229927,0.00259031867608428,-0.0005834740004502237,0.0005834740004502237,-0.0004585502902045846,0.00045855026110075414,-0.0007369571249000728,0.0007369570666924119,-0.00037371425423771143,0.00037371425423771143,-0.0006009259377606213,0.0006009259377606213,-0.0008149805944412947,0.0008149804780259728,-0.0012661763466894627,0.0012661764631047845,-0.0006197481416165829,0.0006197481998242438,-0.00041569085442461073,0.00041569085442461073,-0.001206167507916689,0.002206167671829462,-5.52245692233555e-05,5.5224576499313116e-05,0.0005807813722640276,-0.0005807814304716885,0.0003508967929519713,-0.0003508967929519713,3.0260232961154543e-05,-3.0260232961154543e-05,0.00025715463561937213,-0.00025715463561937213,8.661190076963976e-05,-8.661190076963976e-05,2.5993416784331203e-05,-2.5993418603320606e-05,0.000185873155714944,-0.000185873155714944,1.8349357560509816e-05,-1.8349357560509816e-05,-2.3481961761717685e-06,2.3481961761717685e-06,-0.00018780544633045793,0.00018780544633045793,0.0001598533126525581,-0.0001598533126525581,4.3511241528904065e-05,-4.3511241528904065e-05,-2.1923817257629707e-05,2.1923817257629707e-05,-0.000106910738395527,0.00010691074567148462,-0.0001620181428734213,0.00016201812832150608],[0.00045345380203798413,-0.00045345380203798413,0.0009940763702616096,-0.0009940763702616096,0.00019507220713421702,-0.00019507220713421702,0.0005155627150088549,-0.0005155627732165158,-0.0003283945843577385,0.00032839446794241667,-3.1155155738815665e-05,3.1155155738815665e-05,0.00014429990551434457,-0.00014429990551434457,4.854622238781303e-05,-4.8546244215685874e-05,0.0001334630505880341,-0.0001334630505880341,0.0001097964559448883,-0.00010979644139297307,-0.00027958687860518694,0.00027958687860518694,5.52245692233555e-05,-5.52245692233555e-05,0.0014874055050313473,-0.00048740507918410003,0.0005210548988543451,-0.0005210548988543451,-4.248863842803985e-05,4.248863842803985e-05,-8.558931767765898e-06,8.558930858271196e-06,-2.7770278393290937e-05,2.7770278393290937e-05,-2.8315356757957488e-05,2.8315358576946892e-05,-4.997208179702284e-06,4.997208179702284e-06,-2.3480915842810646e-05,2.348091766180005e-05,-1.0403125997981988e-05,1.0403125997981988e-05,-6.231549832591554e-06,6.231549832591554e-06,2.1187352103879675e-05,-2.1187355741858482e-05,-2.353784475417342e-05,2.353784475417342e-05,-2.402524660283234e-05,2.4025248421821743e-05,5.959778718533926e-06,-5.9597796280286275e-06,2.6321942641516216e-05,-2.6321942641516216e-05,0.00011286076187388971,-0.0001128607545979321],[-0.0004534538311418146,0.0004534539475571364,-0.0009940762538462877,0.0009940763702616096,-0.0001950722944457084,0.0001950723526533693,-0.0005155627732165158,0.0005155628314241767,0.0003283945261500776,-0.00032839440973475575,3.115516301477328e-05,-3.115516301477328e-05,-0.0001442999200662598,0.0001442999200662598,-4.854623330174945e-05,4.85462587676011e-05,-0.00013346306513994932,0.00013346312334761024,-0.00010979647049680352,0.00010979647049680352,0.0002795869077090174,-0.0002795869077090174,-5.5224576499313116e-05,5.5224576499313116e-05,-0.00048740507918410003,0.001487405621446669,-0.000521054957062006,0.000521054957062006,4.248864934197627e-05,-4.248864934197627e-05,8.558928129787091e-06,-8.55892722029239e-06,2.7770291126216762e-05,-2.7770291126216762e-05,2.8315365852904506e-05,-2.831536767189391e-05,4.997203632228775e-06,-4.997203632228775e-06,2.348092311876826e-05,-2.348092311876826e-05,1.0403119631519075e-05,-1.0403119631519075e-05,6.231543011381291e-06,-6.231543011381291e-06,-2.118731936207041e-05,2.1187317543081008e-05,2.3537848392152227e-05,-2.3537846573162824e-05,2.402525205980055e-05,-2.402525205980055e-05,-5.95978099227068e-06,5.959781901765382e-06,-2.6321937184548005e-05,2.6321937184548005e-05,-0.00011286076187388971,0.0001128607545979321],[-3.811322676483542e-05,3.8113328628242016e-05,-0.00023219050490297377,0.00023219060676638037,0.00019765039905905724,-0.00019765036995522678,-0.0007426998927257955,0.0007427000091411173,-0.0003945064381696284,0.0003945062926504761,7.190005271695554e-05,-7.190005271695554e-05,-0.0008355494355782866,0.0008355494355782866,-0.00047999355592764914,0.00047999355592764914,-0.0011920684482902288,0.0011920685647055507,0.0002829728473443538,-0.0002829728473443538,-0.00020803943334612995,0.00020803943334612995,-0.0005807813722640276,0.0005807813722640276,0.0005210548988543451,-0.000521054957062006,0.0048349397256970406,-0.00383493909612298,-0.000105506886029616,0.00010550689330557361,-0.00023399580095428973,0.00023399577185045928,-8.406648703385144e-05,8.40664652059786e-05,-0.0002054807700915262,0.0002054807700915262,-3.400743025849806e-06,3.4007432532234816e-06,-5.102841532789171e-05,5.102840077597648e-05,-0.00011173673556186259,0.00011173673556186259,-6.193192348291632e-06,6.193192348291632e-06,-9.473519457969815e-05,9.473519457969815e-05,-3.480187660898082e-05,3.480187297100201e-05,-0.00012388268078211695,0.00012388268078211695,-3.479284350760281e-05,3.479284350760281e-05,-8.600046567153186e-05,8.600046567153186e-05,-0.00014450847811531276,0.00014450846356339753],[3.811322676483542e-05,-3.811338683590293e-05,0.00023219047579914331,-0.00023219053400680423,-0.00019765039905905724,0.00019765035540331155,0.0007426999509334564,-0.0007427000673487782,0.0003945064381696284,-0.0003945062926504761,-7.190011092461646e-05,7.190011092461646e-05,0.0008355494355782866,-0.0008355494355782866,0.0004799935268238187,-0.0004799935268238187,0.0011920684482902288,-0.0011920685647055507,-0.0002829727600328624,0.0002829727600328624,0.0002080394042422995,-0.0002080394042422995,0.0005807814304716885,-0.0005807814304716885,-0.0005210548988543451,0.000521054957062006,-0.00383493909612298,0.0048349397256970406,0.000105506886029616,-0.00010550689330557361,0.00023399580095428973,-0.00023399577185045928,8.406648703385144e-05,-8.40664652059786e-05,0.0002054807700915262,-0.0002054807700915262,3.400743025849806e-06,-3.4007432532234816e-06,5.102841532789171e-05,-5.102840077597648e-05,0.00011173673556186259,-0.00011173673556186259,6.193192348291632e-06,-6.193192348291632e-06,9.473519457969815e-05,-9.473519457969815e-05,3.480187660898082e-05,-3.480187297100201e-05,0.00012388268078211695,-0.00012388268078211695,3.479284350760281e-05,-3.479284350760281e-05,8.600046567153186e-05,-8.600046567153186e-05,0.00014450847811531276,-0.00014450846356339753],[-0.00018600138719193637,0.00018600132898427546,0.00016642839182168245,-0.00016642828995827585,-5.4938020184636116e-05,5.493804928846657e-05,-0.00011063147394452244,0.00011063148122048005,-0.0002507412573322654,0.0002507412282284349,-0.000300330575555563,0.000300330575555563,-0.00016235571820288897,0.00016235571820288897,-0.0002772410516627133,0.0002772410516627133,-0.0003230990841984749,0.0003230990841984749,-0.00022782654559705406,0.00022782654559705406,0.0002184709592256695,-0.0002184709592256695,-0.0003508967347443104,0.0003508967929519713,-4.248863842803985e-05,4.248864934197627e-05,-0.000105506886029616,0.000105506886029616,0.0015128168743103743,-0.0005128169432282448,0.00018500638543628156,-0.00018500637088436633,0.0002999647695105523,-0.00029996479861438274,0.00018767254368867725,-0.00018767252913676202,-0.00025553067098371685,0.0002555307000875473,0.0002358911733608693,-0.00023589120246469975,0.00010210015170741826,-0.00010210015170741826,-0.0001957841741386801,0.0001957841741386801,-6.219675560714677e-05,6.219675560714677e-05,0.0002047531888820231,-0.0002047531888820231,0.0001446477835997939,-0.0001446477835997939,-0.00016953454178292304,0.00016953454178292304,-1.6937372492975555e-05,1.6937376130954362e-05,1.3808123185299337e-05,-1.380811954732053e-05],[0.00018600138719193637,-0.000186001299880445,-0.0001664284209255129,0.00016642824630253017,5.493805292644538e-05,-5.493804928846657e-05,0.00011063147394452244,-0.00011063149577239528,0.0002507412573322654,-0.0002507412282284349,0.000300330575555563,-0.000300330575555563,0.00016235571820288897,-0.00016235571820288897,0.0002772410516627133,-0.00027724108076654375,0.00032309905509464443,-0.0003230990841984749,0.0002278265601489693,-0.0002278265601489693,-0.0002184709592256695,0.0002184709592256695,0.0003508967347443104,-0.0003508967929519713,4.248863842803985e-05,-4.248864934197627e-05,0.00010550689330557361,-0.00010550689330557361,-0.0005128169432282448,0.001512817107141018,-0.00018500638543628156,0.00018500637088436633,-0.0002999647695105523,0.00029996479861438274,-0.00018767254368867725,0.00018767252913676202,0.00025553067098371685,-0.0002555307000875473,-0.0002358911733608693,0.00023589120246469975,-0.00010210015170741826,0.00010210015170741826,0.0001957841741386801,-0.0001957841741386801,6.219675560714677e-05,-6.219675560714677e-05,-0.0002047531888820231,0.0002047531888820231,-0.0001446477835997939,0.0001446477835997939,0.00016953454178292304,-0.00016953454178292304,1.6937372492975555e-05,-1.6937376130954362e-05,-1.3808123185299337e-05,1.380811954732053e-05],[0.00016554312605876476,-0.0001655432570260018,0.0005070713814347982,-0.0005070713814347982,0.0002173359680455178,-0.00021733599714934826,0.00024482206208631396,-0.0002448220911901444,-2.1729483705712482e-05,2.172947279177606e-05,1.9200680981157348e-05,-1.9200680981157348e-05,0.00016519309428986162,-0.00016519309428986162,-1.8482067389413714e-05,1.8482020095689222e-05,8.306673407787457e-05,-8.306672680191696e-05,-0.0001185720757348463,0.00011857206118293107,0.00012049105134792626,-0.00012049105134792626,-3.0260234780143946e-05,3.0260232961154543e-05,-8.558931767765898e-06,8.558928129787091e-06,-0.00023399580095428973,0.00023399580095428973,0.00018500638543628156,-0.00018500638543628156,0.0011877288343384862,-0.00018772883049678057,0.000131341177620925,-0.000131341177620925,0.00011462124530225992,-0.0001146212307503447,-3.5067660064669326e-05,3.506766370264813e-05,0.00010439171455800533,-0.00010439171455800533,9.819814295042306e-05,-9.819814295042306e-05,-1.9927909306716174e-05,1.9927909306716174e-05,2.144930840586312e-05,-2.144930840586312e-05,9.343605779577047e-05,-9.343605779577047e-05,8.814498141873628e-05,-8.814496686682105e-05,9.936482456396334e-06,-9.936482456396334e-06,3.447121707722545e-05,-3.4471220715204254e-05,4.461134085431695e-05,-4.461134085431695e-05],[-0.00016554312605876476,0.0001655432570260018,-0.0005070713232271373,0.0005070713232271373,-0.0002173359680455178,0.00021733599714934826,-0.00024482206208631396,0.00024482206208631396,2.1729483705712482e-05,-2.1729474610765465e-05,-1.9200680981157348e-05,1.9200680981157348e-05,-0.0001651930797379464,0.0001651930797379464,1.8482067389413714e-05,-1.8482016457710415e-05,-8.306672680191696e-05,8.306671952595934e-05,0.000118572075