{"epoch":0,"H":[[0.04229050129652023,-0.04129049926996231,0.0174418818205595,-0.0174418818205595,0.016438672319054604,-0.016438672319054604,0.011776269413530827,-0.011776268482208252,0.012644964270293713,-0.012644963338971138,0.002090159570798278,-0.002090158872306347,0.003275811206549406,-0.0032758109737187624,0.005740400869399309,-0.0057404013350605965,-0.004919634200632572,0.004919634200632572,0.007104243151843548,-0.007104243151843548,-0.0018907003104686737,0.0018907005432993174,0.006017027422785759,-0.006017026957124472,-0.002190914936363697,0.0021909151691943407,0.00020404631504788995,-0.00020404625684022903,-8.064289431786165e-05,8.064266148721799e-05,-0.0006670495495200157,0.0006670495495200157,1.4013872714713216e-05,-1.4013712643645704e-05,-0.00025479940813966095,0.00025479929172433913,-0.0009464692557230592,0.0009464692557230592,0.00020196691912133247,-0.00020196715195197612,0.0013863833155483007,-0.0013863833155483007,-6.710132583975792e-05,6.710138404741883e-05,0.003330440726131201,-0.003330440726131201,0.00020087123266421258,-0.00020087137818336487,0.0005275264265947044,-0.0005275263683870435,0.0009841157589107752,-0.0009841156424954534,0.0015212269499897957,-0.0015212270664051175,0.0009364007273688912,-0.0009364007273688912],[-0.04129049926996231,0.04229050129652023,-0.0174418818205595,0.0174418818205595,-0.016438672319054604,0.016438672319054604,-0.011776269413530827,0.011776268482208252,-0.012644964270293713,0.012644963338971138,-0.002090159570798278,0.002090158872306347,-0.003275811206549406,0.0032758109737187624,-0.005740400869399309,0.0057404013350605965,0.004919634200632572,-0.004919634200632572,-0.007104243151843548,0.007104243151843548,0.0018907003104686737,-0.0018907005432993174,-0.006017027422785759,0.006017026957124472,0.002190914936363697,-0.0021909151691943407,-0.00020404631504788995,0.00020404625684022903,8.064289431786165e-05,-8.064266148721799e-05,0.0006670495495200157,-0.0006670495495200157,-1.4013872714713216e-05,1.4013712643645704e-05,0.00025479940813966095,-0.00025479929172433913,0.0009464692557230592,-0.0009464692557230592,-0.00020196691912133247,0.00020196715195197612,-0.0013863833155483007,0.0013863833155483007,6.710132583975792e-05,-6.710138404741883e-05,-0.003330440726131201,0.003330440726131201,-0.00020087123266421258,0.00020087137818336487,-0.0005275264265947044,0.0005275263683870435,-0.0009841157589107752,0.0009841156424954534,-0.0015212269499897957,0.0015212270664051175,-0.0009364007273688912,0.0009364007273688912],[0.0174418818205595,-0.0174418818205595,0.038953542709350586,-0.03795354440808296,0.004195920657366514,-0.0041959211230278015,0.01005267258733511,-0.01005267258733511,0.012117445468902588,-0.012117444537580013,-0.0006547773373313248,0.0006547784432768822,0.0063179051503539085,-0.0063179051503539085,-0.0016365483170375228,0.0016365486662834883,0.0026104699354618788,-0.002610470401123166,0.003487881738692522,-0.0034878812730312347,0.000632449344266206,-0.0006324492860585451,0.0016612459439784288,-0.0016612461768090725,0.0005738366162404418,-0.00057383649982512,4.0060956962406635e-05,-4.006107337772846e-05,-0.0011629960499703884,0.0011629958171397448,-0.0015628307592123747,0.0015628306427970529,-0.00016374308324884623,0.0001637431705603376,-0.0002564010501373559,0.00025640116655267775,-4.125270061194897e-05,4.125270061194897e-05,4.0238810470327735e-05,-4.023892688564956e-05,0.0006474212277680635,-0.0006474212277680635,0.0018407655879855156,-0.0018407655879855156,0.0016595156630501151,-0.0016595155466347933,0.0005124113522469997,-0.0005124113522469997,0.00012072392564732581,-0.0001207239183713682,0.0017485967837274075,-0.0017485966673120856,0.001431126962415874,-0.001431126962415874,0.00176710425876081,-0.0017671043751761317],[-0.0174418818205595,0.0174418818205595,-0.03795354440808296,0.038953542709350586,-0.004195920657366514,0.0041959211230278015,-0.01005267258733511,0.01005267258733511,-0.012117445468902588,0.012117444537580013,0.0006547773373313248,-0.0006547784432768822,-0.0063179051503539085,0.0063179051503539085,0.0016365483170375228,-0.0016365486662834883,-0.0026104699354618788,0.002610470401123166,-0.003487881738692522,0.0034878812730312347,-0.000632449344266206,0.0006324492860585451,-0.0016612459439784288,0.0016612461768090725,-0.0005738366162404418,0.00057383649982512,-4.0060956962406635e-05,4.006107337772846e-05,0.0011629960499703884,-0.0011629958171397448,0.0015628307592123747,-0.0015628306427970529,0.00016374308324884623,-0.0001637431705603376,0.0002564010501373559,-0.00025640116655267775,4.125270061194897e-05,-4.125270061194897e-05,-4.0238810470327735e-05,4.023892688564956e-05,-0.0006474212277680635,0.0006474212277680635,-0.0018407655879855156,0.0018407655879855156,-0.0016595156630501151,0.0016595155466347933,-0.0005124113522469997,0.0005124113522469997,-0.00012072392564732581,0.0001207239183713682,-0.0017485967837274075,0.0017485966673120856,-0.001431126962415874,0.001431126962415874,-0.00176710425876081,0.0017671043751761317],[0.016438672319054604,-0.016438672319054604,0.004195920657366514,-0.004195920657366514,0.022576896473765373,-0.02157689817249775,0.007170976605266333,-0.007170976139605045,0.0024305167607963085,-0.0024305167607963085,0.0022942775394767523,-0.0022942768409848213,0.0006779817049391568,-0.0006779817631468177,0.0016421563923358917,-0.001642156159505248,-0.0051209330558776855,0.005120932124555111,0.002562393434345722,-0.002562393434345722,-0.00045319792116060853,0.0004531981539912522,0.0018247771076858044,-0.0018247771076858044,-0.002335366327315569,0.002335366327315569,6.316037615761161e-05,-6.31601142231375e-05,0.0010857012821361423,-0.0010857012821361423,-8.629015064798295e-05,8.629013609606773e-05,0.00044633480138145387,-0.00044633480138145387,9.601732017472386e-05,-9.601732017472386e-05,-0.0010361388558521867,0.0010361389722675085,0.0006512318504974246,-0.0006512319087050855,0.0005494462675414979,-0.0005494462675414979,-0.0006374592194333673,0.0006374592194333673,0.0019253287464380264,-0.0019253287464380264,0.00045592550304718316,-0.00045592550304718316,0.00028904591454192996,-0.0002890459436457604,0.00015164933574851602,-0.00015164933574851602,-0.0001534992188680917,0.0001534992625238374,-0.0003811862552538514,0.00038118637166917324],[-0.016438672319054604,0.016438672319054604,-0.0041959211230278015,0.0041959211230278015,-0.02157689817249775,0.02257690019905567,-0.00717097707092762,0.007170976139605045,-0.002430517924949527,0.002430517692118883,-0.0022942775394767523,0.0022942768409848213,-0.0006779820541851223,0.0006779823452234268,-0.0016421563923358917,0.0016421566251665354,0.005120929330587387,-0.005120929796248674,-0.0025623939000070095,0.002562394132837653,0.00045319792116060853,-0.0004531981539912522,-0.0018247778061777353,0.0018247778061777353,0.002335365628823638,-0.0023353658616542816,-6.316072540357709e-05,6.316071085166186e-05,-0.001085701398551464,0.001085701514966786,8.629039075458422e-05,-8.629043441032991e-05,-0.00044633468496613204,0.00044633462675847113,-9.60172328632325e-05,9.60172328632325e-05,0.0010361392050981522,-0.0010361394379287958,-0.0006512319669127464,0.0006512319669127464,-0.0005494463257491589,0.0005494463257491589,0.0006374591030180454,-0.0006374591030180454,-0.0019253287464380264,0.0019253287464380264,-0.0004559254739433527,0.0004559254739433527,-0.00028904585633426905,0.0002890458854380995,-0.00015164924843702465,0.0001516492775408551,0.0001534991170046851,-0.00015349920431617647,0.00038118648808449507,-0.00038118642987683415],[0.011776269413530827,-0.011776269413530827,0.01005267258733511,-0.01005267258733511,0.007170976605266333,-0.00717097707092762,0.01230765413492918,-0.01130765676498413,-0.002100457902997732,0.002100458135828376,-0.0015068697975948453,0.0015068697975948453,-0.0002044255961664021,0.00020442542154341936,5.1103183068335056e-05,-5.1103183068335056e-05,-0.0012412985088303685,0.0012412985088303685,0.0014358963817358017,-0.001435896847397089,0.0002306198439328,-0.00023061996034812182,0.0028140307404100895,-0.0028140307404100895,-0.0009919488802552223,0.0009919488802552223,-2.257338201161474e-05,2.2573440219275653e-05,-0.00069107033777982,0.00069107033777982,-0.0011633442481979728,0.0011633443646132946,-0.00036520606954582036,0.0003652060404419899,9.174855949822813e-05,-9.174855949822813e-05,-0.0023389174602925777,0.0023389174602925777,-0.0003252108581364155,0.0003252108581364155,0.0005799905629828572,-0.0005799903883598745,-0.0009493247489444911,0.0009493248071521521,0.0009453917155042291,-0.0009453917155042291,-0.00016861280892044306,0.00016861283802427351,2.3530155885964632e-05,-2.3530261387350038e-05,0.0003419933491386473,-0.00034199326182715595,-0.0008598374552093446,0.0008598374552093446,3.451826341915876e-05,-3.451820521149784e-05],[-0.011776268482208252,0.011776268482208252,-0.01005267258733511,0.01005267258733511,-0.007170976139605045,0.007170976139605045,-0.01130765676498413,0.012307653203606606,0.002100457437336445,-0.002100457437336445,0.001506870030425489,-0.0015068701468408108,0.0002044247230514884,-0.0002044247812591493,-5.1103183068335056e-05,5.1103183068335056e-05,0.0012412979267537594,-0.0012412980431690812,-0.0014358971966430545,0.0014358973130583763,-0.00023061966930981725,0.00023061950923874974,-0.002814030274748802,0.002814030274748802,0.0009919487638399005,-0.0009919486474245787,2.2573440219275653e-05,-2.2573323803953826e-05,0.0006910701631568372,-0.0006910701631568372,0.0011633445974439383,-0.0011633444810286164,0.00036520601133815944,-0.000365205982234329,-9.174850129056722e-05,9.174850856652483e-05,0.002338917227461934,-0.002338917227461934,0.0003252110327593982,-0.0003252110327593982,-0.0005799905047751963,0.0005799904465675354,0.0009493243996985257,-0.0009493244579061866,-0.0009453917155042291,0.0009453917155042291,0.0001686128816800192,-0.0001686128816800192,-2.353010859224014e-05,2.3530163161922246e-05,-0.00034199332003481686,0.0003419931745156646,0.0008598376880399883,-0.0008598376880399883,-3.451805969234556e-05,3.451811790000647e-05],[0.012644964270293713,-0.012644964270293713,0.012117445468902588,-0.012117445468902588,0.0024305167607963085,-0.002430517924949527,-0.002100457902997732,0.002100457437336445,0.012009031139314175,-0.011009031906723976,0.0006693403120152652,-0.0006693397299386561,0.00011051102774217725,-0.00011051096953451633,0.0031635486520826817,-0.0031635488849133253,0.0027909069322049618,-0.002790906699374318,0.0029725530184805393,-0.0029725530184805393,0.00010800437303259969,-0.00010800434392876923,0.0022763859014958143,-0.0022763859014958143,0.002448013983666897,-0.002448013983666897,0.003724339883774519,-0.0037243401166051626,-0.001092216931283474,0.0010922170476987958,-0.001445571193471551,0.001445571193471551,-0.0006445308681577444,0.0006445308681577444,0.00019123371748719364,-0.0001912336883833632,-0.00029790971893817186,0.00029790971893817186,-0.0001828435342758894,0.0001828435342758894,0.00015222324873320758,-0.00015222319052554667,0.0005465417634695768,-0.0005465417634695768,0.0005294493748806417,-0.0005294493748806417,-0.00043792801443487406,0.00043792795622721314,-0.0001584889687364921,0.00015848895418457687,-0.0002849443117156625,0.00028494425350800157,0.0010030358098447323,-0.0010030358098447323,-0.00040535139851272106,0.00040535139851272106],[-0.012644963338971138,0.012644963338971138,-0.012117444537580013,0.012117444537580013,-0.0024305167607963085,0.002430517692118883,0.002100458135828376,-0.002100457437336445,-0.011009031906723976,0.012009033001959324,-0.0006693403120152652,0.0006693397299386561,-0.00011051102774217725,0.00011051096953451633,-0.0031635486520826817,0.0031635488849133253,-0.0027909069322049618,0.002790906699374318,-0.0029725530184805393,0.0029725530184805393,-0.00010800437303259969,0.00010800434392876923,-0.0022763859014958143,0.0022763859014958143,-0.002448013983666897,0.002448013983666897,-0.003724339883774519,0.0037243401166051626,0.001092216931283474,-0.0010922170476987958,0.001445571193471551,-0.001445571193471551,0.0006445308681577444,-0.0006445308681577444,-0.00019123371748719364,0.0001912336883833632,0.00029790971893817186,-0.00029790971893817186,0.0001828435342758894,-0.0001828435342758894,-0.00015222324873320758,0.00015222319052554667,-0.0005465417634695768,0.0005465417634695768,-0.0005294493748806417,0.0005294493748806417,0.00043792801443487406,-0.00043792795622721314,0.0001584889687364921,-0.00015848895418457687,0.0002849443117156625,-0.00028494425350800157,-0.0010030358098447323,0.0010030358098447323,0.00040535139851272106,-0.00040535139851272106],[0.002090159570798278,-0.002090159570798278,-0.0006547773373313248,0.0006547773373313248,0.0022942775394767523,-0.0022942775394767523,-0.0015068697975948453,0.001506870030425489,0.0006693403120152652,-0.0006693403120152652,0.005628344137221575,-0.004628343507647514,-0.0006097885780036449,0.0006097885780036449,-0.00020948826568201184,0.00020948828023392707,0.001274649053812027,-0.0012746491702273488,-0.0003384733572602272,0.00033847306622192264,0.0016466090455651283,-0.0016466088127344847,-0.0014927495503798127,0.0014927496667951345,0.0012611865531653166,-0.0012611865531653166,-0.00026951436302624643,0.0002695145085453987,0.0008522862917743623,-0.0008522862335667014,0.00015061184240039438,-0.00015061181329656392,0.0005313519504852593,-0.0005313520669005811,0.0008965249289758503,-0.0008965248707681894,0.00035183399450033903,-0.0003518339362926781,0.0003506770299281925,-0.0003506770881358534,0.0008401550003327429,-0.0008401550003327429,0.0005500995321199298,-0.0005500995321199298,0.001212582690641284,-0.001212582690641284,0.00024009699700400233,-0.00024009699700400233,0.00046784296864643693,-0.00046784296864643693,0.0006876803818158805,-0.0006876803236082196,0.00036859451211057603,-0.00036859451211057603,0.00020295821013860404,-0.0002029582828981802],[-0.002090158872306347,0.002090158872306347,0.0006547784432768822,-0.0006547784432768822,-0.0022942768409848213,0.0022942768409848213,0.0015068697975948453,-0.0015068701468408108,-0.0006693397299386561,0.0006693397299386561,-0.004628343507647514,0.005628345068544149,0.0006097889272496104,-0.0006097888108342886,0.00020948858582414687,-0.00020948854216840118,-0.001274648355320096,0.001274648355320096,0.000338473153533414,-0.0003384730371180922,-0.0016466086963191628,0.0016466081142425537,0.0014927496667951345,-0.0014927496667951345,-0.0012611865531653166,0.0012611865531653166,0.000269514974206686,-0.0002695151197258383,-0.0008522862917743623,0.0008522863499820232,-0.00015061158046592027,0.00015061156591400504,-0.000531352125108242,0.0005313520669005811,-0.0008965249871835113,0.0008965249871835113,-0.0003518338780850172,0.0003518338198773563,-0.0003506770299281925,0.0003506770299281925,-0.0008401547675020993,0.0008401548257097602,-0.000550099415704608,0.000550099415704608,-0.0012125822249799967,0.0012125822249799967,-0.00024009690969251096,0.00024009699700400233,-0.00046784302685409784,0.00046784296864643693,-0.0006876803818158805,0.0006876803818158805,-0.00036859442479908466,0.00036859442479908466,-0.00020295809372328222,0.00020295810827519745],[0.003275811206549406,-0.003275811206549406,0.0063179051503539085,-0.0063179051503539085,0.0006779817049391568,-0.0006779820541851223,-0.0002044255961664021,0.0002044247230514884,0.00011051102774217725,-0.00011051102774217725,-0.0006097885780036449,0.0006097889272496104,0.007235614117234945,-0.006235612090677023,0.004955447278916836,-0.0049554468132555485,0.005124188493937254,-0.005124188493937254,0.0012525839265435934,-0.0012525840429589152,-0.00012014312960673124,0.00012014303501928225,0.0012998051242902875,-0.0012998051242902875,-0.0020117680542171,0.0020117680542171,0.0023713719565421343,-0.0023713719565421343,0.00010270312486682087,-0.00010270306665915996,0.0008833449683152139,-0.0008833450265228748,0.00011834813631139696,-0.0001183481581392698,-1.0927804396487772e-05,1.0927687981165946e-05,-0.0004049497074447572,0.0004049497074447572,0.0003201229847036302,-0.0003201229847036302,-0.00014249642845243216,0.00014249631203711033,-0.000713901303242892,0.000713901303242892,-0.0008247043006122112,0.0008247043006122112,0.0002768581034615636,-0.0002768581034615636,0.00010489139094715938,-0.0001048913472914137,-0.0004978658398613334,0.0004978659562766552,-0.001320732175372541,0.001320732175372541,-0.000503207091242075,0.000503207033034414],[-0.0032758109737187624,0.0032758109737187624,-0.0063179051503539085,0.0063179051503539085,-0.0006779817631468177,0.0006779823452234268,0.00020442542154341936,-0.0002044247812591493,-0.00011051096953451633,0.00011051096953451633,0.0006097885780036449,-0.0006097888108342886,-0.006235612090677023,0.007235612720251083,-0.004955447278916836,0.0049554468132555485,-0.005124188493937254,0.005124188493937254,-0.0012525839265435934,0.0012525840429589152,0.00012014312960673124,-0.00012014303501928225,-0.0012998051242902875,0.0012998051242902875,0.0020117680542171,-0.0020117680542171,-0.0023713719565421343,0.0023713719565421343,-0.00010270312486682087,0.00010270306665915996,-0.0008833449683152139,0.0008833450265228748,-0.00011834813631139696,0.0001183481581392698,1.0927804396487772e-05,-1.0927687981165946e-05,0.0004049497074447572,-0.0004049497074447572,-0.0003201229847036302,0.0003201229847036302,0.00014249642845243216,-0.00014249631203711033,0.000713901303242892,-0.000713901303242892,0.0008247043006122112,-0.0008247043006122112,-0.0002768581034615636,0.0002768581034615636,-0.00010489139094715938,0.0001048913472914137,0.0004978658398613334,-0.0004978659562766552,0.001320732175372541,-0.001320732175372541,0.000503207091242075,-0.000503207033034414],[0.005740400869399309,-0.005740400869399309,-0.0016365483170375228,0.0016365483170375228,0.0016421563923358917,-0.0016421563923358917,5.1103183068335056e-05,-5.1103183068335056e-05,0.0031635486520826817,-0.0031635486520826817,-0.00020948826568201184,0.00020948858582414687,0.004955447278916836,-0.004955447278916836,0.015714196488261223,-0.014714195393025875,0.007565125823020935,-0.007565125357359648,0.005577926058322191,-0.0055779265239834785,-0.000983690726570785,0.000983690726570785,0.002521301619708538,-0.002521301619708538,1.053407322615385e-05,-1.0534131433814764e-05,0.005003153346478939,-0.005003153346478939,-9.99953190330416e-05,9.999537724070251e-05,0.0002001255052164197,-0.0002001255052164197,-0.00025992270093411207,0.00025992258451879025,-0.00011904998973477632,0.00011905000428669155,0.0012486294144764543,-0.0012486294144764543,9.21451355679892e-05,-9.214512829203159e-05,0.002116304589435458,-0.0021163043566048145,0.0006323072593659163,-0.0006323072593659163,0.0007528241258114576,-0.0007528241258114576,-6.1503924371209e-05,6.150398257886991e-05,6.079901504563168e-05,-6.079896411392838e-05,-0.00034390477230772376,0.00034390465589240193,0.0007927606347948313,-0.0007927607512101531,0.0006619520136155188,-0.0006619520718231797],[-0.0057404013350605965,0.0057404013350605965,0.0016365486662834883,-0.0016365486662834883,-0.001642156159505248,0.0016421566251665354,-5.1103183068335056e-05,5.1103183068335056e-05,-0.0031635488849133253,0.0031635488849133253,0.00020948828023392707,-0.00020948854216840118,-0.0049554468132555485,0.0049554468132555485,-0.014714195393025875,0.015714196488261223,-0.007565125823020935,0.007565125357359648,-0.005577926058322191,0.0055779265239834785,0.000983690726570785,-0.000983690726570785,-0.002521301619708538,0.002521301619708538,-1.053407322615385e-05,1.0534131433814764e-05,-0.005003153346478939,0.005003153346478939,9.99953190330416e-05,-9.999537724070251e-05,-0.0002001255052164197,0.0002001255052164197,0.00025992270093411207,-0.00025992258451879025,0.00011904998973477632,-0.00011905000428669155,-0.0012486294144764543,0.0012486294144764543,-9.21451355679892e-05,9.214512829203159e-05,-0.002116304589435458,0.0021163043566048145,-0.0006323072593659163,0.0006323072593659163,-0.0007528241258114576,0.0007528241258114576,6.1503924371209e-05,-6.150398257886991e-05,-6.079901504563168e-05,6.079896411392838e-05,0.00034390477230772376,-0.00034390465589240193,-0.0007927606347948313,0.0007927607512101531,-0.0006619520136155188,0.0006619520718231797],[-0.004919634200632572,0.004919634200632572,0.0026104699354618788,-0.0026104699354618788,-0.0051209330558776855,0.005120929330587387,-0.0012412985088303685,0.0012412979267537594,0.0027909069322049618,-0.0027909069322049618,0.001274649053812027,-0.001274648355320096,0.005124188493937254,-0.005124188493937254,0.007565125823020935,-0.007565125823020935,0.01623079739511013,-0.015230797231197357,0.0018560860771685839,-0.0018560860771685839,-0.0003536634612828493,0.00035366369411349297,0.0020093340426683426,-0.0020093342754989862,-0.0012239661300554872,0.0012239660136401653,0.0026489323936402798,-0.0026489323936402798,0.0002649048692546785,-0.0002649049274623394,-0.001366614829748869,0.001366614829748869,6.920859595993534e-05,-6.920859595993534e-05,-0.0006493451073765755,0.0006493451073765755,0.0020060259848833084,-0.0020060259848833084,0.00011681426258292049,-0.00011681443720590323,0.0008640172891318798,-0.0008640172309242189,0.0013067381223663688,-0.0013067381223663688,0.0030326126143336296,-0.0030326126143336296,0.0002131808432750404,-0.0002131809014827013,-0.0005007176077924669,0.000500717491377145,0.0002661077887751162,-0.0002661077887751162,0.001735188881866634,-0.001735188881866634,0.0012439775746315718,-0.0012439778074622154],[0.004919634200632572,-0.004919634200632572,-0.002610470401123166,0.002610470401123166,0.005120932124555111,-0.005120929796248674,0.0012412985088303685,-0.0012412980431690812,-0.002790906699374318,0.002790906699374318,-0.0012746491702273488,0.001274648355320096,-0.005124188493937254,0.005124188493937254,-0.007565125357359648,0.007565125357359648,-0.015230797231197357,0.01623079553246498,-0.0018560864264145494,0.0018560864264145494,0.00035366363590583205,-0.0003536636650096625,-0.0020093347411602736,0.0020093347411602736,0.001223966246470809,-0.001223966246470809,-0.0026489319279789925,0.0026489323936402798,-0.00026490521850064397,0.00026490504387766123,0.001366615411825478,-0.001366615411825478,-6.920868327142671e-05,6.920853775227442e-05,0.0006493451073765755,-0.0006493451073765755,-0.0020060259848833084,0.0020060259848833084,-0.00011681421165121719,0.00011681409523589537,-0.0008640170563012362,0.0008640171145088971,-0.0013067382387816906,0.0013067382387816906,-0.0030326121486723423,0.0030326121486723423,-0.0002131809014827013,0.0002131809014827013,0.0005007176660001278,-0.0005007177242077887,-0.0002661078469827771,0.0002661078469827771,-0.001735188765451312,0.001735188765451312,-0.0012439773418009281,0.0012439775746315718],[0.007104243151843548,-0.007104243151843548,0.003487881738692522,-0.003487881738692522,0.002562393434345722,-0.0025623939000070095,0.0014358963817358017,-0.0014358971966430545,0.0029725530184805393,-0.0029725530184805393,-0.0003384733572602272,0.000338473153533414,0.0012525839265435934,-0.0012525839265435934,0.005577926058322191,-0.005577926058322191,0.0018560860771685839,-0.0018560864264145494,0.009055120870471,-0.008055122569203377,-0.0012747026048600674,0.0012747027212753892,0.002948732115328312,-0.0029487318824976683,-0.0003284395206719637,0.0003284394624643028,0.0013433893909677863,-0.0013433893909677863,-0.0001830814144341275,0.00018308129801880568,-0.0010351795936003327,0.0010351795936003327,-0.0003366235177963972,0.0003366235760040581,-0.0005940870032645762,0.0005940870614722371,0.0002973951050080359,-0.00029739507590420544,-0.00010998579091392457,0.00010998579091392457,0.00015637686010450125,-0.00015637680189684033,0.0003547539818100631,-0.0003547539818100631,0.000756018387619406,-0.0007560184458270669,-6.062088505132124e-05,6.062088505132124e-05,-6.463447061832994e-05,6.46344997221604e-05,0.0001281740260310471,-0.00012817414244636893,0.0009751559118740261,-0.0009751558536663651,0.0016126278787851334,-0.0016126278787851334],[-0.007104243151843548,0.007104243151843548,-0.0034878812730312347,0.0034878812730312347,-0.002562393434345722,0.002562394132837653,-0.001435896847397089,0.0014358973130583763,-0.0029725530184805393,0.0029725530184805393,0.00033847306622192264,-0.0003384730371180922,-0.0012525840429589152,0.0012525840429589152,-0.0055779265239834785,0.0055779265239834785,-0.0018560860771685839,0.0018560864264145494,-0.008055122569203377,0.009055120870471,0.0012747026048600674,-0.001274702837690711,-0.002948732115328312,0.002948732115328312,0.0003284393169451505,-0.0003284391714259982,-0.0013433897402137518,0.0013433897402137518,0.00018308137077838182,-0.0001830813125707209,0.0010351797100156546,-0.0010351797100156546,0.00033662348869256675,-0.0003366235177963972,0.000594087119679898,-0.0005940871778875589,-0.00029739513411186635,0.0002973951050080359,0.0001099858054658398,-0.0001099858054658398,-0.00015637680189684033,0.00015637677279300988,-0.0003547542146407068,0.0003547542728483677,-0.0007560185040347278,0.0007560185040347278,6.0620815929723904e-05,-6.0620877775363624e-05,6.463455792982131e-05,-6.463461613748223e-05,-0.0001281740260310471,0.0001281740260310471,-0.000975155970081687,0.0009751557954587042,-0.001612628111615777,0.0016126282280310988],[-0.0018907003104686737,0.0018907003104686737,0.000632449344266206,-0.000632449344266206,-0.00045319792116060853,0.00045319792116060853,0.0002306198439328,-0.00023061966930981725,0.00010800437303259969,-0.00010800437303259969,0.0016466090455651283,-0.0016466086963191628,-0.00012014312960673124,0.00012014312960673124,-0.000983690726570785,0.000983690726570785,-0.0003536634612828493,0.00035366363590583205,-0.0012747026048600674,0.0012747026048600674,0.0029004125390201807,-0.0019004115602001548,-0.0005620199954137206,0.0005620200536213815,0.0006668409332633018,-0.0006668409332633018,0.00024485026369802654,-0.0002448502345941961,0.001011177315376699,-0.0010111774317920208,0.0008479517418891191,-0.0008479517418891191,0.0005942459683865309,-0.0005942459683865309,0.0003832257934845984,-0.0003832257934845984,-0.0002976954565383494,0.00029769548564217985,0.0004294305690564215,-0.0004294305690564215,0.00012379727559164166,-0.00012379731924738735,-0.00010693845251807943,0.00010693848162190989,0.0009253456373699009,-0.00092534557916224,0.00038371648406609893,-0.00038371648406609893,0.00023490181774832308,-0.00023490181774832308,0.00011359105701558292,-0.00011359105701558292,-0.00013463268987834454,0.0001346326753264293,0.0001643174036871642,-0.00016431743279099464],[0.0018907005432993174,-0.0018907005432993174,-0.0006324492860585451,0.0006324492860585451,0.0004531981539912522,-0.0004531981539912522,-0.00023061996034812182,0.00023061950923874974,-0.00010800434392876923,0.00010800434392876923,-0.0016466088127344847,0.0016466081142425537,0.00012014303501928225,-0.00012014303501928225,0.000983690726570785,-0.000983690726570785,0.00035366369411349297,-0.0003536636650096625,0.0012747027212753892,-0.001274702837690711,-0.0019004115602001548,0.0029004127718508244,0.0005620201118290424,-0.0005620201118290424,-0.0006668408750556409,0.0006668409332633018,-0.0002448499435558915,0.00024484997265972197,-0.0010111768497154117,0.0010111769661307335,-0.0008479517418891191,0.0008479518000967801,-0.000594245851971209,0.000594245851971209,-0.0003832257934845984,0.0003832258516922593,0.00029769563116133213,-0.00029769563116133213,-0.0004294306563679129,0.00042943068547174335,-0.00012379720283206552,0.00012379721738398075,0.00010693845979403704,-0.00010693848162190989,-0.0009253454045392573,0.0009253453463315964,-0.000383716425858438,0.000383716425858438,-0.00023490178864449263,0.00023490180319640785,-0.00011359088239260018,0.00011359091149643064,0.00013463289360515773,-0.00013463290815707296,-0.0001643174036871642,0.0001643174036871642],[0.006017027422785759,-0.006017027422785759,0.0016612459439784288,-0.0016612459439784288,0.0018247771076858044,-0.0018247778061777353,0.0028140307404100895,-0.002814030274748802,0.0022763859014958143,-0.0022763859014958143,-0.0014927495503798127,0.0014927496667951345,0.0012998051242902875,-0.0012998051242902875,0.002521301619708538,-0.002521301619708538,0.0020093340426683426,-0.0020093347411602736,0.002948732115328312,-0.002948732115328312,-0.0005620199954137206,0.0005620201118290424,0.0041841380298137665,-0.0031841378659009933,-0.0005341155920177698,0.0005341155338101089,0.0019429115345701575,-0.0019429114181548357,0.00016281759599223733,-0.0001628174795769155,-0.0005152786034159362,0.0005152786034159362,0.00017119398398790509,-0.0001711938384687528,0.00018937693675979972,-0.00018937693675979972,0.0016793578397482634,-0.0016793578397482634,1.8691353034228086e-06,-1.8691644072532654e-06,-0.0002501925628166646,0.0002501925628166646,0.00044046167749911547,-0.00044046167749911547,0.00018326779536437243,-0.00018326773715671152,4.477218317333609e-05,-4.4772241380997e-05,1.4622215530835092e-05,-1.4622200978919864e-05,0.00020504680287558585,-0.000205046875635162,0.0007920495118014514,-0.0007920495700091124,0.001254173694178462,-0.001254173694178462],[-0.006017026957124472,0.006017026957124472,-0.0016612461768090725,0.0016612461768090725,-0.0018247771076858044,0.0018247778061777353,-0.0028140307404100895,0.002814030274748802,-0.0022763859014958143,0.0022763859014958143,0.0014927496667951345,-0.0014927496667951345,-0.0012998051242902875,0.0012998051242902875,-0.002521301619708538,0.002521301619708538,-0.0020093342754989862,0.0020093347411602736,-0.0029487318824976683,0.002948732115328312,0.0005620200536213815,-0.0005620201118290424,-0.0031841378659009933,0.004184138961136341,0.0005341155920177698,-0.0005341155338101089,-0.0019429115345701575,0.0019429114181548357,-0.00016281759599223733,0.0001628174795769155,0.0005152786034159362,-0.0005152786034159362,-0.00017119398398790509,0.0001711938384687528,-0.00018937693675979972,0.00018937693675979972,-0.0016793578397482634,0.0016793578397482634,-1.8691353034228086e-06,1.8691644072532654e-06,0.0002501925628166646,-0.0002501925628166646,-0.00044046167749911547,0.00044046167749911547,-0.00018326779536437243,0.00018326773715671152,-4.477218317333609e-05,4.4772241380997e-05,-1.4622215530835092e-05,1.4622200978919864e-05,-0.00020504680287558585,0.000205046875635162,-0.0007920495118014514,0.0007920495700091124,-0.001254173694178462,0.001254173694178462],[-0.002190914936363697,0.002190914936363697,0.0005738366162404418,-0.0005738366162404418,-0.002335366327315569,0.002335365628823638,-0.0009919488802552223,0.0009919487638399005,0.002448013983666897,-0.002448013983666897,0.0012611865531653166,-0.0012611865531653166,-0.0020117680542171,0.0020117680542171,1.053407322615385e-05,-1.053407322615385e-05,-0.0012239661300554872,0.001223966246470809,-0.0003284395206719637,0.0003284393169451505,0.0006668409332633018,-0.0006668408750556409,-0.0005341155920177698,0.0005341155920177698,0.009139524772763252,-0.008139524608850479,-0.000122273966553621,0.000122273966553621,-0.00037072988925501704,0.00037072994746267796,-0.0004267868062015623,0.00042678683530539274,0.00013317515549715608,-0.00013317514094524086,0.0005195706035010517,-0.0005195706035010517,9.686317935120314e-05,-9.686312841949984e-05,-0.00024579110322520137,0.00024579110322520137,-0.0006406083703041077,0.0006406083120964468,-0.0005968083278276026,0.0005968083860352635,9.780533582670614e-05,-9.780526306713e-05,-5.937755850027315e-05,5.937756213825196e-05,0.0001501362130511552,-0.0001501362130511552,0.0002694981812965125,-0.00026949826860800385,0.000607148336712271,-0.0006071483949199319,0.001537518808618188,-0.0015375189250335097],[0.0021909151691943407,-0.0021909151691943407,-0.00057383649982512,0.00057383649982512,0.002335366327315569,-0.0023353658616542816,0.0009919488802552223,-0.0009919486474245787,-0.002448013983666897,0.002448013983666897,-0.0012611865531653166,0.0012611865531653166,0.0020117680542171,-0.0020117680542171,-1.0534131433814764e-05,1.0534131433814764e-05,0.0012239660136401653,-0.001223966246470809,0.0003284394624643028,-0.0003284391714259982,-0.0006668409332633018,0.0006668409332633018,0.0005341155338101089,-0.0005341155338101089,-0.008139524608850479,0.009139524772763252,0.000122273966553621,-0.000122273966553621,0.00037072988925501704,-0.00037072994746267796,0.0004267868062015623,-0.00042678683530539274,-0.00013317515549715608,0.00013317514094524086,-0.0005195706035010517,0.0005195706035010517,-9.686317935120314e-05,9.686312841949984e-05,0.00024579110322520137,-0.00024579110322520137,0.0006406083703041077,-0.0006406083120964468,0.0005968083278276026,-0.0005968083860352635,-9.780533582670614e-05,9.780526306713e-05,5.937755850027315e-05,-5.937756213825196e-05,-0.0001501362130511552,0.0001501362130511552,-0.0002694981812965125,0.00026949826860800385,-0.000607148336712271,0.0006071483949199319,-0.001537518808618188,0.0015375189250335097],[0.00020404631504788995,-0.00020404631504788995,4.0060956962406635e-05,-4.0060956962406635e-05,6.316037615761161e-05,-6.316072540357709e-05,-2.257338201161474e-05,2.2573440219275653e-05,0.003724339883774519,-0.003724339883774519,-0.00026951436302624643,0.000269514974206686,0.0023713719565421343,-0.0023713719565421343,0.005003153346478939,-0.005003153346478939,0.0026489323936402798,-0.0026489319279789925,0.0013433893909677863,-0.0013433897402137518,0.00024485026369802654,-0.0002448499435558915,0.0019429115345701575,-0.0019429115345701575,-0.000122273966553621,0.000122273966553621,0.007307903841137886,-0.006307902745902538,-0.0001714046811684966,0.00017140485579147935,0.001118914457038045,-0.001118914457038045,-0.00018773908959701657,0.00018773916235659271,-0.0003025585028808564,0.00030255853198468685,0.00012606626842170954,-0.00012606632662937045,-0.00027617134037427604,0.0002761713694781065,0.0011959851253777742,-0.0011959851253777742,0.00046774442307651043,-0.00046774442307651043,0.0015904748579487205,-0.0015904748579487205,-0.0002675491268746555,0.00026754915597848594,-8.236774010583758e-05,8.23677473817952e-05,0.000202446011826396,-0.00020244577899575233,0.0010117730125784874,-0.0010117730125784874,0.000931672693695873,-0.000931672693695873],[-0.00020404625684022903,0.00020404625684022903,-4.006107337772846e-05,4.006107337772846e-05,-6.31601142231375e-05,6.316071085166186e-05,2.2573440219275653e-05,-2.2573323803953826e-05,-0.0037243401166051626,0.0037243401166051626,0.0002695145085453987,-0.0002695151197258383,-0.0023713719565421343,0.0023713719565421343,-0.005003153346478939,0.005003153346478939,-0.0026489323936402798,0.0026489323936402798,-0.0013433893909677863,0.0013433897402137518,-0.0002448502345941961,0.00024484997265972197,-0.0019429114181548357,0.0019429114181548357,0.000122273966553621,-0.000122273966553621,-0.006307902745902538,0.007307904772460461,0.0001714046811684966,-0.00017140485579147935,-0.001118914457038045,0.001118914457038045,0.00018773908959701657,-0.00018773916235659271,0.0003025585028808564,-0.00030255853198468685,-0.00012606626842170954,0.00012606632662937045,0.00027617134037427604,-0.0002761713694781065,-0.0011959851253777742,0.0011959851253777742,-0.00046774442307651043,0.00046774442307651043,-0.0015904748579487205,0.0015904748579487205,0.0002675491268746555,-0.00026754915597848594,8.236774010583758e-05,-8.23677473817952e-05,-0.000202446011826396,0.00020244577899575233,-0.0010117730125784874,0.0010117730125784874,-0.000931672693695873,0.000931672693695873],[-8.064289431786165e-05,8.064289431786165e-05,-0.0011629960499703884,0.0011629960499703884,0.0010857012821361423,-0.001085701398551464,-0.00069107033777982,0.0006910701631568372,-0.001092216931283474,0.001092216931283474,0.0008522862917743623,-0.0008522862917743623,0.00010270312486682087,-0.00010270312486682087,-9.99953190330416e-05,9.99953190330416e-05,0.0002649048692546785,-0.00026490521850064397,-0.0001830814144341275,0.00018308137077838182,0.001011177315376699,-0.0010111768497154117,0.00016281759599223733,-0.00016281759599223733,-0.00037072988925501704,0.00037072988925501704,-0.0001714046811684966,0.0001714046811684966,0.002886481350287795,-0.0018864816520363092,0.0008117940742522478,-0.0008117940742522478,0.0012248242273926735,-0.0012248242273926735,0.0007816505385562778,-0.0007816505385562778,-0.0005701241316273808,0.0005701241316273808,0.0008745703380554914,-0.0008745703380554914,0.0006394278025254607,-0.0006394278025254607,0.00014567258767783642,-0.00014567260222975165,-0.0005527406465262175,0.0005527406465262175,0.0006535969441756606,-0.0006535970605909824,0.00047040311619639397,-0.00047040311619639397,-0.0011783047812059522,0.0011783047812059522,-0.0005440620006993413,0.0005440620006993413,-0.0009038349380716681,0.0009038349380716681],[8.064266148721799e-05,-8.064266148721799e-05,0.0011629958171397448,-0.0011629958171397448,-0.0010857012821361423,0.001085701514966786,0.00069107033777982,-0.0006910701631568372,0.0010922170476987958,-0.0010922170476987958,-0.0008522862335667014,0.0008522863499820232,-0.00010270306665915996,0.00010270306665915996,9.999537724070251e-05,-9.999537724070251e-05,-0.0002649049274623394,0.00026490504387766123,0.00018308129801880568,-0.0001830813125707209,-0.0010111774317920208,0.0010111769661307335,-0.0001628174795769155,0.0001628174795769155,0.00037072994746267796,-0.00037072994746267796,0.00017140485579147935,-0.00017140485579147935,-0.0018864816520363092,0.0028864818159490824,-0.0008117940742522478,0.0008117940742522478,-0.0012248242273926735,0.0012248242273926735,-0.0007816505385562778,0.0007816505385562778,0.0005701241316273808,-0.0005701241316273808,-0.0008745703380554914,0.0008745703380554914,-0.0006394278025254607,0.0006394278025254607,-0.00014567258767783642,0.00014567260222975165,0.0005527406465262175,-0.0005527406465262175,-0.0006535969441756606,0.0006535970605909824,-0.00047040311619639397,0.00047040311619639397,0.0011783047812059522,-0.0011783047812059522,0.0005440620006993413,-0.0005440620006993413,0.0009038349380716681,-0.0009038349380716681],[-0.0006670495495200157,0.0006670495495200157,-0.0015628307592123747,0.0015628307592123747,-8.629015064798295e-05,8.629039075458422e-05,-0.0011633442481979728,0.0011633445974439383,-0.001445571193471551,0.001445571193471551,0.00015061184240039438,-0.00015061158046592027,0.0008833449683152139,-0.0008833449683152139,0.0002001255052164197,-0.0002001255052164197,-0.001366614829748869,0.001366615411825478,-0.0010351795936003327,0.0010351797100156546,0.0008479517418891191,-0.0008479517418891191,-0.0005152786034159362,0.0005152786034159362,-0.0004267868062015623,0.0004267868062015623,0.001118914457038045,-0.001118914457038045,0.0008117940742522478,-0.0008117940742522478,0.005911593325436115,-0.004911593161523342,0.0007541599334217608,-0.0007541600498370826,0.0014167032204568386,-0.0014167032204568386,-0.0018578096060082316,0.0018578094895929098,0.0005651636165566742,-0.0005651635583490133,0.001545657985843718,-0.001545657985843718,0.0014244818594306707,-0.0014244820922613144,0.0006282679969444871,-0.0006282679969444871,0.0004320674925111234,-0.0004320674343034625,0.0007084115641191602,-0.0007084114477038383,-0.001737870741635561,0.0017378706252202392,0.0004976042546331882,-0.0004976042546331882,-0.0013498554471880198,0.001349855214357376],[0.0006670495495200157,-0.0006670495495200157,0.0015628306427970529,-0.0015628306427970529,8.629013609606773e-05,-8.629043441032991e-05,0.0011633443646132946,-0.0011633444810286164,0.001445571193471551,-0.001445571193471551,-0.00015061181329656392,0.00015061156591400504,-0.0008833450265228748,0.0008833450265228748,-0.0002001255052164197,0.0002001255052164197,0.001366614829748869,-0.001366615411825478,0.0010351795936003327,-0.0010351797100156546,-0.0008479517418891191,0.0008479518000967801,0.0005152786034159362,-0.0005152786034159362,0.00042678683530539274,-0.00042678683530539274,-0.001118914457038045,0.001118914457038045,-0.0008117940742522478,0.0008117940742522478,-0.004911593161523342,0.005911593325436115,-0.0007541599334217608,0.0007541600498370826,-0.0014167032204568386,0.0014167032204568386,0.0018578096060082316,-0.0018578094895929098,-0.0005651636165566742,0.0005651635583490133,-0.001545657985843718,0.001545657985843718,-0.0014244818594306707,0.0014244820922613144,-0.0006282679969444871,0.0006282679969444871,-0.0004320