{"epoch":0,"H":[[0.030663980171084404,-0.02966398000717163,0.0063003310933709145,-0.006300330627709627,0.011127108708024025,-0.01112710777670145,0.0016736651305109262,-0.0016736657125875354,0.010568271391093731,-0.010568271391093731,-0.0005561778671108186,0.0005561775178648531,0.0038947633001953363,-0.0038947633001953363,0.00027753389440476894,-0.00027753389440476894,-0.001766544533893466,0.001766543835401535,0.0004427113162819296,-0.0004427115782164037,0.0005771429277956486,-0.0005771434516645968,-0.0014422148233279586,0.0014422147069126368,0.002647658810019493,-0.0026476592756807804,-0.002342531457543373,0.002342531457543373,-0.0017973214853554964,0.00179732171818614,-0.0034167254343628883,0.0034167254343628883,-0.001036986825056374,0.001036986242979765,-0.000878955121152103,0.000878955121152103,0.0028333731461316347,-0.0028333731461316347,-0.0011145005701109767,0.0011145006865262985,-0.00013295927783474326,0.0001329592487309128,0.0026299720630049706,-0.0026299720630049706,0.006185274571180344,-0.006185274571180344,-0.0009859420824795961,0.0009859419660642743,-0.0007371088722720742,0.0007371089304797351,0.0033983439207077026,-0.0033983441535383463,0.0005559309502132237,-0.0005559310084208846,0.0007836295990273356,-0.0007836297154426575],[-0.02966398000717163,0.030663978308439255,-0.0063003310933709145,0.006300330627709627,-0.011127108708024025,0.01112710777670145,-0.0016736651305109262,0.0016736657125875354,-0.010568271391093731,0.010568271391093731,0.0005561778671108186,-0.0005561775178648531,-0.0038947633001953363,0.0038947633001953363,-0.00027753389440476894,0.00027753389440476894,0.001766544533893466,-0.001766543835401535,-0.0004427113162819296,0.0004427115782164037,-0.0005771429277956486,0.0005771434516645968,0.0014422148233279586,-0.0014422147069126368,-0.002647658810019493,0.0026476592756807804,0.002342531457543373,-0.002342531457543373,0.0017973214853554964,-0.00179732171818614,0.0034167254343628883,-0.0034167254343628883,0.001036986825056374,-0.001036986242979765,0.000878955121152103,-0.000878955121152103,-0.0028333731461316347,0.0028333731461316347,0.0011145005701109767,-0.0011145006865262985,0.00013295927783474326,-0.0001329592487309128,-0.0026299720630049706,0.0026299720630049706,-0.006185274571180344,0.006185274571180344,0.0009859420824795961,-0.0009859419660642743,0.0007371088722720742,-0.0007371089304797351,-0.0033983439207077026,0.0033983441535383463,-0.0005559309502132237,0.0005559310084208846,-0.0007836295990273356,0.0007836297154426575],[0.0063003310933709145,-0.0063003310933709145,0.016497492790222168,-0.015497492626309395,0.00574038689956069,-0.00574038689956069,0.0031145932152867317,-0.0031145934481173754,0.0100068598985672,-0.0100068598985672,0.0016953172162175179,-0.0016953172162175179,0.005249125882983208,-0.005249125882983208,0.0077684069983661175,-0.0077684069983661175,0.0018604451324790716,-0.0018604447832331061,-0.002115373034030199,0.002115373034030199,0.002417242154479027,-0.002417242620140314,0.003401554888114333,-0.0034015546552836895,0.003586956998333335,-0.003586956998333335,0.005407807417213917,-0.005407807417213917,-0.000723223842214793,0.0007232239004224539,0.004313699901103973,-0.004313699435442686,-0.0003954370622523129,0.0003954371786676347,-0.0007051641005091369,0.0007051645661704242,0.002227427903562784,-0.0022274283692240715,-0.00045297262840904295,0.0004529725410975516,0.0024741003289818764,-0.0024741003289818764,0.0016546295955777168,-0.0016546295955777168,0.0043011317029595375,-0.0043011317029595375,-0.000473410269478336,0.00047341041499748826,-0.0006450895452871919,0.0006450893124565482,0.002209206111729145,-0.0022092063445597887,0.0003432189114391804,-0.0003432189696468413,-0.00022350915241986513,0.0002235089777968824],[-0.006300330627709627,0.006300330627709627,-0.015497492626309395,0.01649749092757702,-0.00574038689956069,0.00574038689956069,-0.0031145932152867317,0.0031145934481173754,-0.0100068598985672,0.0100068598985672,-0.0016953172162175179,0.0016953172162175179,-0.005249125882983208,0.005249125882983208,-0.0077684069983661175,0.0077684069983661175,-0.0018604451324790716,0.0018604447832331061,0.002115373034030199,-0.002115373034030199,-0.002417242154479027,0.002417242620140314,-0.003401554888114333,0.0034015546552836895,-0.003586956998333335,0.003586956998333335,-0.005407807417213917,0.005407807417213917,0.000723223842214793,-0.0007232239004224539,-0.004313699901103973,0.004313699435442686,0.0003954370622523129,-0.0003954371786676347,0.0007051641005091369,-0.0007051645661704242,-0.002227427903562784,0.0022274283692240715,0.00045297262840904295,-0.0004529725410975516,-0.0024741003289818764,0.0024741003289818764,-0.0016546295955777168,0.0016546295955777168,-0.0043011317029595375,0.0043011317029595375,0.000473410269478336,-0.00047341041499748826,0.0006450895452871919,-0.0006450893124565482,-0.002209206111729145,0.0022092063445597887,-0.0003432189114391804,0.0003432189696468413,0.00022350915241986513,-0.0002235089777968824],[0.011127108708024025,-0.011127108708024025,0.00574038689956069,-0.00574038689956069,0.015488440170884132,-0.014488440938293934,0.00031269347527995706,-0.00031269341707229614,0.004048459697514772,-0.004048459697514772,-0.0003765897126868367,0.0003765895962715149,0.000743302924092859,-0.0007433028076775372,0.0047882781364023685,-0.0047882781364023685,-0.0020126975141465664,0.0020126975141465664,-0.003027248429134488,0.0030272486619651318,0.0007962252129800618,-0.0007962252711877227,0.0020659237634390593,-0.0020659235306084156,0.0002696324954740703,-0.00026963165146298707,0.0025687916204333305,-0.002568791853263974,-0.001468945061787963,0.001468945061787963,-0.000562377623282373,0.000562377623282373,-0.0007610985776409507,0.000761098344810307,-0.00016316500841639936,0.0001631650229683146,0.0033087506890296936,-0.0033087506890296936,-0.0007133173057809472,0.0007133173639886081,0.0004520164802670479,-0.0004520165384747088,0.002426995662972331,-0.002426995662972331,0.004332412965595722,-0.004332412499934435,-0.0006829705089330673,0.0006829703925177455,-7.308018393814564e-05,7.308023486984894e-05,0.0025691555347293615,-0.0025691555347293615,0.0006157192401587963,-0.0006157192401587963,0.0006574626313522458,-0.000657462514936924],[-0.01112710777670145,0.01112710777670145,-0.00574038689956069,0.00574038689956069,-0.014488440938293934,0.015488441102206707,-0.0003126944648101926,0.00031269429018720984,-0.004048459231853485,0.004048459231853485,0.0003765892470255494,-0.00037658860674127936,-0.0007433032733388245,0.0007433030987158418,-0.004788278602063656,0.004788278602063656,0.0020126979798078537,-0.0020126975141465664,0.0030272481963038445,-0.0030272481963038445,-0.0007962253876030445,0.0007962254458107054,-0.0020659230649471283,0.0020659230649471283,-0.0002696327865123749,0.000269631709670648,-0.0025687916204333305,0.0025687916204333305,0.001468945061787963,-0.0014689451782032847,0.0005623778561130166,-0.0005623778561130166,0.0007610984612256289,-0.0007610982283949852,0.0001631647755857557,-0.0001631647755857557,-0.0033087506890296936,0.0033087506890296936,0.000713317422196269,-0.000713317422196269,-0.00045201650937087834,0.0004520165966823697,-0.002426995662972331,0.002426995662972331,-0.004332412965595722,0.004332412965595722,0.0006829706253483891,-0.0006829703925177455,7.308015483431518e-05,-7.308023486984894e-05,-0.002569155767560005,0.002569155767560005,-0.000615719414781779,0.0006157193565741181,-0.0006574626313522458,0.0006574626313522458],[0.0016736651305109262,-0.0016736651305109262,0.0031145932152867317,-0.0031145932152867317,0.00031269347527995706,-0.0003126944648101926,0.014696439728140831,-0.013696441426873207,0.0012697820784524083,-0.0012697821948677301,-0.0009458107524551451,0.0009458106360398233,0.001964785158634186,-0.0019647853914648294,0.001219338970258832,-0.0012193388538435102,-0.001495059230364859,0.001495059230364859,-0.0003784459549933672,0.00037844618782401085,-0.0001266153994947672,0.0001266152539756149,0.0013702516444027424,-0.0013702514115720987,-0.0019450810505077243,0.001945081283338368,0.001882922020740807,-0.0018829219043254852,-0.0007925938116386533,0.0007925939280539751,-0.0007511829026043415,0.0007511830772273242,-0.00021858287800569087,0.00021858292166143656,-0.00039643971831537783,0.0003964396601077169,-5.9774043620564044e-05,5.97742764512077e-05,-0.0003994107246398926,0.0003994106955360621,0.0005304698133841157,-0.0005304698133841157,0.00023166576283983886,-0.00023166570463217795,0.0014286970254033804,-0.0014286970254033804,-0.000614263117313385,0.0006142633501440287,-0.0004922908265143633,0.0004922908265143633,0.00023808350670151412,-0.00023808353580534458,-0.0005177040002308786,0.0005177040002308786,-0.0007180735701695085,0.0007180735701695085],[-0.0016736657125875354,0.0016736657125875354,-0.0031145934481173754,0.0031145934481173754,-0.00031269341707229614,0.00031269429018720984,-0.013696441426873207,0.014696439728140831,-0.001269782311283052,0.0012697820784524083,0.000945810868870467,-0.0009458106360398233,-0.001964784925803542,0.001964785158634186,-0.0012193380389362574,0.0012193380389362574,0.0014950596960261464,-0.0014950596960261464,0.00037844624603167176,-0.00037844612961634994,0.0001266156614292413,-0.00012661577784456313,-0.001370251178741455,0.0013702509459108114,0.0019450809340924025,-0.0019450809340924025,-0.0018829223699867725,0.0018829221371561289,0.0007925936952233315,-0.0007925938116386533,0.0007511831354349852,-0.0007511830772273242,0.00021858284890186042,-0.0002185828925576061,0.00039643971831537783,-0.0003964396601077169,5.9773818065878004e-05,-5.977381078992039e-05,0.0003994106373284012,-0.00039941066643223166,-0.0005304699297994375,0.0005304699297994375,-0.00023166576283983886,0.00023166576283983886,-0.0014286973746493459,0.001428697258234024,0.000614263117313385,-0.0006142632919363678,0.0004922908265143633,-0.0004922907683067024,-0.00023808362311683595,0.0002380835940130055,0.0005177040002308786,-0.0005177038838155568,0.0007180736283771694,-0.0007180736865848303],[0.010568271391093731,-0.010568271391093731,0.0100068598985672,-0.0100068598985672,0.004048459697514772,-0.004048459231853485,0.0012697820784524083,-0.001269782311283052,0.011138994246721268,-0.010138995945453644,0.00034222929389216006,-0.0003422294103074819,0.0019239569082856178,-0.0019239570247009397,0.0018434841185808182,-0.0018434841185808182,-0.0017753720749169588,0.0017753716092556715,-0.0016788983484730124,0.0016788984648883343,0.001363671268336475,-0.001363671268336475,-0.0005181124433875084,0.0005181122105568647,0.0011766738025471568,-0.0011766735697165132,0.001995475497096777,-0.0019954757299274206,-0.00010182436381001025,0.00010182424739468843,0.003005692269653082,-0.003005692269653082,3.93552181776613e-05,-3.93552181776613e-05,6.589459371753037e-05,-6.589459371753037e-05,-0.0010067898547276855,0.0010067898547276855,-1.2498068826971576e-05,1.2498068826971576e-05,0.00039746385300531983,-0.0003974638821091503,-0.00028810458024963737,0.00028810458024963737,0.0002475121000315994,-0.00024751212913542986,-0.00036024925066158175,0.00036024930886924267,-5.837084609083831e-05,5.8370831538923085e-05,-0.00012042419984936714,0.00012042418529745191,-0.000679104938171804,0.000679104938171804,-0.0002901056141126901,0.0002901056141126901],[-0.010568271391093731,0.010568271391093731,-0.0100068598985672,0.0100068598985672,-0.004048459697514772,0.004048459231853485,-0.0012697821948677301,0.0012697820784524083,-0.010138995945453644,0.011138994246721268,-0.00034222943941131234,0.00034222975955344737,-0.0019239562097936869,0.0019239562097936869,-0.0018434837693348527,0.0018434836529195309,0.0017753725405782461,-0.0017753720749169588,0.001678897999227047,-0.0016788981156423688,-0.0013636710355058312,0.0013636709190905094,0.0005181125015951693,-0.0005181123269721866,-0.0011766735697165132,0.0011766733368858695,-0.0019954750314354897,0.0019954752642661333,0.0001018243347061798,-0.00010182442201767117,-0.0030056920368224382,0.0030056920368224382,-3.935537824872881e-05,3.9355261833406985e-05,-6.589462282136083e-05,6.5894506406039e-05,0.0010067897383123636,-0.0010067896218970418,1.249807610292919e-05,-1.2498134310590103e-05,-0.0003974640858359635,0.00039746417314745486,0.00028810431831516325,-0.0002881042892113328,-0.00024751227465458214,0.00024751227465458214,0.00036024925066158175,-0.00036024930886924267,5.837075877934694e-05,-5.837077333126217e-05,0.00012042405433021486,-0.0001204240252263844,0.0006791046471334994,-0.0006791047053411603,0.00029010529397055507,-0.00029010529397055507],[-0.0005561778671108186,0.0005561778671108186,0.0016953172162175179,-0.0016953172162175179,-0.0003765897126868367,0.0003765892470255494,-0.0009458107524551451,0.000945810868870467,0.00034222929389216006,-0.00034222943941131234,0.00438472768291831,-0.0033847270533442497,-0.002191908424720168,0.0021919086575508118,-0.0020834156312048435,0.0020834156312048435,-0.00013480769121088088,0.00013480757479555905,-0.0017555728554725647,0.0017555728554725647,0.0017303471686318517,-0.0017303472850471735,-2.8563605155795813e-05,2.856353239621967e-05,0.0013594516785815358,-0.0013594519114121795,0.0009468501666560769,-0.0009468497009947896,0.0006640902138315141,-0.0006640902138315141,0.0007608055602759123,-0.0007608055602759123,0.0004524147661868483,-0.0004524146788753569,0.0003532753908075392,-0.0003532754199113697,-0.0002068883622996509,0.00020688839140348136,0.000266214192379266,-0.00026621425058692694,0.0003877818235196173,-0.00038778179441578686,3.996989835286513e-05,-3.9969905628822744e-05,0.00045907398452982306,-0.00045907398452982306,0.0003153031866531819,-0.00031530315754935145,0.0001911512517835945,-0.0001911512517835945,0.0001402612979291007,-0.00014026131248101592,-6.978730380069464e-05,6.978728924877942e-05,0.00023199380666483194,-0.00023199386487249285],[0.0005561775178648531,-0.0005561775178648531,-0.0016953172162175179,0.0016953172162175179,0.0003765895962715149,-0.00037658860674127936,0.0009458106360398233,-0.0009458106360398233,-0.0003422294103074819,0.00034222975955344737,-0.0033847270533442497,0.00438472768291831,0.002191908424720168,-0.0021919086575508118,0.0020834156312048435,-0.0020834156312048435,0.00013480769121088088,-0.00013480757479555905,0.0017555728554725647,-0.0017555728554725647,-0.0017303471686318517,0.0017303472850471735,2.8563605155795813e-05,-2.856353239621967e-05,-0.0013594516785815358,0.0013594519114121795,-0.0009468501666560769,0.0009468497009947896,-0.0006640902138315141,0.0006640902138315141,-0.0007608055602759123,0.0007608055602759123,-0.0004524147661868483,0.0004524146788753569,-0.0003532753908075392,0.0003532754199113697,0.0002068883622996509,-0.00020688839140348136,-0.000266214192379266,0.00026621425058692694,-0.0003877818235196173,0.00038778179441578686,-3.996989835286513e-05,3.9969905628822744e-05,-0.00045907398452982306,0.00045907398452982306,-0.0003153031866531819,0.00031530315754935145,-0.0001911512517835945,0.0001911512517835945,-0.0001402612979291007,0.00014026131248101592,6.978730380069464e-05,-6.978728924877942e-05,-0.00023199380666483194,0.00023199386487249285],[0.0038947633001953363,-0.0038947633001953363,0.005249125882983208,-0.005249125882983208,0.000743302924092859,-0.0007433032733388245,0.001964785158634186,-0.001964784925803542,0.0019239569082856178,-0.0019239562097936869,-0.002191908424720168,0.002191908424720168,0.010877729393541813,-0.00987772922962904,0.0015626703388988972,-0.0015626702224835753,0.0028919961769133806,-0.0028919964097440243,0.002114497823640704,-0.0021144975908100605,-0.00040334000368602574,0.00040333985816687346,-0.0002699290052987635,0.0002699290052987635,-0.0002942470018751919,0.00029424671083688736,0.00030992075335234404,-0.0003099205205217004,-0.0004282536683604121,0.0004282536974642426,0.0020421042572706938,-0.0020421042572706938,-0.0004213253560010344,0.0004213254724163562,-0.0002524792798794806,0.00025247925077565014,-0.0008331973804160953,0.0008331974386237562,-0.0002821090747602284,0.0002821090165525675,0.0013341864105314016,-0.0013341864105314016,0.00027162220794707537,-0.0002716222370509058,0.0006449244683608413,-0.0006449244683608413,-0.0004405852232594043,0.0004405852232594043,-0.0002609351649880409,0.0002609351940918714,0.00020078230591025203,-0.0002007823350140825,0.0003071874671149999,-0.00030718743801116943,-0.0001650878693908453,0.00016508785483893007],[-0.0038947633001953363,0.0038947633001953363,-0.005249125882983208,0.005249125882983208,-0.0007433028076775372,0.0007433030987158418,-0.0019647853914648294,0.001964785158634186,-0.0019239570247009397,0.0019239562097936869,0.0021919086575508118,-0.0021919086575508118,-0.00987772922962904,0.010877729393541813,-0.0015626703388988972,0.0015626702224835753,-0.0028919961769133806,0.0028919964097440243,-0.002114497823640704,0.0021144975908100605,0.00040334000368602574,-0.00040333985816687346,0.0002699290052987635,-0.0002699290052987635,0.0002942470018751919,-0.00029424671083688736,-0.00030992075335234404,0.0003099205205217004,0.0004282536683604121,-0.0004282536974642426,-0.0020421042572706938,0.0020421042572706938,0.0004213253560010344,-0.0004213254724163562,0.0002524792798794806,-0.00025247925077565014,0.0008331973804160953,-0.0008331974386237562,0.0002821090747602284,-0.0002821090165525675,-0.0013341864105314016,0.0013341864105314016,-0.00027162220794707537,0.0002716222370509058,-0.0006449244683608413,0.0006449244683608413,0.0004405852232594043,-0.0004405852232594043,0.0002609351649880409,-0.0002609351940918714,-0.00020078230591025203,0.0002007823350140825,-0.0003071874671149999,0.00030718743801116943,0.0001650878693908453,-0.00016508785483893007],[0.00027753389440476894,-0.00027753389440476894,0.0077684069983661175,-0.0077684069983661175,0.0047882781364023685,-0.004788278602063656,0.001219338970258832,-0.0012193380389362574,0.0018434841185808182,-0.0018434837693348527,-0.0020834156312048435,0.0020834156312048435,0.0015626703388988972,-0.0015626703388988972,0.009914953261613846,-0.008914953097701073,0.0035906073171645403,-0.0035906070843338966,-0.0008390349103137851,0.0008390347938984632,-0.0007166557479649782,0.0007166555733419955,0.0010302822338417172,-0.0010302820010110736,0.0013006007065996528,-0.0013006003573536873,0.002669050358235836,-0.0026690505910664797,-0.0005273918504826725,0.0005273918504826725,0.00039308067061938345,-0.00039308072882704437,-0.00027038599364459515,0.00027038593543693423,-0.0003606760874390602,0.0003606760292313993,0.0002491998893674463,-0.00024919991847127676,-0.00030076265102252364,0.00030076265102252364,0.00020645663607865572,-0.00020645666518248618,0.000841476081404835,-0.000841476081404835,0.0005122176371514797,-0.0005122176371514797,-0.0003296674694865942,0.0003296674694865942,-0.0003131380071863532,0.00031313797808252275,0.001922284485772252,-0.0019222843693569303,-0.00011501072003738955,0.00011501068365760148,0.0010322390589863062,-0.0010322390589863062],[-0.00027753389440476894,0.00027753389440476894,-0.0077684069983661175,0.0077684069983661175,-0.0047882781364023685,0.004788278602063656,-0.0012193388538435102,0.0012193380389362574,-0.0018434841185808182,0.0018434836529195309,0.0020834156312048435,-0.0020834156312048435,-0.0015626702224835753,0.0015626702224835753,-0.008914953097701073,0.009914953261613846,-0.0035906073171645403,0.0035906070843338966,0.0008390349103137851,-0.0008390347938984632,0.0007166557479649782,-0.0007166555733419955,-0.0010302822338417172,0.0010302820010110736,-0.0013006007065996528,0.0013006003573536873,-0.002669050358235836,0.0026690505910664797,0.0005273918504826725,-0.0005273918504826725,-0.00039308067061938345,0.00039308072882704437,0.00027038599364459515,-0.00027038593543693423,0.0003606760874390602,-0.0003606760292313993,-0.0002491998893674463,0.00024919991847127676,0.00030076265102252364,-0.00030076265102252364,-0.00020645663607865572,0.00020645666518248618,-0.000841476081404835,0.000841476081404835,-0.0005122176371514797,0.0005122176371514797,0.0003296674694865942,-0.0003296674694865942,0.0003131380071863532,-0.00031313797808252275,-0.001922284485772252,0.0019222843693569303,0.00011501072003738955,-0.00011501068365760148,-0.0010322390589863062,0.0010322390589863062],[-0.001766544533893466,0.001766544533893466,0.0018604451324790716,-0.0018604451324790716,-0.0020126975141465664,0.0020126979798078537,-0.001495059230364859,0.0014950596960261464,-0.0017753720749169588,0.0017753725405782461,-0.00013480769121088088,0.00013480769121088088,0.0028919961769133806,-0.0028919961769133806,0.0035906073171645403,-0.0035906073171645403,0.012724676169455051,-0.011724675074219704,-0.00020199004211463034,0.00020198999845888466,-0.0007777116261422634,0.0007777118589729071,-0.0010104889515787363,0.0010104889515787363,0.0008902373956516385,-0.0008902373956516385,0.005362407304346561,-0.005362407770007849,-0.0006169656990095973,0.0006169656990095973,0.0003905082121491432,-0.0003905081539414823,-0.0003189572016708553,0.0003189572598785162,7.492275472031906e-05,-7.492281292797998e-05,0.00023665226763114333,-0.00023665223852731287,-0.000334343989379704,0.000334343989379704,0.0014505463186651468,-0.0014505463186651468,-0.00014545302838087082,0.00014545313024427742,0.0004555873165372759,-0.00045558734564110637,-0.0004153605841565877,0.0004153606132604182,-8.495571091771126e-05,8.49556818138808e-05,0.000421652541263029,-0.00042165257036685944,-0.0008007923606783152,0.0008007923024706542,0.00015440584684256464,-0.00015440578863490373],[0.001766543835401535,-0.001766543835401535,-0.0018604447832331061,0.0018604447832331061,0.0020126975141465664,-0.0020126975141465664,0.001495059230364859,-0.0014950596960261464,0.0017753716092556715,-0.0017753720749169588,0.00013480757479555905,-0.00013480757479555905,-0.0028919964097440243,0.0028919964097440243,-0.0035906070843338966,0.0035906070843338966,-0.011724675074219704,0.012724675238132477,0.00020199062419123948,-0.00020199066784698516,0.0007777118589729071,-0.0007777118589729071,0.0010104887187480927,-0.0010104887187480927,-0.0008902373956516385,0.0008902376284822822,-0.005362407304346561,0.005362408235669136,0.0006169660482555628,-0.0006169661646708846,-0.00039050838677212596,0.00039050838677212596,0.00031895743450149894,-0.00031895743450149894,-7.492259464925155e-05,7.492252188967541e-05,-0.0002366518892813474,0.0002366519474890083,0.000334343989379704,-0.000334343989379704,-0.0014505463186651468,0.001450546202249825,0.0001454534358344972,-0.0001454534358344972,-0.00045558696729131043,0.00045558693818747997,0.0004153606714680791,-0.00041536070057190955,8.495582733303308e-05,-8.495579822920263e-05,-0.0004216525121591985,0.00042165257036685944,0.0008007921860553324,-0.0008007921278476715,-0.00015440590505022556,0.00015440590505022556],[0.0004427113162819296,-0.0004427113162819296,-0.002115373034030199,0.002115373034030199,-0.003027248429134488,0.0030272481963038445,-0.0003784459549933672,0.00037844624603167176,-0.0016788983484730124,0.001678897999227047,-0.0017555728554725647,0.0017555728554725647,0.002114497823640704,-0.002114497823640704,-0.0008390349103137851,0.0008390349103137851,-0.00020199004211463034,0.00020199062419123948,0.00863528810441494,-0.007635286543518305,-0.0011485932627692819,0.0011485933791846037,0.0023731631226837635,-0.0023731631226837635,0.0013444483047351241,-0.0013444483047351241,-0.0009192523430101573,0.0009192521683871746,-0.00010175956413149834,0.00010175956413149834,-0.0010516421170905232,0.001051642233505845,3.6338475183583796e-05,-3.633844607975334e-05,-0.00029605248710140586,0.00029605248710140586,5.69857147638686e-05,-5.6985722039826214e-05,2.0722640329040587e-05,-2.0722640329040587e-05,0.0006377657409757376,-0.0006377657409757376,-0.00014296176959760487,0.00014296176959760487,-0.0009386362507939339,0.0009386362507939339,-8.391126175411046e-05,8.39113345136866e-05,-0.0001753529068082571,0.0001753529068082571,-0.0009668736020103097,0.0009668736020103097,-0.0005363426171243191,0.0005363427335396409,-0.001350997481495142,0.001350997481495142],[-0.0004427115782164037,0.0004427115782164037,0.002115373034030199,-0.002115373034030199,0.0030272486619651318,-0.0030272481963038445,0.00037844618782401085,-0.00037844612961634994,0.0016788984648883343,-0.0016788981156423688,0.0017555728554725647,-0.0017555728554725647,-0.0021144975908100605,0.0021144975908100605,0.0008390347938984632,-0.0008390347938984632,0.00020198999845888466,-0.00020199066784698516,-0.007635286543518305,0.008635285310447216,0.0011485936120152473,-0.0011485937284305692,-0.00237316288985312,0.002373162657022476,-0.0013444485375657678,0.001344448421150446,0.000919252575840801,-0.0009192521683871746,0.0001017593895085156,-0.0001017593895085156,0.0010516420006752014,-0.0010516420006752014,-3.6338489735499024e-05,3.6338475183583796e-05,0.0002960523997899145,-0.0002960523997899145,-5.698552558897063e-05,5.6985547416843474e-05,-2.0722596673294902e-05,2.072261122521013e-05,-0.000637765449937433,0.0006377655081450939,0.00014296191511675715,-0.00014296192966867238,0.000938636192586273,-0.0009386360761709511,8.391114533878863e-05,-8.391118899453431e-05,0.0001753529068082571,-0.00017535292136017233,0.0009668734855949879,-0.0009668734855949879,0.0005363425007089972,-0.0005363425007089972,0.0013509972486644983,-0.0013509972486644983],[0.0005771429277956486,-0.0005771429277956486,0.002417242154479027,-0.002417242154479027,0.0007962252129800618,-0.0007962253876030445,-0.0001266153994947672,0.0001266156614292413,0.001363671268336475,-0.0013636710355058312,0.0017303471686318517,-0.0017303471686318517,-0.00040334000368602574,0.00040334000368602574,-0.0007166557479649782,0.0007166557479649782,-0.0007777116261422634,0.0007777118589729071,-0.0011485932627692819,0.0011485936120152473,0.002803211333230138,-0.0018032107036560774,0.0007601467659696937,-0.0007601467659696937,0.00036052154609933496,-0.0003605217207223177,0.0001720408326946199,-0.0001720408326946199,0.00048655248247087,-0.00048655248247087,0.001370411366224289,-0.001370411366224289,0.0003835141542367637,-0.0003835141542367637,0.0005268146633170545,-0.0005268146633170545,0.00038654686068184674,-0.00038654691888950765,0.0003767480084206909,-0.00037674803752452135,0.0002178101276513189,-0.00021781009854748845,2.783519448712468e-05,-2.783519448712468e-05,0.0005245823413133621,-0.0005245822831057012,0.000296946702292189,-0.00029694673139601946,0.00038389844121411443,-0.0003838984703179449,0.00029228461789898574,-0.00029228461789898574,0.00018113601254299283,-0.00018113601254299283,0.0006496000569313765,-0.0006496000569313765],[-0.0005771434516645968,0.0005771434516645968,-0.002417242620140314,0.002417242620140314,-0.0007962252711877227,0.0007962254458107054,0.0001266152539756149,-0.00012661577784456313,-0.001363671268336475,0.0013636709190905094,-0.0017303472850471735,0.0017303472850471735,0.00040333985816687346,-0.00040333985816687346,0.0007166555733419955,-0.0007166555733419955,0.0007777118589729071,-0.0007777118589729071,0.0011485933791846037,-0.0011485937284305692,-0.0018032107036560774,0.002803211100399494,-0.0007601468241773546,0.0007601468241773546,-0.00036052148789167404,0.0003605215169955045,-0.00017204080359078944,0.00017204096366185695,-0.00048655271530151367,0.00048655271530151367,-0.0013704114826396108,0.0013704114826396108,-0.00038351427065208554,0.00038351427065208554,-0.0005268146051093936,0.0005268146051093936,-0.0003865469479933381,0.0003865469479933381,-0.0003767481539398432,0.0003767481539398432,-0.00021781021496281028,0.00021781021496281028,-2.7835340006276965e-05,2.7835340006276965e-05,-0.000524582457728684,0.000524582399521023,-0.0002969467604998499,0.0002969467604998499,-0.00038389844121411443,0.00038389844121411443,-0.00029228467610664666,0.00029228467610664666,-0.00018113617261406034,0.00018113618716597557,-0.0006495999987237155,0.0006495999987237155],[-0.0014422148233279586,0.0014422148233279586,0.003401554888114333,-0.003401554888114333,0.0020659237634390593,-0.0020659230649471283,0.0013702516444027424,-0.001370251178741455,-0.0005181124433875084,0.0005181125015951693,-2.8563605155795813e-05,2.8563605155795813e-05,-0.0002699290052987635,0.0002699290052987635,0.0010302822338417172,-0.0010302822338417172,-0.0010104889515787363,0.0010104887187480927,0.0023731631226837635,-0.00237316288985312,0.0007601467659696937,-0.0007601468241773546,0.004449115600436926,-0.0034491161350160837,-0.00033951146178878844,0.00033951146178878844,-0.0009226080146618187,0.0009226079564541578,-4.822211849386804e-05,4.822206392418593e-05,-0.0017802752554416656,0.0017802752554416656,-9.746418800204992e-05,9.746421710588038e-05,-0.0005632902611978352,0.0005632903194054961,0.0008540048147551715,-0.0008540048147551715,4.494853783398867e-06,-4.494882887229323e-06,0.00014733981515746564,-0.00014733985881321132,0.00015702086966484785,-0.00015702086966484785,0.0004091127775609493,-0.0004091127775609493,1.4720644685439765e-06,-1.47212267620489e-06,-0.000311656593112275,0.00031165662221610546,0.0008036351064220071,-0.0008036351064220071,0.0005333448643796146,-0.0005333448061719537,-0.0003592351858969778,0.0003592351858969778],[0.0014422147069126368,-0.0014422147069126368,-0.0034015546552836895,0.0034015546552836895,-0.0020659235306084156,0.0020659230649471283,-0.0013702514115720987,0.0013702509459108114,0.0005181122105568647,-0.0005181123269721866,2.856353239621967e-05,-2.856353239621967e-05,0.0002699290052987635,-0.0002699290052987635,-0.0010302820010110736,0.0010302820010110736,0.0010104889515787363,-0.0010104887187480927,-0.0023731631226837635,0.002373162657022476,-0.0007601467659696937,0.0007601468241773546,-0.0034491161350160837,0.0044491165317595005,0.0003395116946194321,-0.0003395118110347539,0.0009226076654158533,-0.0009226077236235142,4.822210757993162e-05,-4.822216578759253e-05,0.0017802752554416656,-0.0017802752554416656,9.746440628077835e-05,-9.746440628077835e-05,0.0005632904940284789,-0.0005632904940284789,-0.0008540045819245279,0.0008540045819245279,-4.494833774515428e-06,4.494848326430656e-06,-0.00014733985881321132,0.0001473399461247027,-0.00015702070959378034,0.00015702070959378034,-0.00040911274845711887,0.0004091126611456275,-1.4720171748194844e-06,1.4720317267347127e-06,0.00031165656400844455,-0.000311656593112275,-0.0008036349900066853,0.0008036349900066853,-0.0005333446897566319,0.0005333446897566319,0.0003592354478314519,-0.0003592354478314519],[0.002647658810019493,-0.002647658810019493,0.003586956998333335,-0.003586956998333335,0.0002696324954740703,-0.0002696327865123749,-0.0019450810505077243,0.0019450809340924025,0.0011766738025471568,-0.0011766735697165132,0.0013594516785815358,-0.0013594516785815358,-0.0002942470018751919,0.0002942470018751919,0.0013006007065996528,-0.0013006007065996528,0.0008902373956516385,-0.0008902373956516385,0.0013444483047351241,-0.0013444485375657678,0.00036052154609933496,-0.00036052148789167404,-0.00033951146178878844,0.0003395116946194321,0.00513525540009141,-0.004135254304856062,0.0013699333649128675,-0.0013699334813281894,-0.0001986451679840684,0.00019864519708789885,0.001246818108484149,-0.0012468178756535053,-0.00032995312358252704,0.00032995312358252704,0.0002530584461055696,-0.0002530583296902478,0.0013808149378746748,-0.001380814821459353,-0.0001153362391050905,0.00011533622455317527,0.0015870120842009783,-0.0015870118513703346,0.0003133655118290335,-0.00031336548272520304,0.0016540309879928827,-0.0016540309879928827,-0.00016252120258286595,0.0001625212316866964,1.8692589947022498e-06,-1.8692444427870214e-06,0.0012669735588133335,-0.0012669735588133335,0.0012232658918946981,-0.0012232658918946981,0.0006251556915231049,-0.0006251556915231049],[-0.0026476592756807804,0.0026476592756807804,-0.003586956998333335,0.003586956998333335,-0.00026963165146298707,0.000269631709670648,0.001945081283338368,-0.0019450809340924025,-0.0011766735697165132,0.0011766733368858695,-0.0013594519114121795,0.0013594519114121795,0.00029424671083688736,-0.00029424671083688736,-0.0013006003573536873,0.0013006003573536873,-0.0008902373956516385,0.0008902376284822822,-0.0013444483047351241,0.001344448421150446,-0.0003605217207223177,0.0003605215169955045,0.00033951146178878844,-0.0003395118110347539,-0.004135254304856062,0.005135255865752697,-0.0013699328992515802,0.0013699327828362584,0.00019864513888023794,-0.00019864513888023794,-0.001246817409992218,0.001246817409992218,0.0003299531526863575,-0.0003299531526863575,-0.00025305853341706097,0.00025305841700173914,-0.0013808147050440311,0.0013808149378746748,0.00011533623182913288,-0.00011533624638104811,-0.0015870118513703346,0.0015870119677856565,-0.0003133654245175421,0.0003133654245175421,-0.0016540309879928827,0.001654030871577561,0.00016252120258286595,-0.0001625212316866964,-1.8690625438466668e-06,1.8691716832108796e-06,-0.0012669735588133335,0.0012669735588133335,-0.00122326600831002,0.00122326600831002,-0.0006251554004848003,0.0006251554004848003],[-0.002342531457543373,0.002342531457543373,0.005407807417213917,-0.005407807417213917,0.0025687916204333305,-0.0025687916204333305,0.001882922020740807,-0.0018829223699867725,0.001995475497096777,-0.0019954750314354897,0.0009468501666560769,-0.0009468501666560769,0.00030992075335234404,-0.00030992075335234404,0.002669050358235836,-0.002669050358235836,0.005362407304346561,-0.005362407304346561,-0.0009192523430101573,0.000919252575840801,0.0001720408326946199,-0.00017204080359078944,-0.0009226080146618187,0.0009226076654158533,0.0013699333649128675,-0.0013699328992515802,0.007176696788519621,-0.006176696624606848,-0.00042392758768983185,0.00042392764589749277,-0.0010515488684177399,0.0010515488684177399,-0.0003766713780350983,0.0003766713780350983,-0.0004311921074986458,0.0004311921074986458,0.0012167978566139936,-0.0012167978566139936,-0.00015546809299848974,0.0001554681221023202,0.00011292000999674201,-0.00011291998089291155,-0.00012273403990548104,0.00012273411266505718,0.0003199595375917852,-0.0003199595375917852,-0.0002603968605399132,0.00026039680233225226,-0.00027353005134500563,0.0002735300222411752,0.00025953594013117254,-0.000259535969235003,-0.0001873187138698995,0.0001873187138698995,0.00024020185810513794,-0.00024020181444939226],[0.002342531457543373,-0.002342531457543373,-0.005407807417213917,0.005407807417213917,-0.002568791853263974,0.0025687916204333305,-0.0018829219043254852,0.0018829221371561289,-0.0019954757299274206,0.0019954752642661333,-0.0009468497009947896,0.0009468497009947896,-0.0003099205205217004,0.0003099205205217004,-0.0026690505910664797,0.0026690505910664797,-0.005362407770007849,0.005362408235669136,0.0009192521683871746,-0.0009192521683871746,-0.0001720408326946199,0.00017204096366185695,0.0009226079564541578,-0.0009226077236235142,-0.0013699334813281894,0.0013699327828362584,-0.006176696624606848,0.007176696322858334,0.00042392773320898414,-0.00042392773320898414,0.001051548752002418,-0.001051548752002418,0.00037667155265808105,-0.00037667155265808105,0.00043119219481013715,-0.00043119219481013715,-0.0012167978566139936,0.0012167979730293155,0.0001554681221023202,-0.00015546815120615065,-0.00011292012641206384,0.00011292009730823338,0.0001227338652824983,-0.00012273387983441353,-0.00031995956669561565,0.0003199595957994461,0.00026039688964374363,-0.0002603968605399132,0.00027353005134500563,-0.0002735300804488361,-0.0002595361147541553,0.0002595361147541553,0.00018731849559117109,-0.00018731852469500154,-0.00024020187265705317,0.00024020184355322272],[-0.0017973214853554964,0.0017973214853554964,-0.000723223842214793,0.000723223842214793,-0.001468945061787963,0.001468945061787963,-0.0007925938116386533,0.0007925936952233315,-0.00010182436381001025,0.0001018243347061798,0.0006640902138315141,-0.0006640902138315141,-0.0004282536683604121,0.0004282536683604121,-0.0005273918504826725,0.0005273918504826725,-0.0006169656990095973,0.0006169660482555628,-0.00010175956413149834,0.0001017593895085156,0.00048655248247087,-0.00048655271530151367,-4.822211849386804e-05,4.822210757993162e-05,-0.0001986451679840684,0.00019864513888023794,-0.00042392758768983185,0.00042392773320898414,0.0023973179049789906,-0.0013973172754049301,0.00045321183279156685,-0.00045321189099922776,0.0008861219976097345,-0.0008861219976097345,0.0004105626721866429,-0.00041056270129047334,-0.0008981623686850071,0.000898162426892668,0.0006229401333257556,-0.0006229401333257556,0.00010547584679443389,-0.00010547584679443389,-3.2933137845247984e-05,3.2933137845247984e-05,-0.00010525843390496448,0.00010525839024921879,0.0005132112419232726,-0.0005132112419232726,0.00018892322259489447,-0.00018892320804297924,-0.00011841132072731853,0.00011841132072731853,-0.00023280965979211032,0.00023280965979211032,-0.00014409766299650073,0.00014409766299650073],[0.00179732171818614,-0.00179732171818614,0.0007232239004224539,-0.0007232239004224539,0.001468945061787963,-0.0014689451782032847,0.0007925939280539751,-0.0007925938116386533,0.00010182424739468843,-0.00010182442201767117,-0.0006640902138315141,0.0006640902138315141,0.0004282536974642426,-0.0004282536974642426,0.0005273918504826725,-0.0005273918504826725,0.0006169656990095973,-0.0006169661646708846,0.00010175956413149834,-0.0001017593895085156,-0.00048655248247087,0.00048655271530151367,4.822206392418593e-05,-4.822216578759253e-05,0.00019864519708789885,-0.00019864513888023794,0.00042392764589749277,-0.00042392773320898414,-0.0013973172754049301,0.0023973174393177032,-0.00045321183279156685,0.00045321189099922776,-0.0008861219976097345,0.0008861219976097345,-0.0004105626721866429,0.00041056270129047334,0.0008981623686850071,-0.000898162426892668,-0.0006229401333257556,0.0006229401333257556,-0.00010547584679443389,0.00010547584679443389,3.2933137845247984e-05,-3.2933137845247984e-05,0.00010525843390496448,-0.00010525839024921879,-0.0005132112419232726,0.0005132112419232726,-0.00018892322259489447,0.00018892320804297924,0.00011841132072731853,-0.00011841132072731853,0.00023280965979211032,-0.00023280965979211032,0.00014409766299650073,-0.00014409766299650073],[-0.0034167254343628883,0.0034167254343628883,0.004313699901103973,-0.004313699901103973,-0.000562377623282373,0.0005623778561130166,-0.0007511829026043415,0.0007511831354349852,0.003005692269653082,-0.0030056920368224382,0.0007608055602759123,-0.0007608055602759123,0.0020421042572706938,-0.0020421042572706938,0.00039308067061938345,-0.00039308067061938345,0.0003905082121491432,-0.00039050838677212596,-0.0010516421170905232,0.0010516420006752014,0.001370411366224289,-0.0013704114826396108,-0.0017802752554416656,0.0017802752554416656,0.001246818108484149,-0.001246817409992218,-0.0010515488684177399,0.001051548752002418,0.00045321183279156685,-0.00045321183279156685,0.005097406450659037,-0.004097405821084976,0.0001783382031135261,-0.0001783382467692718,0.0001725295151118189,-0.0001725295151118189,-0.0018192933639511466,0.0018192932475358248,0.00011643077596090734,-0.0001164308050647378,0.0012800893746316433,-0.0012800893746316433,-0.0016357610002160072,0.001635761116631329,-0.0004612433258444071,0.00046124335494823754,0.00012973191041965038,-0.0001297319249715656,0.00011218690633540973,-0.00011218700092285872,-0.0012143546482548118,0.0012143546482548118,-0.00013781344750896096,0.00013781349116470665,0.0003640938666649163,-0.0003640938375610858],[0.0034167254343628883,-0.0034167254343628883,-0.004313699435442686,0.004313699435442686,0.000562377623282373,-0.0005623778561130166,0.0007511830772273242,-0.0007511830772273242,-0.003005692269653082,0.0030056920368224382,-0.0007608055602759123,0.0007608055602759123,-0.0020421042572706938,0.0020421042572706938,-0.00039308072882704437,0.00039308072882704437,-0.0003905081539414823,0.00039050838677212596,0.001051642233505845,-0.0010516420006752014,-0.001370411366224289,0.0013704114826396108,0.0017802752554416656,-0.0017802752554416656,-0.0012468178756535053,0.001246817409992218,0.0010515488684177399,-0.001051548752002418,-0.00045321189099922776,0.00045321189099922776,-0.004097405821084976,0.005097405984997749,-0.0001783382031135261,0.0001783382467692718,-0.0001725295151118189,0.0001725295151118189,0.0018192933639511466,-0.0018192932475358248,-0.00011643077596090734,0.0001164308050647378,-