{"epoch":0,"H":[[0.0028616758063435555,0.0004817873705178499,-0.002343463245779276,-0.00538063608109951,0.0029693646356463432,0.0024112719111144543,0.0009650420979596674,-0.00020665378542616963,-0.0007583886617794633,-0.0004881552013102919,0.0008018859080038965,-0.0003137305611744523,0.0007160990498960018,-0.0009478427818976343,0.00023174397938419133,0.001038209069520235,8.946680463850498e-05,-0.0011276756413280964,0.0007720348658040166,0.001577586168423295,-0.002349621383473277,0.0022906456142663956,-0.0019871476106345654,-0.00030349765438586473,-0.00031816569389775395,-0.0012122177286073565,0.0015303835971280932,0.0008661089232191443,0.0005282082129269838,-0.0013943170197308064,-9.158687316812575e-05,0.001055013737641275,-0.0009634267189539969,0.0006168583640828729,-0.0018753507174551487,0.0012584920041263103,-0.0011270400136709213,5.803914973512292e-05,0.0010690008057281375,0.0014734972501173615,-0.00037929508835077286,-0.0010942022781819105,0.001674584811553359,-0.002204370917752385,0.0005297863390296698,0.00016922721988521516,0.0013041432248428464,-0.0014733703574165702,0.0005068503669463098,-0.0017637995770201087,0.0012569492682814598,-0.00033770594745874405,-3.861257209791802e-05,0.0003763185231946409,-0.0012224077945575118,-0.003101583104580641,0.004323991015553474,0.0008276731241494417,-0.0009505671332590282,0.0001228941255249083,-0.0004417576710693538,0.0002724721562117338,0.0001692856749286875,0.0002934541553258896,-0.001408343086950481,0.0011148888152092695,-0.0010906739626079798,-0.001306299353018403,0.002396973315626383,0.0010707834735512733,0.0008461182005703449,-0.00191690179053694,-0.0007080475334078074,-0.0011110546765848994,0.001819102093577385,0.0006991051486693323,-0.00031614082399755716,-0.00038296435377560556,-0.0005754227750003338,-0.0005118825356476009,0.001087305136024952,0.0010942339431494474,-4.503611125983298e-05,-0.001049197744578123],[0.0004817873705178499,0.021722465753555298,-0.021204253658652306,-0.00019709888147190213,0.01089957170188427,-0.010702474042773247,0.003023318015038967,0.0045438469387590885,-0.00756716588512063,0.00019785633776336908,0.001919785630889237,-0.0021176417358219624,-0.0009637493640184402,0.0036624278873205185,-0.0026986775919795036,-0.005108706187456846,-0.0030654508154839277,0.00817415677011013,-0.0020905632991343737,-0.00030832309857942164,0.002398886252194643,-0.005441064015030861,0.0008464277489110827,0.004594635684043169,0.0015375991351902485,0.0020630720537155867,-0.0036006709560751915,0.0007207145681604743,0.0007427574601024389,-0.001463472144678235,-5.796970799565315e-05,0.003376480657607317,-0.0033185104839503765,-0.0045401654206216335,0.003204916138201952,0.0013352497480809689,0.00041463045636191964,-0.00011185269977431744,-0.00030277782934717834,-0.0017017410136759281,0.0020246768835932016,-0.0003229359572287649,0.0029124808497726917,-0.006106758955866098,0.0031942781060934067,-0.0009772032499313354,0.00248138140887022,-0.001504178624600172,-6.95639755576849e-06,-7.352663669735193e-05,8.048303425312042e-05,0.00011084320431109518,0.0026971164625138044,-0.002807959448546171,0.0012091523967683315,0.00017161492723971605,-0.0013807673240080476,0.001462656306102872,-0.002041521016508341,0.0005788648268207908,-0.0006165123777464032,-1.457741018384695e-05,0.0006310898461379111,0.0005637641879729927,-0.001423917361535132,0.0008601531153544784,0.00013575813500210643,-0.00010122504318132997,-3.453291719779372e-05,-0.0015112864784896374,-0.000761960749514401,0.00227324734441936,-0.0004679506237152964,-0.003170462790876627,0.0036384135019034147,-0.0011967349564656615,-0.00041502362000755966,0.0016117584891617298,-0.0009739078232087195,-0.00020284939091652632,0.0011767572723329067,-0.0008019728120416403,0.0012763111153617501,-0.00047433824511244893],[-0.002343463245779276,-0.021204253658652306,0.024547720327973366,0.005577736534178257,-0.013868935406208038,0.008291198872029781,-0.003988360054790974,-0.004337192978709936,0.008325553499162197,0.0002902968553826213,-0.0027216700837016106,0.0024313731119036674,0.0002476484514772892,-0.0027145857457071543,0.0024669370613992214,0.0040704975835978985,0.0029759849421679974,-0.0070464820601046085,0.001318527152761817,-0.001269262284040451,-4.926486872136593e-05,0.0031504167709499598,0.0011407195124775171,-0.004291136283427477,-0.0012194353621453047,-0.0008508556056767702,0.0020702912006527185,-0.0015868234913796186,-0.0012709663715213537,0.002857790095731616,0.00014955532969906926,-0.004431494511663914,0.004281939473003149,0.003923305310308933,-0.001329566352069378,-0.00259373988956213,0.0007124092662706971,5.381263326853514e-05,-0.0007662219577468932,0.00022824206098448485,-0.0016453820280730724,0.0014171397779136896,-0.004587065428495407,0.008311133831739426,-0.0037240679375827312,0.0008079754770733416,-0.0037855252157896757,0.002977549796923995,-0.0004998949589207768,0.0018373262137174606,-0.0013374316040426493,0.00022686293232254684,-0.0026585024315863848,0.0024316394701600075,1.32548448164016e-05,0.0029299671296030283,-0.0029432219453155994,-0.0022903287317603827,0.002992087509483099,-0.0007017591269686818,0.0010582709219306707,-0.0002578956773504615,-0.0008003753609955311,-0.0008572186343371868,0.0028322595171630383,-0.001975040417164564,0.0009549163514748216,0.001407524337992072,-0.002362440573051572,0.00044050219003111124,-8.415756747126579e-05,-0.00035634462255984545,0.0011759980116039515,0.004281518515199423,-0.005457516293972731,0.0004976296331733465,0.0007311643566936255,-0.001228793989866972,0.0015493301907554269,0.0007147312280721962,-0.002264061477035284,-0.0002922622370533645,-0.001231274800375104,0.0015235370956361294],[-0.00538063608109951,-0.00019709888147190213,0.005577736534178257,0.01175487320870161,-0.0033324123360216618,-0.007422460243105888,-0.0012684229295700788,-0.0018093726830556989,0.0030777957290410995,0.0010392003459855914,0.00035325129283592105,-0.0013924515806138515,-0.0003279300290159881,-0.002767247147858143,0.0030951770022511482,-0.0011031896574422717,0.0007992118480615318,0.00030397780938073993,0.0003361896669957787,0.00010660856059985235,-0.0004427981621120125,-0.000373929477063939,-5.918458919040859e-05,0.00043311400804668665,0.0006691282032988966,0.0013112375745549798,-0.001980365952476859,-0.0010223533026874065,0.0003964014758821577,0.0006259519141167402,0.0002568691852502525,-0.00029358480242080986,3.6715646274387836e-05,0.0008502259152010083,9.106541983783245e-05,-0.0009412913932465017,0.0008837946224957705,-0.00040402356535196304,-0.00047977128997445107,0.0008119902922771871,0.0016857982845976949,-0.0024977889843285084,0.0009360476979054511,0.0010482626967132092,-0.0019843103364109993,-0.0018167684320360422,-0.0002598961291369051,0.0020766642410308123,0.00105485029052943,-0.0012044577160850167,0.00014960745465941727,-5.133470403961837e-05,8.730964509595651e-06,4.260375862941146e-05,0.0007666439050808549,0.0013292344519868493,-0.0020958781242370605,-4.9343154387315735e-05,0.000702143064700067,-0.0006527999066747725,0.0004840130568481982,-0.0001982726389542222,-0.0002857404761016369,-0.0005185915506444871,0.00021024714806117117,0.00030834448989480734,0.0006836969405412674,-0.0002923971333075315,-0.0003912999527528882,-0.0012536433059722185,-0.00020920613314956427,0.0014628494391217828,0.0009338066447526217,0.0011207894422113895,-0.002054596086964011,-0.0006340648396871984,-0.0008941769483499229,0.0015282416716217995,0.000879791914485395,-0.0010677492246031761,0.00018795725191012025,-0.0011805419344455004,-1.4870864106342196e-05,0.0011954129440709949],[0.0029693646356463432,0.01089957170188427,-0.013868935406208038,-0.0033324123360216618,0.028781484812498093,-0.024449067190289497,-0.00040297815576195717,0.003900530282407999,-0.003497552126646042,0.002660413971170783,0.009695939719676971,-0.012356352061033249,0.0014602015726268291,-0.002296802122145891,0.0008366004331037402,-0.005796447396278381,-0.0009090435924008489,0.006705490406602621,-0.002269194694235921,0.006977084092795849,-0.004707890097051859,-0.0012909101787954569,-0.0008789255516603589,0.0021698360797017813,0.002496617380529642,0.005419785622507334,-0.007916403003036976,-0.002064036438241601,-0.0001745277550071478,0.0022385641932487488,-0.003231761045753956,0.0032501767855137587,-1.8416147213429213e-05,0.0013894268777221441,-0.0014220703160390258,3.2643089070916176e-05,0.0012935632839798927,-0.0018551943358033895,0.0005616308772005141,-0.0008292547427117825,0.0016068695113062859,-0.0007776144193485379,-0.0005876087816432118,-0.00538378581404686,0.00597139447927475,0.000308852584566921,-0.003100988920778036,0.002792136278003454,-0.0007376021239906549,0.0011259797029197216,-0.00038837752072140574,-0.0019036196172237396,0.005662956275045872,-0.0037593364249914885,0.002153025707229972,0.001647867844440043,-0.0038008936680853367,-0.0008533903164789081,-0.0028101857751607895,0.0036635762080550194,-0.001242396654561162,0.0028558187186717987,-0.0016134219476953149,0.0009487377828918397,0.0007023932412266731,-0.0016511311987414956,-0.00047125056153163314,0.0018034696113318205,-0.00133221922442317,0.0010463852668181062,-0.0006164341466501355,-0.0004299509746488184,-0.00035981315886601806,0.0007303219172172248,-0.0003705087583512068,-0.0015737342182546854,-0.0008439188823103905,0.0024176533333957195,0.000990642816759646,0.0018330748425796628,-0.0028237176593393087,0.000607041351031512,0.002458257367834449,-0.0030652987770736217],[0.0024112719111144543,-0.010702474042773247,0.008291198872029781,-0.007422460243105888,-0.024449067190289497,0.03287153318524361,0.001671404461376369,-0.0020911595784127712,0.0004197546513751149,-0.0036996155977249146,-0.010049190372228622,0.013748805038630962,-0.001132274861447513,0.005064043682068586,-0.003931769169867039,0.006899639032781124,0.0001098326756618917,-0.007009470369666815,0.0019330044742673635,-0.00708369305357337,0.005150688346475363,0.001664839219301939,0.0009381109848618507,-0.002602949971333146,-0.003165747271850705,-0.006731026340276003,0.009896774776279926,0.0030863904394209385,-0.00022187340073287487,-0.0028645172715187073,0.002974890638142824,-0.002956592943519354,-1.8297825590707362e-05,-0.0022396529093384743,0.0013310043141245842,0.0009086487116292119,-0.0021773604676127434,0.002259214874356985,-8.185452315956354e-05,1.7263926565647125e-05,-0.0032926660496741533,0.0032754018902778625,-0.00034843949833884835,0.004335520789027214,-0.003987081348896027,0.001507916022092104,0.003360886126756668,-0.004868801683187485,-0.0003172480210196227,7.847791130188853e-05,0.00023877015337347984,0.001954954117536545,-0.005671687424182892,0.0037167328409850597,-0.002919668797403574,-0.002977101830765605,0.005896770860999823,0.0009027335909195244,0.0021080411970615387,-0.0030107744969427586,0.0007583840633742511,-0.002657546428963542,0.0018991621909663081,-0.0004301461158320308,-0.000912640942260623,0.0013427871745079756,-0.00021244620438665152,-0.0015110716922208667,0.0017235176637768745,0.00020725876674987376,0.0008256402797996998,-0.001032899017445743,-0.0005739932530559599,-0.001851110951974988,0.002425104146823287,0.0022077993489801884,0.001738095423206687,-0.003945894539356232,-0.0018704354297369719,-0.0007653268985450268,0.0026357625611126423,0.0005735009908676147,-0.0024433869402855635,0.0018698859494179487],[0.0009650420979596674,0.003023318015038967,-0.003988360054790974,-0.0012684229295700788,-0.00040297815576195717,0.001671404461376369,-0.001030351035296917,0.00811776053160429,-0.0060874093323946,-0.0016119115753099322,0.0012159779435023665,0.00039593386463820934,-0.000130929343868047,-0.0004968753783032298,0.0006278045475482941,-0.0005106800817884505,0.0014930344186723232,-0.0009823543950915337,0.00011918810923816636,0.0007261481950990856,-0.0008453365880995989,0.0005141333094798028,0.0016167296562343836,-0.0021308627910912037,0.0026852386072278023,-0.003121117129921913,0.00043587834807112813,0.00024214315635617822,0.0004957827040925622,-0.0007379259914159775,8.761888602748513e-05,-0.0006770616164430976,0.0005894425557926297,0.0008074479410424829,0.0002516695240046829,-0.001059117610566318,0.0020258016884326935,-0.0037476844154298306,0.001721882726997137,0.0017321491613984108,-0.0013831410324200988,-0.0003490083909127861,0.0015491603408008814,0.0013143200194463134,-0.002863480243831873,-0.0018873612862080336,0.0029541365802288055,-0.001066775294020772,0.00047303756582550704,-0.0013151542516425252,0.0008421166567131877,-0.000889755436219275,0.0008233899134211242,6.63656392134726e-05,-0.0005106185562908649,-0.00015425878518726677,0.0006648773560300469,0.00012976070865988731,-0.0006888945354148746,0.0005591338267549872,0.00021998933516442776,0.0005039726966060698,-0.0007239620317704976,0.00010735075920820236,0.00042770346044562757,-0.0005350542487576604,-0.0002625563647598028,-5.332857836037874e-05,0.00031588494312018156,0.00040063640335574746,-0.0003974866704083979,-3.149762051180005e-06,-0.0008591791847720742,0.0014315145090222359,-0.0005723354406654835,0.0005250950343906879,0.0007894601440057158,-0.0013145551783964038,-0.00023174948000814766,0.0003094318090006709,-7.768234354443848e-05,0.0012026699259877205,-0.000536478532012552,-0.0006661911611445248],[-0.00020665378542616963,0.0045438469387590885,-0.004337192978709936,-0.0018093726830556989,0.003900530282407999,-0.0020911595784127712,0.00811776053160429,0.012388885952532291,-0.01950664445757866,-0.001388882752507925,0.001740101259201765,-0.00035121850669384,0.0001644754665903747,0.004725689068436623,-0.004890164360404015,-0.0024203946813941,0.0008255698485299945,0.0015948247164487839,-0.0017181814182549715,-0.00024554820265620947,0.0019637299701571465,-0.0008340906351804733,0.001945312600582838,-0.001111221848987043,0.001214414369314909,0.004435284063220024,-0.005649698432534933,-0.0006267972639761865,0.0006089273956604302,1.7869926523417234e-05,1.3313605450093746e-05,0.0029103776905685663,-0.0029236911796033382,0.0006944283959455788,0.0019205668941140175,-0.0026149956975132227,-0.0006525131757371128,0.002843377413228154,-0.002190864644944668,-0.0008935717632994056,0.0014745325315743685,-0.0005809606518596411,-0.0006894848775118589,0.0006361824925988913,5.330238491296768e-05,-2.291207783855498e-05,0.0026246639899909496,-0.0026017518248409033,-0.0006638742052018642,0.0016622594557702541,-0.0009983853669837117,0.00011140835704281926,0.0010261062998324633,-0.0011375147150829434,-0.0005634855479001999,0.0003990819095633924,0.00016440365288872272,0.0006004319875501096,-0.0017582623986527324,0.0011578304693102837,-0.0007090530125424266,0.00046112615382298827,0.00024792697513476014,0.0002934688236564398,0.0015116222202777863,-0.001805091043934226,0.0005454313941299915,0.000290668715024367,-0.000836100080050528,-0.0008437485084868968,0.0006335494108498096,0.0002101990976370871,0.00042607984505593777,0.0009290406014770269,-0.0013551204465329647,-3.878647112287581e-05,0.0018136512953788042,-0.0017748648533597589,-0.0003077385190408677,0.0021922183223068714,-0.0018844797741621733,-0.0008406503475271165,0.001008995226584375,-0.00016834511188790202],[-0.0007583886617794633,-0.00756716588512063,0.008325553499162197,0.0030777957290410995,-0.003497552126646042,0.0004197546513751149,-0.0060874093323946,-0.01950664445757866,0.02659405767917633,0.003000793978571892,-0.0029560786206275225,-4.471524152904749e-05,-3.354495856910944e-05,-0.004228812176734209,0.004262357018887997,0.002931075170636177,-0.002318605314940214,-0.0006124695064499974,0.001598993199877441,-0.00048059949767775834,-0.0011183934984728694,0.00031995767494663596,-0.003562042023986578,0.0032420845236629248,-0.0038996536750346422,-0.0013141667004674673,0.005213821306824684,0.00038465368561446667,-0.0011047106236219406,0.000720056879799813,-0.00010093225864693522,-0.002233315259218216,0.0023342478089034557,-0.0015018766280263662,-0.0021722367964684963,0.0036741134244948626,-0.0013732886873185635,0.0009043065365403891,0.00046898238360881805,-0.0008385779801756144,-9.139205212704837e-05,0.0009299700614064932,-0.0008596753468737006,-0.0019505026284605265,0.0028101778589189053,0.001910274033434689,-0.005578799173235893,0.0036685254890471697,0.0001908369013108313,-0.00034710572799667716,0.0001562688557896763,0.0007783478358760476,-0.0018494949908927083,0.0010711471550166607,0.0010741041041910648,-0.00024482421576976776,-0.0008292800048366189,-0.0007301927544176579,0.0024471557699143887,-0.0017169630154967308,0.0004890636773779988,-0.0009650986175984144,0.00047603482380509377,-0.0004008196701761335,-0.001939326524734497,0.002340146340429783,-0.0002828745055012405,-0.00023734092246741056,0.0005202153697609901,0.0004431121633388102,-0.00023606192553415895,-0.0002070503542199731,0.0004330995725467801,-0.0023605558089911938,0.0019274561200290918,-0.00048630888340994716,-0.002603111555799842,0.00308942049741745,0.0005394879844971001,-0.002501650480553508,0.0019621625542640686,-0.00036201957846060395,-0.0004725158796645701,0.0008345353417098522],[-0.0004881552013102919,0.00019785633776336908,0.0002902968553826213,0.0010392003459855914,0.002660413971170783,-0.0036996155977249146,-0.0016119115753099322,-0.001388882752507925,0.003000793978571892,0.008675890043377876,-0.0014641634188592434,-0.0062117259949445724,-0.0005175995756871998,-0.001766277477145195,0.0022838772274553776,0.00021669091074727476,0.0007365519413724542,-0.0009532428230158985,0.000763857620768249,-0.0008803450036793947,0.00011648755753412843,0.00045862633851356804,0.00013256346574053168,-0.0005911897169426084,1.1899101082235575e-05,0.0004930805880576372,-0.0005049797473475337,0.00022589086438529193,-3.281039244029671e-05,-0.00019308037008158863,0.0009748015436343849,0.000621949671767652,-0.0015967510407790542,0.00010877120075747371,-0.00038434413727372885,0.0002755728783085942,0.0012050907826051116,-0.00021378090605139732,-0.000991309992969036,-0.00023333016724791378,0.0002883191336877644,-5.4989010095596313e-05,0.0005733700818382204,0.0009211488650180399,-0.0014945189468562603,-0.0004952226299792528,2.2177817299962044e-05,0.00047304475447162986,0.0008290447876788676,0.0005663982592523098,-0.0013954429887235165,0.00028427576762624085,-7.578163058497012e-05,-0.00020849413704127073,-0.0005520565900951624,0.00022050811094231904,0.00033154847915284336,-0.00014775883755646646,0.0011736657470464706,-0.0010259068803861737,5.203881300985813e-05,-0.0012986940564587712,0.0012466551270335913,-0.000852713012136519,-0.001752399024553597,0.0026051122695207596,0.00035984732676297426,0.00034657117794267833,-0.000706418533809483,-0.000488419842440635,0.0009426536853425205,-0.0004542339011095464,0.0007403685594908893,0.0007336231647059321,-0.0014739916659891605,-1.508236164227128e-05,-0.00039111776277422905,0.0004062000953126699,0.0008951620548032224,-0.0004977622302249074,-0.00039739979547448456,-0.0009364548022858799,0.00026744272327050567,0.0006690119626000524],[0.0008018859080038965,0.001919785630889237,-0.0027216700837016106,0.00035325129283592105,0.009695939719676971,-0.010049190372228622,0.0012159779435023665,0.001740101259201765,-0.0029560786206275225,-0.0014641634188592434,0.01079999003559351,-0.00833582878112793,0.0014135877136141062,0.0009250410366803408,-0.0023386289831250906,-0.0016948343254625797,0.0007506683468818665,0.0009441660949960351,-0.0022952533327043056,0.0019497963367030025,0.00034545696689747274,0.002449124353006482,0.0027098360005766153,-0.0051589603535830975,-0.0004814437124878168,0.0008354083984158933,-0.00035396439488977194,0.0004008419346064329,-0.00039791702874936163,-2.92473123408854e-06,-0.0013977878261357546,0.0018888070480898023,-0.000491018989123404,0.0009776863735169172,-0.0001194504729937762,-0.0008582360460422933,0.0013386766659095883,-0.002741873497143388,0.0014031969476491213,-0.0007666869205422699,3.696128260344267e-06,0.0007629907922819257,-0.00020637412671931088,-0.003809436224400997,0.004015810322016478,0.00044264737516641617,-0.00027366855647414923,-0.00016897870227694511,-0.0003401435096748173,0.001307816943153739,-0.0009676734916865826,-0.0012472006492316723,0.002150721848011017,-0.0009035210823640227,0.0013345448533073068,0.002899262821301818,-0.0042338077910244465,-0.0013739243149757385,-0.0014683057088404894,0.0028422297909855843,-0.00123274652287364,6.117139128036797e-05,0.0011715752771124244,-1.4958990504965186e-05,0.0005853123730048537,-0.0005703533533960581,0.0002532735525164753,0.00112672068644315,-0.001379994209855795,-0.00036117073614150286,0.0020219215657562017,-0.001660750713199377,-0.0007324779871851206,0.0016576815396547318,-0.0009252035524696112,-0.000504333816934377,0.00013961383956484497,0.00036471994826570153,0.0016005028737708926,0.0008267622906714678,-0.0024272650480270386,0.0008578802226111293,0.0023362827487289906,-0.003194162854924798],[-0.0003137305611744523,-0.0021176417358219624,0.0024313731119036674,-0.0013924515806138515,-0.012356352061033249,0.013748805038630962,0.00039593386463820934,-0.00035121850669384,-4.471524152904749e-05,-0.0062117259949445724,-0.00833582878112793,0.015547556802630424,-0.0008959880215115845,0.0008412360330112278,5.475222133100033e-05,0.0014781442005187273,-0.0014872192405164242,9.07518551684916e-06,0.0015313955955207348,-0.0010694487718865275,-0.0004619461251422763,-0.002907752525061369,-0.0028424004558473825,0.005750152748078108,0.0004695426323451102,-0.0013284890446811914,0.0008589460048824549,-0.000626731663942337,0.00043072743574157357,0.00019600422820076346,0.0004229862825013697,-0.0025107567198574543,0.0020877704955637455,-0.0010864587966352701,0.0005037931259721518,0.0005826657870784402,-0.002543766750022769,0.002955653006210923,-0.0004118861397728324,0.001000016462057829,-0.0002920167753472924,-0.0007079996867105365,-0.00036699778866022825,0.0028882906772196293,-0.0025212925393134356,5.257406155578792e-05,0.00025149196153506637,-0.00030406599398702383,-0.000488902092911303,-0.0018742154352366924,0.0023631174117326736,0.0009629257256165147,-0.0020749401301145554,0.0011120144044980407,-0.0007824889034964144,-0.003119770437479019,0.0039022595155984163,0.0015216836472973228,0.0002946398744825274,-0.0018163236090913415,0.001180707709863782,0.0012375232763588428,-0.0024182309862226248,0.0008676717989146709,0.0011670878157019615,-0.0020347596146166325,-0.0006131210830062628,-0.0014732921263203025,0.002086413325741887,0.0008495900547131896,-0.002964575309306383,0.0021149851381778717,-7.890164852142334e-06,-0.0023913048207759857,0.002399194985628128,0.0005194160039536655,0.00025150430155918,-0.0007709201890975237,-0.0024956651031970978,-0.00032899979851208627,0.0028246650472283363,7.857443415559828e-05,-0.002603725763037801,0.002525151474401355],[0.0007160990498960018,-0.0009637493640184402,0.0002476484514772892,-0.0003279300290159881,0.0014602015726268291,-0.001132274861447513,-0.000130929343868047,0.0001644754665903747,-3.354495856910944e-05,-0.0005175995756871998,0.0014135877136141062,-0.0008959880215115845,0.01178979966789484,-0.004154636058956385,-0.006635162979364395,-0.0008851658785715699,-0.0003367762838024646,0.0012219420168548822,9.189790580421686e-05,0.0005049597239121795,-0.0005968576297163963,0.00029172838549129665,0.0005254404386505485,-0.000817168562207371,0.0018595843575894833,-0.0007224091095849872,-0.0011371754808351398,-0.0004970323643647134,-8.418384823016822e-06,0.0005054508801549673,0.0008965493179857731,0.0011154107050970197,-0.0020119603723287582,0.00012789774336852133,0.0004768233629874885,-0.0006047212518751621,0.0009393825894221663,-0.0008330742130056024,-0.00010630846372805536,0.00034166025579907,-0.0004181233234703541,7.646295125596225e-05,-0.0012939240550622344,-0.000509458826854825,0.0018033828819170594,0.0006644853856414557,-3.8217054679989815e-05,-0.0006262683309614658,-1.9328377675265074e-05,-0.0008319365442730486,0.0008512649219483137,0.000268324016360566,-0.00029831076972186565,2.9986767913214862e-05,4.490774153964594e-05,-0.00023437116760760546,0.00018946344789583236,-7.315794937312603e-05,-0.001169514493085444,0.0012426723260432482,-7.027178071439266e-06,-0.00042379810474812984,0.00043082534102723,0.0014812943991273642,0.0011600565630942583,-0.0026413514278829098,9.386248711962253e-05,0.00012201338540762663,-0.00021587579976767302,-0.0009604384540580213,-0.0008214848348870873,0.0017819232307374477,-0.00010346114140702412,-0.0007155669154599309,0.0008190280641429126,-0.0009320504032075405,-0.0004557102802209556,0.001387760741636157,0.0001686477626208216,-0.0003488321090117097,0.00018018443370237947,0.0011012095492333174,0.00043405938777141273,-0.0015352688496932387],[-0.0009478427818976343,0.0036624278873205185,-0.0027145857457071543,-0.002767247147858143,-0.002296802122145891,0.005064043682068586,-0.0004968753783032298,0.004725689068436623,-0.004228812176734209,-0.001766277477145195,0.0009250410366803408,0.0008412360330112278,-0.004154636058956385,0.02146257646381855,-0.01630793884396553,-0.000511056394316256,-0.001871962333098054,0.002383018610998988,-0.0009540001046843827,-0.00255281338468194,0.0035068136639893055,0.0004502756637521088,0.0005145629402250051,-0.0009648386621847749,0.001124874223023653,-0.0002985917963087559,-0.0008262824267148972,-0.0010413809213787317,-0.001046288525685668,0.0020876696798950434,0.001824746374040842,0.0008874431950971484,-0.0027121894527226686,-0.000580279272980988,0.0011636383133009076,-0.0005833589239045978,0.0012074995320290327,0.0016081116627901793,-0.0028156114276498556,-0.002075536409392953,-0.0011818957282230258,0.003257432719692588,-0.004502786323428154,0.0020897749345749617,0.0024130106903612614,0.0027757687494158745,0.000103658479929436,-0.0028794268146157265,-0.0016461682971566916,0.0016812701942399144,-3.510175156407058e-05,0.001354370266199112,-0.0009336259099654853,-0.00042074432712979615,-0.00038497199420817196,0.0009305786807090044,-0.0005456065409816802,-0.0002444323035888374,-0.002662479877471924,0.0029069120064377785,-0.00010813208064064384,-0.00031959242187440395,0.00042772458982653916,0.001645656768232584,0.0023176362738013268,-0.003963293042033911,0.0006590321427211165,0.0004997820360586047,-0.0011588141787797213,-0.0009551323018968105,-0.0015715640038251877,0.002526696305721998,-0.00014180902508087456,-0.0009413262014277279,0.001083135255612433,-0.0011915343347936869,0.0010463440557941794,0.00014519022079184651,-0.0004554219776764512,0.001562157878652215,-0.0011067359009757638,0.0010132641764357686,0.0016169468872249126,-0.0026302107144147158],[0.00023174397938419133,-0.0026986775919795036,0.0024669370613992214,0.0030951770022511482,0.0008366004331037402,-0.003931769169867039,0.0006278045475482941,-0.004890164360404015,0.004262357018887997,0.0022838772274553776,-0.0023386289831250906,5.475222133100033e-05,-0.006635162979364395,-0.01630793884396553,0.023943105712532997,0.0013962220400571823,0.002208738587796688,-0.0036049606278538704,0.0008621014421805739,0.002047852845862508,-0.0029099539387971163,-0.0007420036126859486,-0.0010400026803836226,0.0017820058856159449,-0.0029844604432582855,0.0010210006730630994,0.0019634596537798643,0.0015384128782898188,0.0010547072160989046,-0.0025931200943887234,-0.0027212947607040405,-0.0020028536673635244,0.004724148195236921,0.00045238196616992354,-0.0016404615016654134,0.0011880792444571853,-0.00214688410051167,-0.0007750381482765079,0.0029219225980341434,0.0017338754842057824,0.001600018236786127,-0.0033338936045765877,0.00579671049490571,-0.001580315176397562,-0.004216393921524286,-0.003440254367887974,-6.544182542711496e-05,0.0035056956112384796,0.0016654962673783302,-0.0008493329514749348,-0.0008161631412804127,-0.0016226936131715775,0.001231936039403081,0.00039075754466466606,0.00034006458008661866,-0.0006962079205550253,0.0003561432531569153,0.0003175893798470497,0.0038319947198033333,-0.004149584099650383,0.00011515896767377853,0.0007433905266225338,-0.0008585494360886514,-0.003126951400190592,-0.003477692138403654,0.006604643538594246,-0.0007528941496275365,-0.0006217954214662313,0.0013746896293014288,0.0019155703485012054,0.0023930484894663095,-0.004308618605136871,0.00024527046480216086,0.0016568922437727451,-0.0019021626794710755,0.0021235852036625147,-0.000590634299442172,-0.001532950671389699,0.00028677424415946007,-0.0012133261188864708,0.0009265518165193498,-0.0021144733764231205,-0.002051006071269512,0.004165478982031345],[0.001038209069520235,-0.005108706187456846,0.0040704975835978985,-0.0011031896574422717,-0.005796447396278381,0.006899639032781124,-0.0005106800817884505,-0.0024203946813941,0.002931075170636177,0.00021669091074727476,-0.0016948343254625797,0.0014781442005187273,-0.0008851658785715699,-0.000511056394316256,0.0013962220400571823,0.004081015940755606,0.0008931928314268589,-0.003974206745624542,0.00045170815428718925,-0.0011741662165150046,0.0007224581204354763,0.00036474294029176235,-0.0005898849340155721,0.00022514199372380972,-0.0019160358933731914,-0.004436686169356108,0.006352722179144621,0.0015982463955879211,-0.00134114152751863,-0.00025710492627695203,-0.0006238866480998695,-0.0031836724374443293,0.0038075593765825033,-0.00041660398710519075,-0.0016128374263644218,0.0020294415298849344,-0.0005154975224286318,-0.0019401025492697954,0.002455600304529071,0.002990094944834709,-0.005219162441790104,0.002229067264124751,0.0009010662324726582,0.00130865175742656,-0.0022097178734838963,-0.00013607775326818228,0.000584015971980989,-0.00044793824781663716,0.002066928194835782,-0.0014730961993336678,-0.0005938319955021143,0.000287915812805295,-0.0012313197366893291,0.0009434039238840342,-0.0019199240487068892,-0.0015963762998580933,0.0035163003485649824,-0.0005762946675531566,0.0015277540078386664,-0.000951459223870188,0.0009162905043922365,-0.001037384383380413,0.00012109374074498191,-0.0012419302947819233,-0.0017135783564299345,0.0029555088840425014,-0.0004027525137644261,-0.0006096541183069348,0.0010124066611751914,0.0008157407282851636,0.0018223304068669677,-0.0026380708441138268,0.000855454127304256,-0.0007495968602597713,-0.00010585706331767142,0.00012598722241818905,-0.0004912338918074965,0.0003652466693893075,-0.0007282202714122832,-0.0008369740680791438,0.001565194339491427,-0.0006122601917013526,-0.0003581401251722127,0.000970400171354413],[8.946680463850498e-05,-0.0030654508154839277,0.0029759849421679974,0.0007992118480615318,-0.0009090435924008489,0.0001098326756618917,0.0014930344186723232,0.0008255698485299945,-0.002318605314940214,0.0007365519413724542,0.0007506683468818665,-0.0014872192405164242,-0.0003367762838024646,-0.001871962333098054,0.002208738587796688,0.0008931928314268589,0.01223153155297041,-0.012124721892178059,-0.0016109958523884416,-0.0017821434885263443,0.003393139224499464,-0.0006614588783122599,0.00010911095887422562,0.0005523477448150516,-0.0004705744795501232,-0.00043834748794324696,0.0009089219383895397,0.0005294764996506274,-0.00020946809672750533,-0.0003200083738192916,-0.0008461513789370656,-0.0012643984518945217,0.002110549947246909,-0.0003965814830735326,-0.002130517503246665,0.0025270991027355194,0.00040628763963468373,-0.0034026731736958027,0.0029963855631649494,-0.0008078519022092223,0.00010793062392622232,0.0006999213946983218,0.002297449391335249,-0.0015541459433734417,-0.0007433033315464854,-0.002093095099553466,0.003680066205561161,-0.0015869711060076952,0.0011542313732206821,-0.0009664105600677431,-0.00018782084225676954,0.00036965138860978186,0.0010067818220704794,-0.0013764332979917526,-0.0005778230843134224,0.00010521872900426388,0.0004726042679976672,-0.0004413313581608236,0.002783738076686859,-0.0023424066603183746,0.00012135549332015216,-0.0005047312006354332,0.0003833757946267724,-0.0006130526307970285,-0.0001101403177017346,0.0007231930503621697,1.271453220397234e-05,0.0005552686052396894,-0.0005679831374436617,-0.001018036506138742,0.0014827852137386799,-0.00046474882401525974,0.0006776106311008334,-0.00018573478155303746,-0.0004918758640997112,-0.0007179128006100655,-0.00011223071487620473,0.0008301435736939311,-0.0003344911674503237,0.0009978624293580651,-0.0006633711745962501,-0.0009047469357028604,0.0016265707090497017,-0.0007218239479698241],[-0.0011276756413280964,0.00817415677011013,-0.0070464820601046085,0.00030397780938073993,0.006705490406602621,-0.007009470369666815,-0.0009823543950915337,0.0015948247164487839,-0.0006124695064499974,-0.0009532428230158985,0.0009441660949960351,9.07518551684916e-06,0.0012219420168548822,0.002383018610998988,-0.0036049606278538704,-0.003974206745624542,-0.012124721892178059,0.0170989278703928,0.0011592877563089132,0.0029563098214566708,-0.004115597810596228,0.00029671727679669857,0.00048077490646392107,-0.0007774920668452978,0.0023866102565079927,0.004875033162534237,-0.007261643651872873,-0.002127722604200244,0.0015506083145737648,0.0005771146970801055,0.001470038085244596,0.004448069725185633,-0.005918107461184263,0.0008131851209327579,0.0037433532997965813,-0.004556539002805948,0.00010921119246631861,0.0053427754901349545,-0.0054519870318472385,-0.0021822405979037285,0.005111231002956629,-0.0029289904050529003,-0.003198515623807907,0.0002454952336847782,0.0029530201572924852,0.0022291727364063263,-0.0042640818282961845,0.0020349095575511456,-0.0032211593352258205,0.0024395075161010027,0.0007816516445018351,-0.0006575675797648728,0.00022453743440564722,0.00043303007259964943,0.002497746143490076,0.0014911559410393238,-0.0039889016188681126,0.0010176262585446239,-0.00431149173527956,0.0032938653603196144,-0.0010376455029472709,0.0015421143034473062,-0.0005044685676693916,0.0018549833912402391,0.0018237188924103975,-0.003678702749311924,0.00039003771962597966,5.4386211559176445e-05,-0.000444423989392817,0.0002022958651650697,-0.0033051148056983948,0.0031028189696371555,-0.0015330648748204112,0.0009353314526379108,0.0005977334803901613,0.0005919262766838074,0.0006034650723449886,-0.001195391290821135,0.0010627111187204719,-0.00016088748816400766,-0.0009018235141411424,0.0015170073602348566,-0.0012684285175055265,-0.0002485786972101778],[0.0007720348658040166,-0.0020905632991343737,0.001318527152761817,0.0003361896669957787,-0.002269194694235921,0.0019330044742673635,0.00011918810923816636,-0.0017181814182549715,0.001598993199877441,0.000763857620768249,-0.0022952533327043056,0.0015313955955207348,9.189790580421686e-05,-0.0009540001046843827,0.0008621014421805739,0.00045170815428718925,-0.0016109958523884416,0.0011592877563089132,0.007180511951446533,-0.00623538251966238,5.4869859013706446e-05,-0.0006369687616825104,-0.0019676778465509415,0.002604647073894739,0.0005661047762259841,-0.0004279056447558105,-0.0001381991314701736,0.00011708383681252599,0.00018107471987605095,-0.00029815867310389876,0.0014288160018622875,0.0008152282680384815,-0.00224404432810843,0.0008711310802027583,0.0009007758926600218,-0.001771907089278102,0.0010013699065893888,0.0013056423049420118,-0.0023070124443620443,-0.0004526237607933581,0.0011354577727615833,-0.0006828338373452425,0.00014735583681613207,-0.0004925021203234792,0.00034514645813032985,0.00036763178650289774,-0.00042650915565900505,5.887731094844639e-05,0.0013859672471880913,0.0006799682741984725,-0.0020659356378018856,-0.00019928233814425766,1.6083416994661093e-05,0.00018319889204576612,-0.0011832083109766245,-0.001105088391341269,0.0022882968187332153,0.0004124647530261427,-0.00013387722719926387,-0.00027858742396347225,-0.00015602007624693215,0.0008191693923436105,-0.0006631492869928479,-0.00035323359770700336,-0.0010914492886513472,0.0014446829445660114,0.0003145771916024387,-0.0010498935589566827,0.0007353164255619049,-0.00016598845832049847,-0.0002565604809205979,0.00042254896834492683,0.0002491440100129694,7.750566874165088e-05,-0.0003266496933065355,-1.7062167898984626e-05,-4.2524945456534624e-05,5.9587095165625215e-05,0.0006953217089176178,0.0014113434590399265,-0.0021066651679575443,-0.001635140972211957,0.00024966863566078246,0.0013854720164090395],[0.001577586168423295,-0.00030832309857942164,-0.001269262284040451,0.00010660856059985235,0.006977084092795849,-0.00708369305357337,0.0007261481950990856,-0.00024554820265620947,-0.00048059949767775834,-0.0008803450036793947,0.0019497963367030025,-0.0010694487718865275,0.0005049597239121795,-0.00255281338468194,0.002047852845862508,-0.0011741662165150046,-0.0017821434885263443,0.0029563098214566708,-0.00623538251966238,0.010029075667262077,-0.0027936953119933605,0.0013750857906416059,0.0015754750929772854,-0.0029505607672035694,0.00045672088162973523,0.002265344373881817,-0.002722065430134535,-0.000602815649472177,-0.0005327091785147786,0.0011355250608175993,-0.0007844757055863738,0.0022550299763679504,-0.0014705541543662548,0.0012217095354571939,0.0008441087557002902,-0.0020658185239881277,0.00014717044541612267,0.0003054255503229797,-0.0004525957629084587,0.0003796293749473989,-0.0014113446231931448,0.001031715190038085,-0.00011683320190059021,-0.001660349778831005,0.0017771829152479768,0.00044592018821276724,0.0012552010593935847,-0.0017011211020871997,0.00011953531065955758,0.000977380434051156,-0.0010969158029183745,-0.0010083270026370883,0.0016599079826846719,-0.0006515810382552445,0.00033980238367803395,0.0014287541853263974,-0.0017685566563159227,-0.0013306558830663562,-0.0008628980140201747,0.00219355383887887,-0.0015769836027175188,0.0029285219497978687,-0.0013515381142497063,5.484395660459995e-05,0.0008002043468877673,-0.0008550483034923673,-0.0003877399431075901,0.0009737090440467,-0.0005859690136276186,0.0007576990174129605,-0.0003628091071732342,-0.00039488982292823493,-0.0002280814223922789,0.0010945243993774056,-0.0008664430351927876,-0.0003458362480159849,0.0001374583225697279,0.00020837786723859608,0.0016604539705440402,0.00254745758138597,-0.004207911901175976,-0.0009268493740819395,0.0021072933450341225,-0.0011804441455751657],[-0.002349621383473277,0.002398886252194643,-4.926486872136593e-05,-0.0004427981621120125,-0.004707890097051859,0.005150688346475363,-0.0008453365880995989,0.0019637299701571465,-0.0011183934984728694,0.00011648755753412843,0.00034545696689747274,-0.0004619461251422763,-0.0005968576297163963,0.0035068136639893055,-0.0029099539387971163,0.0007224581204354763,0.003393139224499464,-0.004115597810596228,5.4869859013706446e-05,-0.0027936953119933605,0.0037388233467936516,-0.0007381157483905554,0.00039220397593453526,0.0003459117724560201,-0.0010228242026641965,-0.0018374387873336673,0.0028602629899978638,0.00048573268577456474,0.0003516358556225896,-0.0008373685413971543,-0.0006443397141993046,-0.0030702566727995872,0.0037145966198295355,-0.002092840149998665,-0.0017448842991143465,0.003837724681943655,-0.0011485405266284943,-0.001611068262718618,0.0027596086729317904,7.299502613022923e-05,0.0002758865593932569,-0.00034888170193880796,-3.052345709875226e-05,0.002152851549908519,-0.0021223281510174274,-0.000813551596365869,-0.0008286910597234964,0.0016422426560893655,-0.0015055028488859534,-0.001657348359003663,0.0031628510914742947,0.00120760896243155,-0.001675991341471672,0.0004683822626248002,0.0008434070041403174,-0.0003236647171434015,-0.0005197423743084073,0.0009181908681057394,0.0009967752266675234,-0.0019149661529809237,0.0017330031841993332,-0.003747690934687853,0.002014687517657876,0.0002983901067636907,0.00029124575667083263,-0.0005896359216421843,7.316324627026916e-05,7.61845731176436e-05,-0.00014934793580323458,-0.0005917109665460885,0.0006193696754053235,-2.765869430731982e-05,-2.1062114683445543e-05,-0.0011720299953594804,0.001193092088215053,0.0003628988051787019,-9.493366815149784e-05,-0.0002679651079233736,-0.00235577579587698,-0.003958801738917828,0.0063145775347948074,0.002561990637332201,-0.002356961602345109,-0.00020502839470282197],[0.0022906456142663956,-0.005441064015030861,0.0031504167709499598,-0.000373929477063939,-0.0012909101787954569,0.001664839219301939,0.0005141333094798028,-0.0008340906351804733,0.00031995767494663596,0.00045862633851356804,0.002449124353006482,-0.002907752525061369,0.00029172838549129665,0.0004502756637521088,-0.0007420036126859486,0.00036474294029176235,-0.0006614588783122599,0.00029671727679669857,-0.0006369687616825104,0.0013750857906416059,-0.0007381157483905554,0.0006008747732266784,0.006511144805699587,-0.0061120181