{"epoch":0,"H":[[0.0071844980120658875,0.008866004645824432,-0.015050501562654972,-0.007293536327779293,-0.006054464727640152,0.01334800012409687,0.004090429283678532,-0.003807193599641323,-0.00028323428705334663,-0.004250099416822195,-0.006423906423151493,0.0106740053743124,-0.0032583295833319426,-0.006234129425138235,0.009492459706962109,0.005238818004727364,-0.003411393379792571,-0.0018274246249347925,-0.0015978210140019655,-0.0005770473508164287,0.0021748682484030724,-0.00040451614768244326,-0.0031597022898495197,0.0035642185248434544,-0.0030242539942264557,-0.0012977896258234978,0.004322044551372528,0.0013908488908782601,-0.0032608602195978165,0.0018700114451348782,-0.0010483362711966038,-0.0024894236121326685,0.0035377596504986286,0.004531117156147957,0.0016345955664291978,-0.006165712606161833,-0.00239590578712523,-0.002029283670708537,0.004425189457833767,-0.0029185861349105835,-0.0034346384927630424,0.006353225093334913,0.0035185397136956453,-0.0024266079999506474,-0.0010919319465756416,-0.0010458340402692556,-0.0010174534982070327,0.002063287189230323,-0.0005910479230806231,-0.004261691588908434,0.004852739162743092,-0.0016785673797130585,0.00242718611843884,-0.0007486189133487642,-0.0028974751476198435,-0.003887700382620096,0.006785175763070583,0.001050600316375494,-0.0021319924853742123,0.0010813920525833964,-0.0003395016537979245,-0.0030952291563153267,0.0034347306936979294,-8.223256736528128e-05,0.0007266862085089087,-0.0006444536265917122,-0.0017183308955281973,0.001482471008785069,0.0002358598867431283,-0.0007154509657993913,-0.001481495681218803,0.002196946647018194,6.78686483297497e-05,-0.0037836460396647453,0.0037157773040235043,0.0016369004733860493,0.0013886240776628256,-0.003025524318218231,-0.00034394802059978247,-0.0011437697103247046,0.001487717847339809,0.001769653637893498,0.0038296424318104982,-0.005599296186119318],[0.008866004645824432,-0.009693684987723827,0.0018276793416589499,-0.003862893208861351,-0.0012419833801686764,0.005104877986013889,1.1046126019209623e-05,0.0036634262651205063,-0.003674472216516733,0.005097880959510803,0.000773810432292521,-0.005871690809726715,-0.0025714687071740627,-0.002321894047781825,0.004893362522125244,-0.0023318915627896786,0.003017718903720379,-0.0006858269916847348,0.001179779414087534,-0.0006518485606648028,-0.0005279305623844266,0.007103615440428257,0.004618415609002113,-0.01172203104943037,0.0009542392799630761,-0.0011620752047747374,0.0002078353863907978,-0.0023180819116532803,-0.0010545389959588647,0.003372620791196823,0.00160386529751122,-0.0014466892462223768,-0.0001571757165947929,0.007844504900276661,0.007880004122853279,-0.015724508091807365,-0.0009613657603040338,-0.003427314106374979,0.004388680215924978,0.003618508344516158,3.6576297134160995e-05,-0.0036550844088196754,0.0003084514755755663,0.002636934397742152,-0.0029453858733177185,-0.0024605426006019115,0.004859648644924164,-0.0023991060443222523,0.0016306007746607065,-0.004024561960250139,0.0023939611855894327,0.0018418553518131375,0.0006387121975421906,-0.0024805674329400063,-0.0024131424725055695,0.0010792103130370378,0.0013339328579604626,0.0015140353934839368,-0.003688798751682043,0.002174763008952141,0.00045914785005152225,0.0004800952156074345,-0.0009392430074512959,-0.0029232532251626253,0.0019396748393774033,0.000983578385785222,-0.0005295557202771306,0.0013377631548792124,-0.0008082073763944209,-0.0019474492873996496,-7.408612873405218e-06,0.0019548574928194284,0.0003077508881688118,0.0009231845033355057,-0.0012309353332966566,0.00017551332712173462,8.283299393951893e-05,-0.0002583462046459317,-0.00042818186921067536,-0.0016407385701313615,0.002068920526653528,0.0004667951725423336,0.0033501412253826857,-0.0038169361650943756],[-0.015050501562654972,0.0018276793416589499,0.014222823083400726,0.011156427673995495,0.007296449039131403,-0.018452877178788185,-0.004101475700736046,0.0001437686150893569,0.0039577060379087925,-0.0008477827068418264,0.005650099366903305,-0.004802316427230835,0.0058297994546592236,0.008556024171411991,-0.014385823160409927,-0.0029069262091070414,0.00039367860881611705,0.0025132480077445507,0.0004180400865152478,0.0012288957368582487,-0.0016469359397888184,-0.006699097342789173,-0.0014587086625397205,0.008157804608345032,0.0020700127352029085,0.0024598671589046717,-0.004529878962785006,0.0009272306924685836,0.004315400030463934,-0.005242630839347839,-0.0005555293755605817,0.003936112392693758,-0.003380582667887211,-0.012375623919069767,-0.009514601901173592,0.021890224888920784,0.003357270732522011,0.005456596612930298,-0.008813867345452309,-0.0006999213946983218,0.0033980603329837322,-0.0026981383562088013,-0.003826991654932499,-0.00021032779477536678,0.004037318751215935,0.003506377572193742,-0.003842195961624384,0.0003358189424034208,-0.0010395538993179798,0.008286252617835999,-0.007246698252856731,-0.00016328622587025166,-0.003065897850319743,0.003229184076189995,0.005310617387294769,0.00280848890542984,-0.008119105361402035,-0.0025646365247666836,0.005820790771394968,-0.0032561547122895718,-0.00011964593431912363,0.0026151323691010475,-0.0024954862892627716,0.0030054862145334482,-0.0026663625612854958,-0.00033912353683263063,0.002247885335236788,-0.0028202333487570286,0.0005723482463508844,0.0026628999039530754,0.0014889044687151909,-0.004151804372668266,-0.00037561930366791785,0.002860461827367544,-0.0024848426692187786,-0.001812414382584393,-0.0014714573044329882,0.0032838713377714157,0.0007721295696683228,0.0027845080476254225,-0.0035566375590860844,-0.002236448461189866,-0.007179783191531897,0.009416231885552406],[-0.007293536327779293,-0.003862893208861351,0.011156427673995495,0.0131301274523139,0.004193182568997145,-0.016323311254382133,-0.0012604541843757033,0.0025626260321587324,-0.0013021721970289946,0.0032313731499016285,0.003479958977550268,-0.006711332127451897,0.0022073497530072927,0.0033845584839582443,-0.005591908469796181,-0.0028715464286506176,-0.0003132719430141151,0.00318481819704175,0.002307940274477005,-6.088174995966256e-05,-0.002247058553621173,0.0017516892403364182,-0.0016350890509784222,-0.00011659960728138685,0.002783600939437747,-0.002536676824092865,-0.000246924813836813,-0.000358246557880193,0.0016250918852165341,-0.0012668452691286802,0.000992420595139265,-0.0009820419363677502,-1.0378716979175806e-05,-0.003516947152093053,-0.005671318620443344,0.009188264608383179,0.0015568663366138935,-0.0010953760938718915,-0.00046148989349603653,0.002378807170316577,0.0002782501105684787,-0.0026570577174425125,-0.0025486010126769543,0.002800007350742817,-0.0002514070365577936,0.0018783073173835874,0.0015585521468892694,-0.0034368594642728567,0.00046369771007448435,0.002228609286248684,-0.0026923068799078465,0.0005738661857321858,-0.002535452600568533,0.001961586531251669,0.0027586298529058695,0.0012497326824814081,-0.004008362535387278,-0.0010774345137178898,0.0021770931780338287,-0.0010996587807312608,0.0003528491943143308,0.0031281220726668835,-0.003480971558019519,0.0006767644081264734,-0.0005108542391099036,-0.00016591016901656985,0.0012396444799378514,-0.001031523454003036,-0.00020812111324630678,-0.0005272927810437977,-0.0005496541270986199,0.0010769468499347568,0.00040585489477962255,0.0018768536392599344,-0.002282708417624235,-0.001178161590360105,-0.0009500890737399459,0.002128250664100051,0.00020566722378134727,-0.000609772396273911,0.0004041051724925637,-0.0013552280142903328,-0.0012945114867761731,0.0026497396174818277],[-0.006054464727640152,-0.0012419833801686764,0.007296449039131403,0.004193182568997145,0.029812142252922058,-0.033005326986312866,-0.0014028786681592464,-0.0034639202058315277,0.004866798408329487,-0.002851273864507675,0.006397994235157967,-0.0035467203706502914,0.001227447995916009,-0.001077390625141561,-0.0001500572543591261,-0.002636190038174391,-0.003571422304958105,0.0062076132744550705,-0.0009218937484547496,0.008935214020311832,-0.008013319224119186,-0.003767162561416626,0.0019919241312891245,0.0017752374988049269,0.0003517630393616855,0.0076071047224104404,-0.007958868518471718,0.001697693718597293,0.0029430710710585117,-0.004640765488147736,-0.0012421226128935814,0.00823034718632698,-0.006988225504755974,-0.002571758581325412,-0.00039966063923202455,0.0029714182019233704,0.0016693157376721501,0.006344507914036512,-0.008013823069632053,0.0002532585640437901,0.005879951175302267,-0.00613320991396904,-0.0031374460086226463,-0.002678399905562401,0.0058158463798463345,0.0018613944994285703,-0.005931660067290068,0.004070265218615532,-0.0007473566802218556,7.1695540100336075e-06,0.0007401872426271439,-0.002627368550747633,0.003896616864949465,-0.001269248896278441,0.005218357779085636,0.004173522815108299,-0.00939188152551651,1.5234290913213044e-05,0.00022288973559625447,-0.00023812403378542513,0.002849519019946456,-0.0028343345038592815,-1.5184574294835329e-05,0.0005224057240411639,0.0012360862456262112,-0.0017584918532520533,0.000384919170755893,-0.0013312671799212694,0.0009463479509577155,-0.0005543103907257318,0.0017831884324550629,-0.0012288782745599747,-0.0008787859696894884,0.0010702611180022359,-0.00019147503189742565,-0.0008878676453605294,-0.0005543644656427205,0.0014422319363802671,0.001105574076063931,0.0023765319492667913,-0.003482106141746044,-0.002344160107895732,-0.004046261310577393,0.006390421651303768],[0.01334800012409687,0.005104877986013889,-0.018452877178788185,-0.016323311254382133,-0.033005326986312866,0.05032864958047867,0.0026633318047970533,0.0009012931259348989,-0.0035646245814859867,-0.0003801014681812376,-0.009877953678369522,0.010258055292069912,-0.003434800310060382,-0.0023071658797562122,0.005741965491324663,0.005507736466825008,0.0038846952375024557,-0.009392431937158108,-0.0013860482722520828,-0.00887433160096407,0.010260380804538727,0.0020154693629592657,-0.00035683647729456425,-0.0016586334677413106,-0.003135368227958679,-0.005070428363978863,0.008205795660614967,-0.00133944780100137,-0.004568165633827448,0.005907612852752209,0.0002496987290214747,-0.007248307578265667,0.0069986083544790745,0.006088705733418465,0.006070979870855808,-0.012159684672951698,-0.0032261842861771584,-0.005249131470918655,0.00847531482577324,-0.0026320703327655792,-0.006158201023936272,0.008790271356701851,0.0056860484182834625,-0.00012161064660176635,-0.005564437247812748,-0.0037397020496428013,0.00437310803681612,-0.0006334057543426752,0.00028365827165544033,-0.002235780470073223,0.0019521224312484264,0.0020535029470920563,-0.0013611657777801156,-0.000692336936481297,-0.007976988330483437,-0.005423257127404213,0.01340024545788765,0.0010622001718729734,-0.0023999842815101147,0.0013377837603911757,-0.0032023675739765167,-0.00029379077022895217,0.003496158169582486,-0.0011991702485829592,-0.0007252319483086467,0.0019244021968916059,-0.001624565338715911,0.0023627919144928455,-0.0007382266921922565,0.001081603579223156,-0.0012335337232798338,0.00015193021681625396,0.0004729315696749836,-0.0029471158050000668,0.0024741841480135918,0.002066029002889991,0.0015044533647596836,-0.0035704821348190308,-0.0013112414162606,-0.0017667592037469149,0.003078000620007515,0.003699388587847352,0.005340770818293095,-0.009040159173309803],[0.004090429283678532,1.1046126019209623e-05,-0.004101475700736046,-0.0012604541843757033,-0.0014028786681592464,0.0026633318047970533,0.002126245992258191,0.015049900859594345,-0.016176145523786545,-0.0019455561414361,-0.0019108125707134604,0.003856368362903595,-0.0005602125311270356,-0.001866170670837164,0.0024263833183795214,0.0022728994954377413,-0.0013101475778967142,-0.0009627520921640098,-0.001389657729305327,-0.0006710047600790858,0.0020606620237231255,-0.00079177605221048,-0.001876605674624443,0.002668381202965975,0.0006282145623117685,-0.0055733369663357735,0.004945122636854649,0.001026837737299502,-0.0007616580696776509,-0.0002651795221026987,-0.0012700427323579788,-0.0008083891589194536,0.0020784318912774324,-0.0006022360175848007,-0.0012613094877451658,0.0018635456217452884,0.0009489109506830573,-0.0037544439546763897,0.002805533120408654,-0.0017993457149714231,0.0003645571123342961,0.0014347886899486184,-0.001857462339103222,0.0004927165573462844,0.0013647457817569375,0.00179093680344522,-0.0010998505167663097,-0.0006910862866789103,3.946026845369488e-05,-0.0010577740613371134,0.0010183138074353337,-0.0005993497907184064,0.000304097484331578,0.0002952521899715066,-0.0007944774115458131,-0.0003392024082131684,0.0011336799943819642,0.0005567282787524164,2.882041735574603e-05,-0.0005855487543158233,0.0004829825193155557,-0.0022083567455410957,0.0017253742553293705,-0.00044117606012150645,0.00034941485500894487,9.176114690490067e-05,-0.0008856304921209812,0.00037894913111813366,0.0005066812736913562,0.0003003460878971964,-0.0014401061926037073,0.0011397600173950195,0.0004195865767542273,-0.0011650808155536652,0.0007454942096956074,0.00010592171747703105,0.0006560017354786396,-0.0007619234966114163,-0.0005927923484705389,-0.00018656099564395845,0.0007793533150106668,7.935436588013545e-05,0.0008380160434171557,-0.0009173703147098422],[-0.003807193599641323,0.0036634262651205063,0.0001437686150893569,0.0025626260321587324,-0.0034639202058315277,0.0009012931259348989,0.015049900859594345,0.0055991001427173615,-0.019648997113108635,0.005201559979468584,0.0008534218650311232,-0.006054982542991638,-0.0022410121746361256,-0.0010851575061678886,0.003326169680804014,-0.002352472860366106,0.0011953904759138823,0.0011570827336981893,0.0007582911639474332,-0.0009351780754514039,0.00017688708612695336,-0.0019987106788903475,-0.0010287900222465396,0.0030275005847215652,0.004923229105770588,-0.004911050200462341,-1.2180011253803968e-05,-5.5392272770404816e-05,0.0015417080139741302,-0.0014863157412037253,0.0006932996329851449,-0.0002875186037272215,-0.00040578102925792336,0.0002277978928759694,0.0013666751328855753,-0.0015944732585921884,0.0007479687919840217,-0.004870927892625332,0.004122959449887276,-0.0004686245520133525,0.0007248547626659274,-0.00025623029796406627,-0.0018489202484488487,0.0025144515093415976,-0.0006655314937233925,-4.984904080629349e-05,-8.583522867411375e-05,0.00013568432768806815,0.00042663945350795984,-0.0019669365137815475,0.0015402971766889095,0.0018851235508918762,0.0005581502919085324,-0.002443273551762104,-0.002115414710715413,0.0009389622136950493,0.0011764524970203638,0.00014958290557842702,0.0007351476233452559,-0.0008847304852679372,0.0006432791124098003,-0.0009952469263225794,0.0003519674064591527,-0.00332051538862288,0.0015358254313468933,0.0017846898408606648,-0.0007224193541333079,0.0025144717656075954,-0.0017920525278896093,0.0005505891749635339,-0.00036884844303131104,-0.00018174061551690102,0.0010365587659180164,-0.00043708353769034147,-0.0005994755192659795,-0.00029323232593014836,0.0012693211901932955,-0.000976088922470808,-0.0004978908691555262,0.0008301992202177644,-0.00033230846747756004,-0.0013956748880445957,0.0011678546434268355,0.0002278203028254211],[-0.00028323428705334663,-0.003674472216516733,0.0039577060379087925,-0.0013021721970289946,0.004866798408329487,-0.0035646245814859867,-0.016176145523786545,-0.019648997113108635,0.036825139075517654,-0.0032560043036937714,0.0010573894251137972,0.002198614180088043,0.002801225520670414,0.002951329108327627,-0.005752554163336754,7.957330672070384e-05,0.00011475523933768272,-0.0001943286624737084,0.0006313672056421638,0.0016061825444921851,-0.0022375492844730616,0.0027904873713850975,0.0029053965117782354,-0.005695883650332689,-0.005551441572606564,0.01048438809812069,-0.004932946991175413,-0.0009714453481137753,-0.0007800484308972955,0.0017514938954263926,0.000576744438149035,0.0010959082283079624,-0.0016726525500416756,0.0003744359128177166,-0.00010536744957789779,-0.00026906884158961475,-0.0016968798590824008,0.008625371381640434,-0.006928492337465286,0.002267969772219658,-0.0010894123697653413,-0.0011785579845309258,0.0037063821218907833,-0.0030071712099015713,-0.0006992107373662293,-0.0017410856671631336,0.0011856838827952743,0.0005554016679525375,-0.000466099038021639,0.0030247096437960863,-0.0025586106348782778,-0.001285773003473878,-0.0008622481254860759,0.002148021012544632,0.0029098917730152607,-0.0005997600383125246,-0.0023101321421563625,-0.000706310966052115,-0.00076396728400141,0.001470278250053525,-0.0011262614279985428,0.0032036039046943188,-0.0020773420110344887,0.0037616912741214037,-0.0018852406647056341,-0.0018764510750770569,0.0016080501955002546,-0.0028934215661138296,0.0012853714870288968,-0.0008509353501722217,0.0018089542863890529,-0.000958019110839814,-0.0014561456628143787,0.0016021647024899721,-0.00014601927250623703,0.00018731078307610005,-0.0019253237405791879,0.0017380131175741553,0.001090683275833726,-0.0006436380790546536,-0.0004470449057407677,0.0013163210824131966,-0.0020058706868439913,0.0006895493716001511],[-0.004250099416822195,0.005097880959510803,-0.0008477827068418264,0.0032313731499016285,-0.002851273864507675,-0.0003801014681812376,-0.0019455561414361,0.005201559979468584,-0.0032560043036937714,0.007406522985547781,0.0073151178658008575,-0.013721640221774578,0.003047103062272072,0.0017857288476079702,-0.004832831677049398,-0.0025949827395379543,0.0023108934983611107,0.00028408889193087816,0.0018449189374223351,0.00011199950677109882,-0.001956918742507696,0.0014731006231158972,0.001966748619452119,-0.003439849242568016,0.004602620378136635,-0.0009053787216544151,-0.0036972418893128633,-0.0012515210546553135,0.0016748860944062471,-0.0004233652725815773,0.0005027530714869499,-0.0018855341477319598,0.00138278107624501,0.00033196620643138885,-0.0003158492618240416,-1.611694460734725e-05,0.0013446005759760737,-0.0031048764940351248,0.001760275918059051,0.001267425250262022,-0.0028712733183056116,0.001603847835212946,-4.600430838763714e-05,-0.000881167477928102,0.000927171902731061,-5.900760879740119e-05,0.002941135549917817,-0.002882127882912755,0.0008406414417549968,0.0028148838318884373,-0.003655525390058756,-0.00010003645002143458,0.0016793215181678534,-0.0015792850172147155,0.0003338043170515448,0.0019589269068092108,-0.002292731311172247,-0.001663239672780037,0.0007089926511980593,0.0009542471962049603,-0.0008758993935771286,0.003888759296387434,-0.0030128597281873226,-0.0002632516552694142,-0.000660612597130239,0.0009238641941919923,0.0012550412211567163,0.0014007786521688104,-0.002655819756910205,9.934670379152521e-05,-0.0009760268731042743,0.000876680132932961,4.8487112508155406e-05,0.0010581311071291566,-0.0011066182050853968,0.0009250819566659629,0.0003062265459448099,-0.00123130832798779,9.639911877457052e-05,-0.0009589431574568152,0.00086254405323416,-0.000516825239174068,-0.0003924292395822704,0.0009092544787563384],[-0.006423906423151493,0.000773810432292521,0.005650099366903305,0.003479958977550268,0.006397994235157967,-0.009877953678369522,-0.0019108125707134604,0.0008534218650311232,0.0010573894251137972,0.0073151178658008575,0.0034819189459085464,-0.00979703664779663,0.0002086232416331768,0.0027048089541494846,-0.002913431962952018,-0.002826597075909376,0.0020632315427064896,0.0007633653003722429,0.0019236260559409857,0.006216920912265778,-0.008140547201037407,0.0019453841960057616,0.004240058362483978,-0.006185442209243774,0.0011623937170952559,0.006546118296682835,-0.007708511780947447,8.617981075076386e-05,0.0018103697802871466,-0.001896549598313868,-0.0019258816028013825,0.0051598381251096725,-0.003233956638723612,-0.0009187895338982344,0.0014191851951181889,-0.0005003957776352763,0.00315925944596529,0.007233410608023405,-0.010392670519649982,-0.00045236898586153984,0.0022043329663574696,-0.0017519640969112515,-0.00012792757479473948,-0.00233456096611917,0.0024624885991215706,-0.0007505840621888638,-0.0008411369053646922,0.0015917208511382341,0.0012308461591601372,0.0008375279139727354,-0.0020683740731328726,-0.0030969073995947838,0.0036343776155263186,-0.0005374706233851612,0.001125855720601976,0.0024562901817262173,-0.003582146018743515,-0.0010919470805674791,0.00021011644275858998,0.0008818305213935673,0.0011333379661664367,0.0017084372229874134,-0.0028417750727385283,-0.0009645489044487476,-0.000342582818120718,0.0013071318389847875,0.0011217183200642467,0.0014232966350391507,-0.002545015187934041,0.0007373989792540669,-0.0009455933468416333,0.0002081942220684141,1.2006377801299095e-05,0.0011162329465150833,-0.0011282393243163824,-0.0001024971716105938,0.001031049294397235,-0.0009285521227866411,0.00027781224343925714,0.0019867485389113426,-0.0022645608987659216,-0.00137683330103755,-0.0008002867689356208,0.0021771201863884926],[0.0106740053743124,-0.005871690809726715,-0.004802316427230835,-0.006711332127451897,-0.0035467203706502914,0.010258055292069912,0.003856368362903595,-0.006054982542991638,0.002198614180088043,-0.013721640221774578,-0.00979703664779663,0.02451867051422596,-0.003255725372582674,-0.004490536637604237,0.007746261544525623,0.0054215798154473305,-0.004374124575406313,-0.0010474550072103739,-0.003768542781472206,-0.006328918971121311,0.010097460821270943,-0.003418480744585395,-0.00620680395513773,0.009625284001231194,-0.005765009671449661,-0.00564073771238327,0.011405745521187782,0.001165341236628592,-0.003485254477709532,0.0023199133574962616,0.001423129579052329,-0.0032743026968091726,0.0018511730013415217,0.0005868249572813511,-0.0011033331975340843,0.0005165081238374114,-0.004503858275711536,-0.004128532949835062,0.008632390759885311,-0.000815053004771471,0.0006669413996860385,0.00014811160508543253,0.00017393006419297308,0.0032157311215996742,-0.003389660967513919,0.0008095932425931096,-0.0020999982953071594,0.0012904051691293716,-0.0020714877173304558,-0.0036524105817079544,0.0057238987646996975,0.003196945646777749,-0.005313699133694172,0.002116754185408354,-0.0014596590772271156,-0.004415217787027359,0.005874876864254475,0.002755184890702367,-0.0009191076387651265,-0.001836077426560223,-0.00025743950391188264,-0.005597195588052273,0.005854635499417782,0.0012278012000024319,0.001003194018267095,-0.002230995334684849,-0.002376758959144354,-0.0028240750543773174,0.005200834013521671,-0.0008367453701794147,0.0019216202199459076,-0.0010848748497664928,-6.04935921728611e-05,-0.002174363238736987,0.002234856830909848,-0.0008225844940170646,-0.0013372758403420448,0.002159859985113144,-0.0003742108528967947,-0.0010278038680553436,0.0014020147500559688,0.0018936588894575834,0.0011927168816328049,-0.0030863757710903883],[-0.0032583295833319426,-0.0025714687071740627,0.0058297994546592236,0.0022073497530072927,0.001227447995916009,-0.003434800310060382,-0.0005602125311270356,-0.0022410121746361256,0.002801225520670414,0.003047103062272072,0.0002086232416331768,-0.003255725372582674,-0.0015765184070914984,0.013636700809001923,-0.011060183867812157,-0.0009313912014476955,0.0011935790535062551,-0.0002621879684738815,0.0012974783312529325,0.0008623690810054541,-0.0021598476450890303,0.0007055114256218076,0.0012080081505700946,-0.0019135194597765803,0.0021348202135413885,-0.0037042342592030764,0.001569413929246366,-4.067047848366201e-05,3.333004133310169e-05,7.3404371505603194e-06,0.00018853647634387016,0.0003593690926209092,-0.0005479055107571185,-0.0002115856041200459,-0.0007382010226137936,0.0009497866267338395,0.0018547436920925975,-0.0034241366665810347,0.001569393090903759,0.0014683740446344018,-0.0010430561378598213,-0.00042531825602054596,0.00030545706977136433,-0.0010916008614003658,0.0007861438789404929,0.00029433524468913674,0.0010634639766067266,-0.0013577992795035243,0.0005938916001468897,-0.0010863000061362982,0.0004924084059894085,-0.0013637032825499773,-0.001234274823218584,0.0025979778729379177,0.0013062215875834227,6.815869710408151e-05,-0.0013743803137913346,0.0003574575821403414,-0.001542937126941979,0.001185479573905468,-0.0010244406294077635,0.001473636832088232,-0.00044919608626514673,0.0008136109681800008,-0.0003990369732491672,-0.0004145739949308336,0.00014804728562012315,-0.0008301822235807776,0.0006821348797529936,-0.0004412661073729396,-0.0006474187830463052,0.0010886850068345666,-0.0008547778706997633,0.00019557084306143224,0.0006592070567421615,-6.9193774834275246e-06,0.000983414356596768,-0.0009764949791133404,0.0008496131049469113,0.001334856846369803,-0.0021844699513167143,-0.0005415697232820094,0.00017476972425356507,0.00036679996992461383],[-0.006234129425138235,-0.002321894047781825,0.008556024171411991,0.0033845584839582443,-0.001077390625141561,-0.0023071658797562122,-0.001866170670837164,-0.0010851575061678886,0.002951329108327627,0.0017857288476079702,0.0027048089541494846,-0.004490536637604237,0.013636700809001923,-0.00179535080678761,-0.010841351002454758,-0.0032472065649926662,0.004072585608810186,-0.0008253790438175201,0.002253121230751276,0.002297953935340047,-0.004551075864583254,-0.0007256166427396238,0.0032891409937292337,-0.0025635245256125927,0.0027985884808003902,0.0025250667240470648,-0.005323655437678099,-0.00043976609595119953,0.001586428377777338,-0.0011466620489954948,0.0007521587540395558,0.0032900143414735794,-0.004042173735797405,-9.559327736496925e-05,0.001950346864759922,-0.0018547537038102746,0.002877472899854183,0.0021131602115929127,-0.0049906326457858086,0.0010381535394117236,0.0011036391369998455,-0.0021417925599962473,0.0004747607745230198,-0.0014359301421791315,0.0009611694258637726,-0.0011388477869331837,0.0002103577135130763,0.0009284901898354292,-0.0005581580335274339,-0.0014315209118649364,0.0019896789453923702,-0.000708770239725709,-0.0013880165060982108,0.002096786629408598,0.001326817786321044,0.001388259814120829,-0.002715077716857195,0.0001102792884921655,-0.0018951918464154005,0.0017849125433713198,-0.0004927077679894865,-2.9616872780025005e-05,0.0005223246407695115,9.507682989351451e-05,-7.324735634028912e-06,-8.775208698352799e-05,0.0007069975836202502,0.000993366469629109,-0.0017003638204187155,0.0009093048865906894,-3.223362728022039e-05,-0.0008770712884142995,-0.0010018502362072468,-0.0001806161308195442,0.0011824663961306214,-0.00036354156327433884,-0.00029214847018010914,0.0006556899752467871,0.0008091352647170424,0.0026878295466303825,-0.003496964927762747,-0.00048275190056301653,-0.001696844003163278,0.002179595874622464],[0.009492459706962109,0.004893362522125244,-0.014385823160409927,-0.005591908469796181,-0.0001500572543591261,0.005741965491324663,0.0024263833183795214,0.003326169680804014,-0.005752554163336754,-0.004832831677049398,-0.002913431962952018,0.007746261544525623,-0.011060183867812157,-0.010841351002454758,0.022901538759469986,0.004178596660494804,-0.005266164429485798,0.0010875677689909935,-0.003550601191818714,-0.003160323016345501,0.006710924673825502,2.010396565310657e-05,-0.004497149493545294,0.004477045498788357,-0.0049334121868014336,0.0011791698634624481,0.003754242090508342,0.0004804345953743905,-0.0016197593649849296,0.0011393249733373523,-0.0009406976751051843,-0.0036493847146630287,0.004590082913637161,0.0003071760293096304,-0.0012121482286602259,0.0009049720829352736,-0.004732220899313688,0.0013109759893268347,0.0034212456084787846,-0.0025065294466912746,-6.058154394850135e-05,0.002567111514508724,-0.0007802170584909618,0.0025275300722569227,-0.0017473129555583,0.0008445115527138114,-0.0012738221557810903,0.00042931060306727886,-3.5733915865421295e-05,0.002517819870263338,-0.0024820861872285604,0.0020724732894450426,0.002622290514409542,-0.004694763105362654,-0.0026330386754125357,-0.001456417958252132,0.004089456982910633,-0.0004677370307035744,0.0034381281584501266,-0.002970391185954213,0.001517148339189589,-0.0014440211234614253,-7.31271575205028e-05,-0.0009086878271773458,0.00040636115591041744,0.0005023267003707588,-0.0008550455677323043,-0.000163185759447515,0.001018231501802802,-0.00046803915756754577,0.0006796516827307642,-0.00021161261247470975,0.0018566278740763664,-1.49549450725317e-05,-0.0018416729290038347,0.00037046108627691865,-0.0006912662647664547,0.00032080517848953605,-0.0016587486024945974,-0.004022687207907438,0.005681435577571392,0.0010243213037028909,0.001522074337117374,-0.002546395640820265],[0.005238818004727364,-0.0023318915627896786,-0.0029069262091070414,-0.0028715464286506176,-0.002636190038174391,0.005507736466825008,0.0022728994954377413,-0.002352472860366106,7.957330672070384e-05,-0.0025949827395379543,-0.002826597075909376,0.0054215798154473305,-0.0009313912014476955,-0.0032472065649926662,0.004178596660494804,0.004949324298650026,0.0029247053898870945,-0.006874029524624348,-0.00040816038381308317,-0.0006404186715371907,0.001048578997142613,-0.0002470310137141496,-0.0019265430746600032,0.002173574175685644,-0.0014404905959963799,-0.0013264832086861134,0.002766973804682493,0.0010235969675704837,-0.0013951315777376294,0.00037153452285565436,-0.0002032983466051519,-0.0007036438910290599,0.0009069421794265509,0.0003646312397904694,-0.0007987925782799721,0.0004341613093856722,-0.0012508649379014969,4.8084009904414415e-05,0.0012027807533740997,-8.718854951439425e-05,-4.5997468987479806e-05,0.00013318596757017076,0.001100117340683937,-0.0021501656156033278,0.0010500482749193907,0.0008044960559345782,-0.001809134497307241,0.00100463826674968,-0.0009266185807064176,-0.002163996221497655,0.0030906149186193943,0.0003103702038060874,-0.0006200785865075886,0.0003097084991168231,-0.0011358093470335007,-0.00321921962313354,0.0043550292029976845,-6.064664921723306e-05,0.0003930063685402274,-0.0003323597484268248,-8.580234134569764e-05,-0.0011825000401586294,0.001268302439711988,0.0008100469131022692,0.0003090885002166033,-0.0011191352969035506,-0.0006518777227029204,-0.00017205557378474623,0.0008239332819357514,0.00013521770597435534,-0.00093794462736696,0.0008027268922887743,7.904155791038647e-05,-0.000821298744995147,0.0007422572234645486,0.0005500533152371645,-7.905525853857398e-05,-0.00047099791117943823,-0.00089499750174582,-0.0007611826295033097,0.001656180014833808,0.0008750598062761128,0.000756159657612443,-0.0016312195220962167],[-0.003411393379792571,0.003017718903720379,0.00039367860881611705,-0.0003132719430141151,-0.003571422304958105,0.0038846952375024557,-0.0013101475778967142,0.0011953904759138823,0.00011475523933768272,0.0023108934983611107,0.0020632315427064896,-0.004374124575406313,0.0011935790535062551,0.004072585608810186,-0.005266164429485798,0.0029247053898870945,0.0044900765642523766,-0.006414782255887985,0.0016153864562511444,-0.0007850744877941906,-0.0008303120266646147,-0.0009578632889315486,0.000974441587459296,-1.657824032008648e-05,0.001754852943122387,0.0005270896945148706,-0.002281942404806614,-0.0015685511752963066,0.0015959087759256363,-2.7357367798686028e-05,0.0003923170443158597,-0.0019546367693692446,0.0015623196959495544,0.0003142425848636776,0.0017337111057713628,-0.00204795366153121,-6.2123508541844785e-06,-0.002227974124252796,0.0022341865114867687,0.0036803241819143295,0.0013442912604659796,-0.005024615675210953,-0.0013319910503923893,0.0018221354112029076,-0.0004901445936411619,0.00037723834975622594,0.0009551742114126682,-0.0013324125902727246,0.0012290871236473322,-0.0006774014909751713,-0.0005516857490874827,0.0013326368061825633,0.0013572067255154252,-0.0026898435316979885,-0.0016984897665679455,-0.0011849855072796345,0.00288347527384758,0.00022927606187295169,0.0005702586495317519,-0.0007995347259566188,0.00038626312743872404,0.0017802083166316152,-0.002166471444070339,-0.001515660434961319,-0.00026235842960886657,0.0017780190100893378,0.0002157499548047781,0.000612477888353169,-0.0008282277849502861,0.0002871470642276108,0.0002050427719950676,-0.0004921898362226784,0.00027583615155890584,0.000684115628246218,-0.0009599517798051238,-0.00041359890019521117,0.00046372151700779796,-5.0122689572162926e-05,-0.000981995603069663,0.00200557429343462,-0.0010235789231956005,-0.0007536278571933508,0.0002569207572378218,0.000496707099955529],[-0.0018274246249347925,-0.0006858269916847348,0.0025132480077445507,0.00318481819704175,0.0062076132744550705,-0.009392431937158108,-0.0009627520921640098,0.0011570827336981893,-0.0001943286624737084,0.00028408889193087816,0.0007633653003722429,-0.0010474550072103739,-0.0002621879684738815,-0.0008253790438175201,0.0010875677689909935,-0.006874029524624348,-0.006414782255887985,0.014288811013102531,-0.0012072252575308084,0.0014254921115934849,-0.0002182668395107612,0.0012048948556184769,0.0009521011961624026,-0.0021569961681962013,-0.0003143628127872944,0.0007993924664333463,-0.0004850297700613737,0.0005449550226330757,-0.00020077871158719063,-0.00034417645656503737,-0.000189017882803455,0.0026582814753055573,-0.0024692632723599672,-0.0006788738537579775,-0.0009349197498522699,0.0016137934289872646,0.0012570784892886877,0.0021798894740641117,-0.0034369677305221558,-0.0035931351594626904,-0.0012982956832274795,0.004891430959105492,0.00023187408805824816,0.00032802962232381105,-0.0005599036812782288,-0.0011817336780950427,0.0008539591217413545,0.00032777467276901007,-0.0003024679608643055,0.0028413981199264526,-0.002538930159062147,-0.001643007737584412,-0.0007371284882538021,0.0023801359347999096,0.002834299113601446,0.004404204897582531,-0.0072385044768452644,-0.00016862942720763385,-0.0009632644942030311,0.0011318939505144954,-0.0003004607860930264,-0.0005977083928883076,0.0008981691207736731,0.0007056144531816244,-4.67306817881763e-05,-0.000658883829601109,0.00043612768058665097,-0.000440422969404608,4.295303369872272e-06,-0.0004223646828904748,0.0007329033105634153,-0.0003105386858806014,-0.00035487761488184333,0.0001371831604046747,0.00021769455634057522,-0.00013645431317854673,-0.00038466707337647676,0.0005211214302107692,0.0018769933376461267,-0.0012443916639313102,-0.0006326015572994947,-0.00012143175990786403,-0.0010130814043805003,0.0011345131788402796],[-0.0015978210140019655,0.001179779414087534,0.0004180400865152478,0.002307940274477005,-0.0009218937484547496,-0.0013860482722520828,-0.001389657729305327,0.0007582911639474332,0.0006313672056421638,0.0018449189374223351,0.0019236260559409857,-0.003768542781472206,0.0012974783312529325,0.002253121230751276,-0.003550601191818714,-0.00040816038381308317,0.0016153864562511444,-0.0012072252575308084,0.000412293360568583,0.0010590862948447466,-0.0004713789967354387,-0.00016954645980149508,-0.0006369578768499196,0.0008065043366514146,0.0008937094826251268,0.0004901426727883518,-0.0013838523300364614,-0.001107134623453021,0.0006902571185491979,0.0004168776795268059,0.001115121180191636,-0.0004926658002659678,-0.0006224552053026855,0.0005889145541004837,0.0007730410434305668,-0.0013619555393233895,0.0011398226488381624,4.354387056082487e-05,-0.0011833664029836655,0.0003754536446649581,-0.002119381446391344,0.0017439278308302164,-0.0009226836264133453,0.0008620740263722837,6.060948362573981e-05,-0.00020331813720986247,0.0009515098645351827,-0.0007481916109099984,-0.0004009226686321199,-0.0005108665209263563,0.0009117891895584762,-5.028900341130793e-05,-0.00023289777163881809,0.00028318673139438033,-0.00012380746193230152,0.0011382745578885078,-0.0010144670959562063,-0.00021789869060739875,-6.34901225566864e-05,0.00028138881316408515,0.00026190868811681867,0.002449086867272854,-0.002710995962843299,0.0006503959302790463,0.0006632769946008921,-0.0013136728666722775,0.0007449113763868809,0.0005834525218233466,-0.0013283640146255493,-0.00015273227472789586,-0.00011841511877719313,0.00027114743716083467,0.0005158907151781023,-0.0003632025618571788,-0.00015268809511326253,-3.608202314353548e-05,0.0008207816863432527,-0.0007846996886655688,-0.00038134161150082946,-3.4762779250741005e-05,0.00041610439075157046,-0.00019175768829882145,-0.000990813015960157,0.0011825707042589784],[-0.0005770473508164287,-0.0006518485606648028,0.0012288957368582487,-6.088174995966256e-05,0.008935214020311832,-0.00887433160096407,-0.0006710047600790858,-0.0009351780754514039,0.0016061825444921851,0.00011199950677109882,0.006216920912265778,-0.006328918971121311,0.0008623690810054541,0.002297953935340047,-0.003160323016345501,-0.0006404186715371907,-0.0007850744877941906,0.0014254921115934849,0.0010590862948447466,0.011540181934833527,-0.011599268764257431,0.0019436764996498823,0.0025088884867727757,-0.004452564753592014,0.0009603213984519243,0.002633241005241871,-0.003593562403693795,-0.0004767549689859152,-0.0002951520145870745,0.0007719069835729897,-0.000728778715711087,0.005980170797556639,-0.0052513922564685345,9.903448517434299e-05,0.002077369950711727,-0.0021764044649899006,0.001202338025905192,0.0023623225279152393,-0.0035646602045744658,-0.001581209129653871,0.000942649319767952,0.0006385595770552754,-0.0011134369997307658,-0.001468472182750702,0.002581909066066146,0.0003544653009157628,-0.0011232178658246994,0.0007687523611821234,0.00025451937108300626,-0.0006201520445756614,0.0003656326443888247,-0.0008361379732377827,0.0015233838930726051,-0.000687246210873127,9.106803918257356e-05,0.0016689130570739508,-0.0017599810380488634,0.0010982290841639042,-0.0010055809980258346,-9.264823165722191e-05,0.0011627327185124159,0.0018075635889545083,-0.002970296423882246,-0.00040449167136102915,-0.00039900478441268206,0.0008034964557737112,0.0009646591497585177,3.975769504904747e-05,-0.0010044167283922434,-0.0003142699133604765,0.0003159591869916767,-1.6893172869458795e-06,-0.00012104271445423365,0.0015483992174267769,-0.0014273563865572214,-0.0003101016045548022,-0.0004833191051147878,0.0007934206514619291,-6.284494884312153e-05,0.0009039324941113591,-0.0008410874870605767,-0.0004161939141340554,-0.0029094391502439976,0.0033256327733397484],[0.0021748682484030724,-0.0005279305623844266,-0.0016469359397888184,-0.002247058553621173,-0.008013319224119186,0.010260380804538727,0.0020606620237231255,0.00017688708612695336,-0.0022375492844730616,-0.001956918742507696,-0.008140547201037407,0.010097460821270943,-0.0021598476450890303,-0.004551075864583254,0.006710924673825502,0.001048578997142613,-0.0008303120266646147,-0.0002182668395107612,-0.0004713789967354387,-0.011599268764257431,0.013070644810795784,-0.0017741293413564563,-0.0018719288054853678,0.0036460580304265022,-0.0018540312303230166,-0.0031233844347298145,0.004977415315806866,0.0015838898252695799,-0.00039510513306595385,-0.0011887849541381001,-0.00038634095108136535,-0.005487505346536636,0.005873845890164375,-0.0006879481952637434,-0.002850408898666501,0.0035383570939302444,-0.002342159627005458,-0.002405867213383317,0.004748026840388775,0.0012057567946612835,0.0011767318937927485,-0.0023824889212846756,0.002036120742559433,0.000606398331001401,-0.002642519073560834,-0.0001511473092250526,0.00017170840874314308,-2.0561041310429573e-05,0.00014640334120485932,0.0011310173431411386,-0.0012774206697940826,0.0008864274714142084,-0.0012904861941933632,0.00040405886829830706,3.273901529610157e-05,-0.0028071864508092403,0.0027744474355131388,-0.0008803309174254537,0.0010690713534131646,-0.00018874031957238913,-0.0014246413484215736,-0.004256650805473328,0.005681292619556189,-0.00024590420071035624,-0.00026427203556522727,0.0005101762362755835,-0.0017095705261453986,-0.0006232101004570723,0.0023327807430177927,0.00046700218808837235,-0.00019754435925278813,-0.00026945778517983854,-0.00039484823355451226,-0.0011851959861814976,0.0015800442779436707,0.00034618377685546875,-0.00033746304688975215,-8.720657206140459e-06,0.00044418699690140784,-0.0008691695402376354,0.00042498260154388845,0.0006079520098865032,0.0039002513512969017,-0.004508203361183405],[-0.00040451614768244326,0.007103615440428257,-0.006699097342789173,0.0017516892403364182,-0.003767162561416626,0.0020154693629592657,-0.00079177605221048,-0.0019987106788903475,0.0027904873713850975,0.0014731006231158972,0.0019453841960057616,-0.003418480744585395,0.0007055114256218076,-0.0007256166427396238,2.010396565310657e-05,-0.0002470310137141496,-0.0009578632889315486,0.0012048948556184769,-0.00016954645980149508,0.0019436764996498823,-0.0017741293413564563,0.001691698795184493,0.007007025647908449,-0.0076987240463495255,0.0010717008262872696,0.0009016350377351046,-0.001973336096853018,0.000708857667632401,-0.0004962669918313622,-0.00021259066124912351,0.00037259460077621043,7.73072533775121e-