{"epoch":0,"H":[[0.010840035043656826,-0.007409877143800259,-0.002430155873298645,-0.0029187265317887068,0.0003522371989674866,0.0025664889253675938,0.0023986520245671272,-0.000671971938572824,-0.001726680202409625,-0.0016646658768877387,8.438224904239178e-05,0.0015802833950147033,-0.0007936970214359462,-0.00148780457675457,0.0022815014235675335,0.0012620884226635098,-0.001642121933400631,0.00038003362715244293,0.0005723689100705087,0.00012896000407636166,-0.0007013289723545313,-0.002628471702337265,-0.0031286838930100203,0.005757155828177929,-0.0008679622551426291,-0.001915547763928771,0.0027835099026560783,0.0016590732848271728,-0.0002562478184700012,-0.0014028255827724934,-0.0004886450478807092,-0.001310647581703961,0.001799292745999992,0.0013127084821462631,-0.0011544619919732213,-0.00015824637375772,-0.0019703716970980167,-0.0035994574427604675,0.005569829139858484,-0.0007218467071652412,-0.00034431650419719517,0.0010661632986739278,-0.000525221461430192,0.0016424759523943067,-0.0011172544909641147,-0.0002780967624858022,-0.00040458000148646533,0.000682676734868437,0.0007477765902876854,0.0007347693899646401,-0.0014825458638370037,-0.0005080459523014724,-0.00034118350595235825,0.0008492295164614916,0.0006302559631876647,0.0005220982129685581,-0.0011523541761562228,-2.763961674645543e-05,0.0009123452473431826,-0.0008847055723890662,-0.00015028829511720687,-0.0009195196907967329,0.0010698080295696855,0.0002096231619361788,0.0012434059754014015,-0.0014530291082337499,0.0007602940895594656,0.0004625864385161549,-0.0012228804407641292,-0.000338022131472826,0.0002816599444486201,5.636218702420592e-05,-0.0002542428846936673,-0.00022308980987872928,0.0004773327964358032,1.2285643606446683e-05,0.00015882807201705873,-0.00017111373017542064,-0.0003584398655220866,-0.0013913726434111595,0.001749812625348568,0.0007118498906493187,-0.0009562984341755509,0.00024444865994155407],[-0.007409877143800259,0.0200764499604702,-0.011666569858789444,0.004023247864097357,0.001503619714640081,-0.0055268676951527596,-0.002558722160756588,0.0045242104679346085,-0.001965488772839308,-0.0001753978431224823,0.002255285158753395,-0.002079887082800269,-0.0007540081860497594,-0.0004031996941193938,0.0011572081129997969,-0.001762250205501914,0.0030061579309403896,-0.0012439079582691193,0.0010046373354271054,0.0016862383345142007,-0.002690875669941306,0.0016870759427547455,0.0012220341013744473,-0.002909109927713871,0.0009835391538217664,0.0044976044446229935,-0.005481143947690725,-0.0015426593599840999,0.005696994252502918,-0.0041543347761034966,0.0009204498492181301,0.003327778074890375,-0.004248227924108505,-0.0009010568028315902,-0.0015827183378860354,0.0024837753735482693,-0.0014102059649303555,0.0022199496161192656,-0.0008097440004348755,-0.0023748152889311314,-0.000696222297847271,0.003071037121117115,-0.001328358193859458,0.002840187633410096,-0.0015118292067199945,0.00037887151120230556,-0.0005202110623940825,0.000141339551191777,-0.0016097172629088163,0.00030676304595544934,0.001302954158745706,0.0017854089383035898,-0.0003238907374907285,-0.0014615184627473354,-0.0007816890138201416,-0.0010344291804358363,0.0018161182524636388,-0.001443701097741723,0.0011670264648273587,0.00027667463291436434,0.0005453835474327207,0.0007819777238182724,-0.001327361329458654,-0.0002528353943489492,0.0007326042978093028,-0.0004797688452526927,0.00020843138918280602,-0.0009185470407828689,0.0007101158844307065,2.9986462322995067e-05,0.0014294025022536516,-0.0014593889936804771,0.000721108284778893,0.00018796305812429637,-0.0009090714738704264,-0.0003889884101226926,0.00047458740300498903,-8.559893467463553e-05,-2.3550112018710934e-05,0.0023123417049646378,-0.002288791351020336,0.0011566889006644487,0.0012861459981650114,-0.00244283489882946],[-0.002430155873298645,-0.011666569858789444,0.01509671937674284,-0.0011045224964618683,-0.0018558618612587452,0.0029603843577206135,0.00016007080557756126,-0.0038522398099303246,0.003692168975248933,0.001840065116994083,-0.002339667873457074,0.0004996024072170258,0.001547705614939332,0.0018910025246441364,-0.003438707906752825,0.0005001607351005077,-0.001364035764709115,0.0008638747967779636,-0.0015770059544593096,-0.0018151993863284588,0.0033922053407877684,0.0009413952357135713,0.0019066482782363892,-0.0028480433393269777,-0.00011557794641703367,-0.0025820585433393717,0.00269763614051044,-0.00011641340097412467,-0.005440745502710342,0.005557158961892128,-0.0004318050923757255,-0.0020171301439404488,0.0024489350616931915,-0.00041165141738019884,0.002737178932875395,-0.0023255276028066874,0.003380577079951763,0.0013795075938105583,-0.004760084208101034,0.0030966615304350853,0.0010405364446341991,-0.0041371979750692844,0.001853578956797719,-0.004482663236558437,0.0026290840469300747,-0.00010077432671096176,0.0009247912676073611,-0.0008240168681368232,0.0008619410218670964,-0.0010415313299745321,0.00017959019169211388,-0.0012773629277944565,0.0006650747964158654,0.0006122884806245565,0.00015143342898227274,0.0005123312002979219,-0.0006637646583840251,0.001471340423449874,-0.002079371828585863,0.000608031521551311,-0.00039509544149041176,0.00013754257815890014,0.0002575528924353421,4.3211501179030165e-05,-0.00197601062245667,0.0019327992340549827,-0.0009687251877039671,0.00045596028212457895,0.0005127651384100318,0.0003080356982536614,-0.001711062854155898,0.0014030272141098976,-0.00046686542918905616,3.512733383104205e-05,0.00043173821177333593,0.0003767037997022271,-0.0006334145436994731,0.0002567107731010765,0.0003819899575319141,-0.0009209685958921909,0.0005389786092564464,-0.0018685387913137674,-0.00032984657445922494,0.002198385540395975],[-0.0029187265317887068,0.004023247864097357,-0.0011045224964618683,0.007077787071466446,-0.001522917184047401,-0.004554870072752237,-0.0005556523683480918,-0.0018420347478240728,0.002397686941549182,0.0024014452937990427,-0.0023328480310738087,-6.85968843754381e-05,0.0002788528800010681,-0.002630422357469797,0.002351569477468729,-0.0006486616330221295,-0.00011398759670555592,0.0007626489968970418,0.00022033405548427254,-0.0007879015174694359,0.0005675675347447395,0.0015659637283533812,0.0002526870812289417,-0.0018186509842053056,-0.0005241818143986166,-0.00027482176665216684,0.0007990035228431225,-0.0008601020090281963,-0.001111637451685965,0.0019717395771294832,0.0001319696311838925,-0.0006736033828929067,0.0005416336935013533,0.00048557709669694304,0.0012755418429151177,-0.0017611189978197217,0.001242698635905981,0.0014413661556318402,-0.002684064209461212,-0.0004065910470671952,-0.0002623259206302464,0.0006689170841127634,0.00047474648454226553,-0.002169776940718293,0.0016950304852798581,-0.00025169653235934675,-0.00028037233278155327,0.0005320688360370696,-0.0007707778131589293,0.000924199353903532,-0.0001534214534331113,0.0001656371750868857,0.0002537111286073923,-0.00041934833279810846,-0.000190651451703161,0.00014289160026237369,4.775988054461777e-05,-0.0002979535493068397,-0.0014035319909453392,0.001701485482044518,0.00030448928009718657,0.00028585930704139173,-0.0005903486162424088,-0.0003255144983995706,-0.001147664152085781,0.0014731788542121649,-0.0001824736245907843,0.0001841900811996311,-1.716427505016327e-06,0.0007591511821374297,-0.0011522963177412748,0.00039314519381150603,0.0001532362657599151,9.724659321364015e-05,-0.00025048296083696187,3.453612225712277e-05,-0.0002440736279822886,0.00020953750936314464,0.00019856364815495908,0.0006828901823610067,-0.0008814538596197963,-0.0005055322544649243,0.000682690239045769,-0.00017715804278850555],[0.0003522371989674866,0.001503619714640081,-0.0018558618612587452,-0.001522917184047401,0.014039291068911552,-0.011516371741890907,-0.002686012303456664,-0.00036522786831483245,0.003051239997148514,-0.0010415464639663696,0.0006601077038794756,0.0003814387309830636,0.00418247003108263,0.003154819831252098,-0.007337289862334728,-0.0008993224473670125,-2.8051435947418213e-05,0.0009273741161450744,-0.0011740600457414985,0.0014361061621457338,-0.00026204599998891354,0.00024364370619878173,0.00048644805792719126,-0.0007300915895029902,0.002556729596108198,0.0016127898124977946,-0.004169519525021315,0.0006097658188082278,0.0029891859740018845,-0.0035989524330943823,0.0006369927432388067,0.00110559759195894,-0.0017425904516130686,0.0015595256118103862,0.001871262677013874,-0.0034307879395782948,0.002867857925593853,0.0015222385991364717,-0.004390096291899681,0.00019219816022086889,-0.00020644068717956543,1.4242599718272686e-05,-0.0008253816631622612,0.0029163167346268892,-0.002090935129672289,0.0020781303755939007,-0.0027655912563204765,0.0006874611135572195,-0.0008726740488782525,-0.0007819695165380836,0.001654643565416336,0.0004207729361951351,0.0015470252837985754,-0.001967798452824354,-0.00025720952544361353,-0.001276584342122078,0.0015337938675656915,-0.0009552363771945238,0.0020681561436504126,-0.001112919650040567,0.0015022722072899342,-0.0012397211976349354,-0.00026255124248564243,0.0003943993360735476,-0.0007573951152153313,0.0003629956627264619,5.487946327775717e-05,-0.00021745299454778433,0.00016257347306236625,-0.0009731928585097194,0.0007481657667085528,0.00022502703359350562,0.0013816128484904766,0.00038178684189915657,-0.0017633996903896332,-0.0005066481535322964,-0.0008687280351296067,0.001375376246869564,6.710196612402797e-05,0.0018555356655269861,-0.001922637689858675,-0.000859748397488147,-0.0017819470958784223,0.00264169555157423],[0.0025664889253675938,-0.0055268676951527596,0.0029603843577206135,-0.004554870072752237,-0.011516371741890907,0.017071235924959183,0.0032416656613349915,0.0022072617430239916,-0.005448926705867052,-0.0013598985970020294,0.001672742422670126,-0.00031284382566809654,-0.0044613191857934,-0.0005243957275524735,0.004985715262591839,0.0015479844296351075,0.00014203926548361778,-0.0016900238115340471,0.0009537270525470376,-0.0006482020835392177,-0.00030552505631931126,-0.0018096037674695253,-0.0007391314720734954,0.0025487346574664116,-0.002032545628026128,-0.001337965950369835,0.0033705115783959627,0.0002503366849850863,-0.0018775491043925285,0.001627212855964899,-0.0007689613266848028,-0.0004319930449128151,0.0012009547790512443,-0.002045100089162588,-0.003146801609545946,0.005191901698708534,-0.0041105556301772594,-0.00296360463835299,0.007074159570038319,0.00021439490956254303,0.00046876573469489813,-0.0006831608479842544,0.00035063576069660485,-0.0007465410744771361,0.0003959053137805313,-0.0018264332320541143,0.0030459617264568806,-0.0012195284944027662,0.0016434518620371819,-0.00014222896425053477,-0.001501222955994308,-0.0005864106933586299,-0.0018007372273132205,0.0023871478624641895,0.0004478603368625045,0.0011336925672367215,-0.001581552904099226,0.0012531910324469209,-0.0006646242109127343,-0.0005885666469112039,-0.001806761370971799,0.000953861977905035,0.0008528997423127294,-6.888495408929884e-05,0.0019050582777708769,-0.0018361732363700867,0.00012759395758621395,3.326375735923648e-05,-0.0001608578022569418,0.00021404161816462874,0.0004041314823552966,-0.0006181731005199254,-0.0015348487067967653,-0.00047903292579576373,0.00201388169080019,0.00047211095807142556,0.001112801837734878,-0.0015849127667024732,-0.0002656665164977312,-0.0025384249165654182,0.002804091200232506,0.0013652801280841231,0.0010992574971169233,-0.0024645377416163683],[0.0023986520245671272,-0.002558722160756588,0.00016007080557756126,-0.0005556523683480918,-0.002686012303456664,0.0032416656613349915,0.007648094091564417,-0.0018582309130579233,-0.004789864178746939,-0.0005279806209728122,-0.0006875750841572881,0.0012155555887147784,-0.0005073532229289412,-0.0016863554483279586,0.0021937086712569,0.002338475314900279,-0.0007728764321655035,-0.0015655987663194537,-0.00023788468388374895,-0.000480500515550375,0.0007183852139860392,-0.0012712064199149609,-0.001701116794720292,0.0029723234474658966,0.00011639159492915496,-0.0021257693879306316,0.0020093778148293495,0.0013249516487121582,-0.0007860991754569113,-0.0005388525314629078,-0.0007766503840684891,-0.0013408706290647388,0.002117521595209837,-0.0006115369033068419,-0.001543745631352067,0.0021552827674895525,-0.0018056846456602216,-0.001598407980054617,0.003404092276468873,0.0011660924647003412,0.0010057599283754826,-0.002171852393075824,0.000799646251834929,-0.0018341802060604095,0.0010345339542254806,-0.00039353518513962626,0.0015604535583406687,-0.0011669183149933815,0.0015645930543541908,5.687422526534647e-05,-0.0016214672941714525,-0.0013912494760006666,0.0005024183774366975,0.0008888312731869519,0.00028515805024653673,9.435636457055807e-06,-0.00029459368670359254,0.0008200843003578484,-0.000165332923643291,-0.0006547514349222183,0.0006669806898571551,-0.0007415912114083767,7.461044879164547e-05,2.4206587113440037e-05,-2.0112202037125826e-05,-4.094385076314211e-06,-0.0004664853331632912,0.00023292776313610375,0.00023355759913101792,7.474719313904643e-05,0.0008299762848764658,-0.0009047234780155122,-9.536920697428286e-05,-0.0001149336458183825,0.00021030288189649582,-9.53914423007518e-06,-0.0006811348139308393,0.0006906739436089993,-0.0005511203198693693,-0.001454443670809269,0.002005564048886299,-0.0005255963769741356,-0.001662924885749817,0.002188520971685648],[-0.000671971938572824,0.0045242104679346085,-0.0038522398099303246,-0.0018420347478240728,-0.00036522786831483245,0.0022072617430239916,-0.0018582309130579233,0.01065007597208023,-0.0077918460592627525,0.00010806543286889791,0.002272525802254677,-0.0023805908858776093,0.0006332268822006881,0.004679043311625719,-0.005312270950525999,-0.0007478345069102943,0.005284018814563751,-0.004536184016615152,0.002015613252297044,0.002708188723772764,-0.004723801743239164,0.0004863097856286913,0.0020893490873277187,-0.0025756589602679014,0.001825404935516417,-0.00040469563100486994,-0.0014207090716809034,-0.0012568188831210136,0.0051087019965052605,-0.003851883113384247,0.0010889314580708742,0.0017482866533100605,-0.0028372181113809347,-0.0011718361638486385,0.0004094596370123327,0.0007623765268363059,0.0012160256737843156,0.0019429691601544619,-0.0031589947175234556,0.0019341056467965245,0.0003069089143536985,-0.0022410142701119184,-0.000925437081605196,0.0014464154373854399,-0.0005209784139879048,0.0006504918565042317,0.0016453610733151436,-0.0022958528716117144,-5.136535037308931e-06,-0.001352931372821331,0.0013580676168203354,-0.00036672604619525373,-0.0005837787757627666,0.0009505049092695117,-0.0005272197886370122,0.00017112298519350588,0.0003560967743396759,-0.00039781583473086357,0.00018021406140178442,0.00021760177332907915,0.00013327342458069324,0.0008958877879194915,-0.0010291612707078457,-0.0005608695209957659,-0.0007465633098036051,0.00130743277259171,-0.001553345238789916,-0.0004629242466762662,0.002016269601881504,0.0003296682261861861,0.0013693314976990223,-0.0016989997820928693,0.001491930102929473,-0.0014654272235929966,-2.6503053959459066e-05,-0.0007590205641463399,-0.0004554551269393414,0.0012144757201895118,0.000560000364203006,0.002011855598539114,-0.002571855904534459,0.00027317507192492485,0.0019395002163946629,-0.0022126752883195877],[-0.001726680202409625,-0.001965488772839308,0.003692168975248933,0.002397686941549182,0.003051239997148514,-0.005448926705867052,-0.004789864178746939,-0.0077918460592627525,0.013581709004938602,0.0004199146351311356,-0.0015849507180973887,0.0011650361120700836,-0.00012587493984028697,-0.0029926877468824387,0.0031185627449303865,-0.0015906405169516802,-0.004511142615228891,0.006101783365011215,-0.0017777278553694487,-0.0022276893723756075,0.004005417227745056,0.0007848961395211518,-0.0003882331948261708,-0.0003966628573834896,-0.0019417954608798027,0.0025304644368588924,-0.0005886686267331243,-6.813317304477096e-05,-0.004322603344917297,0.004390736576169729,-0.00031228107400238514,-0.0004074166063219309,0.0007196978549472988,0.0017833719030022621,0.0011342853540554643,-0.0029176571406424046,0.000589658273383975,-0.0003445615293458104,-0.00024509686045348644,-0.0031001975294202566,-0.0013126673875376582,0.004412864334881306,0.0001257903641089797,0.0003877649432979524,-0.000513555365614593,-0.00025695760268718004,-0.003205812070518732,0.003462769789621234,-0.0015594561118632555,0.0012960567837581038,0.00026339959003962576,0.001757974736392498,8.136089309118688e-05,-0.0018393361242488027,0.0002420613163849339,-0.00018055940745398402,-6.150186527520418e-05,-0.000422268029069528,-1.4881487004458904e-05,0.00043714954517781734,-0.000800253648776561,-0.00015429587801918387,0.0009545495850034058,0.0005366629920899868,0.0007666760357096791,-0.0013033391442149878,0.002019830048084259,0.00022999713837634772,-0.002249827142804861,-0.00040441600140184164,-0.0021993082482367754,0.0026037239003926516,-0.0013965604593977332,0.0015803615096956491,-0.00018380099209025502,0.0007685595192015171,0.001136590028181672,-0.0019051497802138329,-8.880451787263155e-06,-0.000557411927729845,0.0005662923213094473,0.00025242037372663617,-0.0002765751560218632,2.4154811399057508e-05],[-0.0016646658768877387,-0.0001753978431224823,0.001840065116994083,0.0024014452937990427,-0.0010415464639663696,-0.0013598985970020294,-0.0005279806209728122,0.00010806543286889791,0.0004199146351311356,0.0024768649600446224,0.0041617765091359615,-0.005638640373945236,1.775089003785979e-05,-0.0012677928898483515,0.0012500423472374678,-0.001245651743374765,-0.0008127001929096878,0.0020583518780767918,0.0013313525123521686,0.000306875619571656,-0.0016382283065468073,0.00022463026107288897,-7.161987014114857e-05,-0.0001530103909317404,0.0004978187498636544,2.9333896236494184e-05,-0.0005271525005809963,-0.00019460302428342402,0.0001237912947544828,7.081180956447497e-05,0.00019460413022898138,-0.0002074579824693501,1.2853764928877354e-05,0.0008320964407175779,0.000641009071841836,-0.001473105396144092,0.001404747599735856,0.0013425650540739298,-0.002747312420979142,-0.0009094143169932067,-0.001829547923989594,0.00273896218277514,0.0005400982918217778,0.0005820185760967433,-0.0011221168097108603,-0.0002623572072479874,7.855994044803083e-05,0.0001837972376961261,-0.0013079888885840774,2.8160062356619164e-05,0.0012798288371413946,0.0005545552703551948,-0.0003731497854460031,-0.00018140561587642878,9.024354221764952e-05,0.00011524432920850813,-0.00020548788597807288,-0.0002622470783535391,-0.0005758331390097737,0.0008380801882594824,-0.0005648087244480848,0.0005911564221605659,-2.634767042763997e-05,6.0994629166089e-05,-0.0002822395181283355,0.00022124487441033125,9.769311873242259e-06,0.0007526087574660778,-0.0007623780402354896,0.0004539460060186684,-0.0008051623590290546,0.00035121635301038623,3.3279771741945297e-05,0.0005293276626616716,-0.0005626074271276593,0.0002008498995564878,6.766251317458227e-05,-0.00026851240545511246,0.0005912414053454995,0.0004336190759204328,-0.001024860655888915,-0.0008055742946453393,0.0010109751019626856,-0.00020540070545393974],[8.438224904239178e-05,0.002255285158753395,-0.002339667873457074,-0.0023328480310738087,0.0006601077038794756,0.001672742422670126,-0.0006875750841572881,0.002272525802254677,-0.0015849507180973887,0.0041617765091359615,0.004543952643871307,-0.007705729454755783,-0.0006160989869385958,0.002610239200294018,-0.0019941404461860657,-0.0008346298709511757,0.0008963203872554004,-6.169057451188564e-05,-0.0003333375498186797,0.002480548107996583,-0.002147210529074073,0.0016315564280375838,0.002840846311300993,-0.004472402390092611,0.0011889089364558458,0.002904621884226799,-0.004093531519174576,-0.0012309952871873975,0.0011527740862220526,7.822137558832765e-05,0.001216907287016511,0.0032038528006523848,-0.004420760553330183,-5.546282045543194e-05,0.0013847560621798038,-0.001329293241724372,0.001241080230101943,0.001108288299292326,-0.0023493682965636253,0.0005598100833594799,-0.000835222250316292,0.00027541216695681214,-0.0015132029075175524,0.0028529479168355465,-0.0013397452421486378,0.002322097774595022,-0.0015980876050889492,-0.0007240099948830903,-0.0011226319475099444,-0.0015448175836354494,0.002667449414730072,-0.000606305431574583,2.3895991034805775e-06,0.0006039160070940852,-0.0003890774678438902,-0.0006185543024912477,0.001007631653919816,-0.0010176625801250339,0.00033222901402041316,0.0006854336243122816,0.00017593789380043745,0.0009179142070934176,-0.001093852217309177,0.0009604591177776456,0.0006611774442717433,-0.0016216366784647107,-0.00016285842866636813,0.00133412831928581,-0.0011712699197232723,-0.0002828710712492466,0.0011931019835174084,-0.0009102309122681618,0.0002799441572278738,2.8154696337878704e-05,-0.0003080989117734134,0.0005155959515832365,0.0002507622120901942,-0.0007663582218810916,6.647157715633512e-05,0.0013989419676363468,-0.001465413486585021,-8.42941808514297e-05,0.0003837944532278925,-0.0002995003014802933],[0.0015802833950147033,-0.002079887082800269,0.0004996024072170258,-6.85968843754381e-05,0.0003814387309830636,-0.00031284382566809654,0.0012155555887147784,-0.0023805908858776093,0.0011650361120700836,-0.005638640373945236,-0.007705729454755783,0.01434435322880745,0.0005983497248962522,-0.0013424425851553679,0.0007440928020514548,0.0020802831277251244,-8.361920481547713e-05,-0.0019966636318713427,-0.0009980100439861417,-0.0027874214574694633,0.003785431385040283,-0.001856184913776815,-0.002769223880022764,0.004625409375876188,-0.0016867234371602535,-0.002933952957391739,0.004620675928890705,0.0014255986316129565,-0.0012765650171786547,-0.00014903386181686074,-0.0014115100493654609,-0.0029963948763906956,0.004407905042171478,-0.0007766311173327267,-0.002025763737037778,0.0028023947961628437,-0.0026458213105797768,-0.002450851257890463,0.005096672102808952,0.0003496102290228009,0.0026647679042071104,-0.0030143780168145895,0.0009731060708872974,-0.0034349653869867325,0.002461859490722418,-0.002059740712866187,0.0015195263549685478,0.0005402141832746565,0.002430620603263378,0.001516657299362123,-0.00394727848470211,5.175019759917632e-05,0.000370759516954422,-0.00042250967817381024,0.00029883411480113864,0.0005033094785176218,-0.0008021435933187604,0.0012799097457900643,0.0002436037320876494,-0.0015235135797411203,0.0003888705396093428,-0.0015090706292539835,0.001120199915021658,-0.001021454343572259,-0.00037893877015449107,0.0014003932010382414,0.00015308888396248221,-0.0020867374259978533,0.0019336484838277102,-0.00017107478925026953,-0.00038793968269601464,0.0005590143846347928,-0.00031322462018579245,-0.000557481893338263,0.0008707065717317164,-0.0007164449780248106,-0.00031842372845858335,0.001034868648275733,-0.0006577130407094955,-0.001832560752518475,0.0024902739096432924,0.0008898674859665334,-0.0013947687111794949,0.0005049012834206223],[-0.0007936970214359462,-0.0007540081860497594,0.001547705614939332,0.0002788528800010681,0.00418247003108263,-0.0044613191857934,-0.0005073532229289412,0.0006332268822006881,-0.00012587493984028697,1.775089003785979e-05,-0.0006160989869385958,0.0005983497248962522,0.0025786804035305977,0.008986083790659904,-0.010564764030277729,-0.0003556347801350057,-0.0006548342062160373,0.0010104688117280602,-0.0007471599383279681,-0.0008406862616539001,0.00158784631639719,0.0006284278351813555,7.649515464436263e-05,-0.0007049231790006161,0.002402086276561022,-0.0011487259762361646,-0.0012533605331555009,0.0006180158816277981,-9.541613690089434e-05,-0.0005225997883826494,0.00019011145923286676,-0.0004909442504867911,0.00030083261663094163,0.0016713658114895225,0.0006050127558410168,-0.002276378683745861,0.002053520642220974,-0.0027774935588240623,0.0007239732658490539,0.0024475809186697006,0.0007852492271922529,-0.0032328302040696144,-0.0007276128744706511,0.0004473112931009382,0.00028030172688886523,0.0003102686023339629,-0.000630649970844388,0.0003203813685104251,-0.000737881928216666,0.00032375342561863363,0.0004141284734942019,0.0011087507009506226,-0.00026880373479798436,-0.00083994708256796,4.306542541598901e-05,6.583164213225245e-05,-0.00010889704572036862,4.981372330803424e-05,0.0010278375120833516,-0.0010776512790471315,0.00014367511903401464,-0.0005006850697100163,0.0003570099361240864,-0.00010567149729467928,0.00037795325624756515,-0.0002722817880567163,0.0001627425372134894,-0.00011334742157487199,-4.939510836265981e-05,-0.0007869667606428266,-0.00019926895038224757,0.0009862356819212437,0.0002861574466805905,0.0005625070189125836,-0.0008486644364893436,0.00024479295825585723,-0.0003727508883457631,0.0001279579009860754,0.0007479870109818876,-0.0003802769351750612,-0.0003677101922221482,0.00010994776675943285,-0.0009329596068710089,0.0008230119128711522],[-0.00148780457675457,-0.0004031996941193938,0.0018910025246441364,-0.002630422357469797,0.003154819831252098,-0.0005243957275524735,-0.0016863554483279586,0.004679043311625719,-0.0029926877468824387,-0.0012677928898483515,0.002610239200294018,-0.0013424425851553679,0.008986083790659904,0.008282682858407497,-0.016268767416477203,-0.0015908997738733888,0.0012089961674064398,0.000381903606466949,-0.0010374353732913733,-0.0006177722825668752,0.001655207946896553,0.00101856654509902,0.003808002918958664,-0.004826569464057684,0.0047339810989797115,-0.00012007151963189244,-0.004613909870386124,-0.00033762212842702866,0.001042857184074819,-0.0007052349392324686,0.0011916389921680093,0.0018906431505456567,-0.0030822823755443096,-0.00035299212322570384,0.0014124400913715363,-0.001059447880834341,0.0033392873592674732,-0.001946837641298771,-0.0013924494851380587,0.005138775333762169,0.0020331800915300846,-0.007171956356614828,-0.0011958708055317402,0.0016970064025372267,-0.000501135946251452,0.0013331231893971562,0.001002047793008387,-0.0023351709824055433,-0.0009080483578145504,-0.0020018473733216524,0.002909895731136203,0.0007823674823157489,-0.0004181560652796179,-0.00036421167897060513,-0.0002362626401009038,-0.00018775113858282566,0.00042401382233947515,5.419482477009296e-06,0.0017344955122098327,-0.001739914994686842,-2.03457020688802e-05,0.001075384090654552,-0.0010550383012741804,0.0006382658611983061,0.0007471455610357225,-0.0013854114804416895,-0.0007303410675376654,-0.000892725249286741,0.0016230663750320673,-0.0011611231602728367,0.0010051646968349814,0.00015595827426295727,0.000512394355610013,0.0003375397063791752,-0.0008499340619891882,0.0004976157797500491,-0.00014082042616792023,-0.0003567954699974507,0.0011852335883304477,0.0002747514226939529,-0.0014599853893741965,9.212478471454233e-05,-0.0007259678677655756,0.0006338430684991181],[0.0022815014235675335,0.0011572081129997969,-0.003438707906752825,0.002351569477468729,-0.007337289862334728,0.004985715262591839,0.0021937086712569,-0.005312270950525999,0.0031185627449303865,0.0012500423472374678,-0.0019941404461860657,0.0007440928020514548,-0.010564764030277729,-0.016268767416477203,0.02783353067934513,0.00194653554353863,-0.0005541605642065406,-0.0013923747465014458,0.001784594845958054,0.0014584597665816545,-0.0032430551946163177,-0.0016469946131110191,-0.0038844975642859936,0.0055314926430583,-0.007136066909879446,0.001268798136152327,0.005867269355803728,-0.0002803937532007694,-0.0009474406251683831,0.0012278343783691525,-0.0013817523140460253,-0.001399699947796762,0.0027814521454274654,-0.0013183742994442582,-0.0020174533128738403,0.003335827263072133,-0.005392807070165873,0.00472433352842927,0.0006684723193757236,-0.007586357649415731,-0.0028184293769299984,0.01040478702634573,0.0019234848441556096,-0.0021443162113428116,0.0002208310179412365,-0.0016433923738077283,-0.0003713984915520996,0.0020147906616330147,0.0016459306934848428,0.0016780940350145102,-0.003324024612084031,-0.0018911190563812852,0.0006869611679576337,0.001204158179461956,0.00019319684361107647,0.00012191897258162498,-0.000315115787088871,-5.523263826034963e-05,-0.0027623327914625406,0.002817565342411399,-0.0001233295042766258,-0.0005746984388679266,0.0006980280159041286,-0.0005325940437614918,-0.0011250980896875262,0.0016576922498643398,0.0005675987340509892,0.0010060742497444153,-0.0015736729837954044,0.001948090735822916,-0.0008058961248025298,-0.001142194145359099,-0.0007985529373399913,-0.000900046608876437,0.0016985994298011065,-0.0007424084469676018,0.0005135711398907006,0.0002288373652845621,-0.001933220773935318,0.00010552513413131237,0.001827696105465293,-0.00020207226043567061,0.0016589262522757053,-0.0014568540500476956],[0.0012620884226635098,-0.001762250205501914,0.0005001607351005077,-0.0006486616330221295,-0.0008993224473670125,0.0015479844296351075,0.002338475314900279,-0.0007478345069102943,-0.0015906405169516802,-0.001245651743374765,-0.0008346298709511757,0.0020802831277251244,-0.0003556347801350057,-0.0015908997738733888,0.00194653554353863,0.006357099860906601,0.002011994132772088,-0.007369094993919134,0.00014255274436436594,0.0006524660857394338,-0.0007950189174152911,0.00011037845979444683,-0.00013871106784790754,2.8332564397715032e-05,-0.0009414905216544867,-0.0012499771546572447,0.002191467909142375,0.0011920221149921417,-0.00042006163857877254,-0.0007719607092440128,-0.0002598046266939491,9.207914990838617e-05,0.00016772543312981725,-0.00036836875369772315,-0.0005225136992521584,0.0008908824529498816,-0.00017077551456168294,7.946201367303729e-05,9.131350088864565e-05,0.0011600343277677894,0.0004433789290487766,-0.0016034126747399569,0.0011778348125517368,0.001366965239867568,-0.0025448002852499485,-0.0010476086754351854,0.00010148942237719893,0.0009461190784350038,0.0018425313755869865,-0.000586564710829407,-0.0012559666065499187,-0.0010259634582325816,0.0002792466548271477,0.0007467170944437385,4.760817682836205e-05,0.0001051283034030348,-0.00015273649478331208,0.0005794771132059395,6.94148475304246e-05,-0.0006488919607363641,0.0002116558898705989,-0.0006492234533652663,0.00043756753439083695,-0.00027443328872323036,0.0002161700394935906,5.826330743730068e-05,-0.0004588390002027154,-0.0002942059945780784,0.0007530450820922852,0.00022003694903105497,-0.00022245787840802222,2.4209002731367946e-06,-0.0004261092690285295,-0.00043280728277750313,0.0008589165518060327,0.0002662722545210272,-0.0003125554067082703,4.628312308341265e-05,-0.0006708466680720448,-0.0008161879377439618,0.0014870347222313285,-0.00034094680449925363,-0.0005512635689228773,0.0008922103443183005],[-0.001642121933400631,0.0030061579309403896,-0.001364035764709115,-0.00011398759670555592,-2.8051435947418213e-05,0.00014203926548361778,-0.0007728764321655035,0.005284018814563751,-0.004511142615228891,-0.0008127001929096878,0.0008963203872554004,-8.361920481547713e-05,-0.0006548342062160373,0.0012089961674064398,-0.0005541605642065406,0.002011994132772088,0.0069779083132743835,-0.007989903911948204,0.0014869264559820294,0.0015311227180063725,-0.0030180492904037237,0.0006940143648535013,0.0026044510304927826,-0.003298465395346284,0.0008892614860087633,0.0038501156959682703,-0.004739376716315746,-0.0010423227213323116,0.004306369926780462,-0.0032640467397868633,0.0013063084334135056,0.0019013851415365934,-0.0032076938077807426,-0.001475723460316658,4.969537258148193e-06,0.0014707540394738317,-0.0009653072338551283,0.0014023303519934416,-0.00043702340917661786,0.00273298192769289,-0.0010497942566871643,-0.0016831876710057259,-0.0004032743745483458,0.0027914312668144703,-0.0023881569504737854,-0.00031576710171066225,0.001821471145376563,-0.0015057041309773922,0.0006421218276955187,-0.0009336834191344678,0.00029156141681596637,-0.000599893624894321,0.0008622325258329511,-0.00026233872631564736,-0.0002531707868911326,0.001133522717282176,-0.0008803519885987043,0.00018591166008263826,0.0008175730472430587,-0.001003484707325697,-0.000759792048484087,0.0019205145072191954,-0.0011607224587351084,-0.00024377960653509945,0.0006964636850170791,-0.00045268412213772535,-0.0007404169300571084,-0.000504598836414516,0.001245015999302268,-0.000370031368220225,0.00024160309112630785,0.00012842832074966282,0.0007295096875168383,-0.00029499438824132085,-0.0004345153574831784,0.00025134714087471366,0.0005968988407403231,-0.0008482460398226976,-0.00036919559352099895,0.0004346736241132021,-6.547803059220314e-05,0.0007570032030344009,0.0015295802149921656,-0.0022865834180265665],[0.00038003362715244293,-0.0012439079582691193,0.0008638747967779636,0.0007626489968970418,0.0009273741161450744,-0.0016900238115340471,-0.0015655987663194537,-0.004536184016615152,0.006101783365011215,0.0020583518780767918,-6.169057451188564e-05,-0.0019966636318713427,0.0010104688117280602,0.000381903606466949,-0.0013923747465014458,-0.007369094993919134,-0.007989903911948204,0.0163589995354414,-0.001629480393603444,-0.0021835891529917717,0.0038130697794258595,-0.000804393901489675,-0.002465740544721484,0.003270134562626481,5.222752224653959e-05,-0.002600140403956175,0.0025479127652943134,-0.00014970023767091334,-0.0038863089866936207,0.004036009311676025,-0.0010465036612004042,-0.0019934652373194695,0.0030399688985198736,0.0018440912244841456,0.0005175433470867574,-0.0023616342805325985,0.0011360812932252884,-0.0014817927731201053,0.000345711741829291,-0.0038930177688598633,0.000606415094807744,0.0032866012770682573,-0.0007745606126263738,-0.004158395808190107,0.004932956304401159,0.0013633762719109654,-0.0019229614408686757,0.0005595851107500494,-0.0024846529122442007,0.0015202469658106565,0.0009644055971875787,0.0016258570831269026,-0.0011414785403758287,-0.0004843788337893784,0.00020556282834149897,-0.0012386506423354149,0.0010330879595130682,-0.0007653882494196296,-0.0008869876619428396,0.001652376027777791,0.0005481363623403013,-0.0012712911702692509,0.0007231547497212887,0.0005182126769796014,-0.0009126334916800261,0.00039442081470042467,0.0011992559302598238,0.0007988041033968329,-0.0019980601500719786,0.0001499942154623568,-1.9145096302963793e-05,-0.00013084907550364733,-0.0003033998073078692,0.0007278014090843499,-0.00042440148536115885,-0.0005176195991225541,-0.00028434398700483143,0.0008019637898541987,0.001040042145177722,0.00038151346961967647,-0.0014215558767318726,-0.0004160567477811128,-0.0009783175773918629,0.0013943742960691452],[0.0005723689100705087,0.0010046373354271054,-0.0015770059544593096,0.00022033405548427254,-0.0011740600457414985,0.0009537270525470376,-0.00023788468388374895,0.002015613252297044,-0.0017777278553694487,0.0013313525123521686,-0.0003333375498186797,-0.0009980100439861417,-0.0007471599383279681,-0.0010374353732913733,0.001784594845958054,0.00014255274436436594,0.0014869264559820294,-0.001629480393603444,0.0028229355812072754,0.002624411601573229,-0.004447347484529018,0.0001512262097094208,-0.00026066164718940854,0.00010943535016849637,0.000470469705760479,0.000894151336979121,-0.001364620984531939,-0.00025883156922645867,0.0005234794225543737,-0.00026464794063940644,0.000146597289131023,-0.0009235281031578779,0.000776930944994092,-0.0006052186363376677,-0.001045619836077094,0.001650838297791779,-0.00023647908528801054,-0.0006657525664195418,0.0009022316662594676,0.002563804155215621,-0.0009424785384908319,-0.0016213252674788237,-0.0014698822051286697,0.000654515577480197,0.0008153667440637946,0.000139014475280419,-4.7592329792678356e-05,-9.142205817624927e-05,-0.0007969422731548548,0.0009569748654030263,-0.0001600325631443411,-0.000126720464322716,-0.0001427109818905592,0.00026943153352476656,0.000686909188516438,0.0018125175265595317,-0.0024994267150759697,-0.00020589327323250473,0.0003642261726781726,-0.0001583328703418374,-6.1049620853737e-05,0.0010280244750902057,-0.00096697494154796,-0.00024930184008553624,0.0003756401129066944,-0.00012633824371732771,0.0003476423444226384,0.0006602803478017449,-0.0010079226922243834,-0.0004536899214144796,-4.630396142601967e-05,0.0004999938537366688,0.00046191131696105003,5.508632239070721e-05,-0.0005169976502656937,-4.234132939018309e-05,0.0015173826832324266,-0.0014750412665307522,6.161567580420524e-05,0.0008157184347510338,-0.0008773340377956629,0.00020225027401465923,0.0002730949781835079,-0.00047534529585391283],[0.00012896000407636166,0.0016862383345142007,-0.0018151993863284588,-0.0007879015174694359,0.0014361061621457338,-0.0006482020835392177,-0.000480500515550375,0.002708188723772764,-0.0022276893723756075,0.000306875619571656,0.002480548107996583,-0.0027874214574694633,-0.0008406862616539001,-0.0006177722825668752,0.0014584597665816545,0.0006524660857394338,0.0015311227180063725,-0.0021835891529917717,0.002624411601573229,0.007495430298149586,-0.009119842201471329,0.0020544116850942373,0.0023489962331950665,-0.004403408151119947,0.0014075327198952436,0.001778259058482945,-0.0031857916619628668,-0.0005374824395403266,0.0027624592185020447,-0.0022249766625463963,0.00013733722153119743,0.002394807292148471,-0.0025321447756141424,-0.0005510672926902771,0.0009878905257210135,-0.00043682317482307553,-0.0002557210682425648,0.0006854994571767747,-0.0004297785344533622,-0.0003842085425276309,-0.004131834022700787,0.004516042303293943,-0.0030408273451030254,0.0010145017877221107,0.0020263250917196274,0.0020838247146457434,-0.0020638753194361925,-1.9949337001889944e-05,-0.0004669844638556242,7.421043119393289e-05,0.0003927739744540304,-0.0005599113646894693,0.0012852944200858474,-0.0007253829389810562,0.00019674052600748837,0.0004872740828432143,-0.000684014696162194,-0.0007785564521327615,0.0007678531110286713,1.070337020792067e-05,0.00015046678890939802,0.0011834681499749422,-0.0013339349534362555,-0.00010049511911347508,0.00026412858278490603,-0.0001636334927752614,0.0002719464828260243,0.001340403687208891,-0.0016123502282425761,-4.795679706148803e-05,0.0003576400922611356,-0.0003096832660958171,0.0012695593759417534,0.0009069939842447639,-0.002176553476601839,-0.00016341271111741662,0.0008870207238942385,-0.0007236079545691609,-0.0006626503891311586,0.0012054350227117538,-0.0005427846917882562,0.0003503544721752405,0.00013481838686857373,-0.000485172844491899],[-0.0007013289723545313,-0.002690875669941306,0.0033922053407877684,0.0005675675347447395,-0.00026204599998891354,-0.00030552505631931126,0.0007183852139860392,-0.004723801743239164,0.004005417227745056,-0.0016382283065468073,-0.002147210529074073,0.003785431385040283,0.00158784631639719,0.001655207946896553,-0.0032430551946163177,-0.0007950189174152911,-0.0030180492904037237,0.0038130697794258595,-0.004447347484529018,-0.009119842201471329,0.014567187055945396,-0.0022056400775909424,-0.0020883362740278244,0.004293977282941341,-0.0018780013779178262,-0.002672411035746336,0.004550412762910128,0.0007963129319250584,-0.0032859379425644875,0.0024896247778087854,-0.000283935311017558,-0.0014712805859744549,0.0017552162753418088,0.0011562847066670656,5.7728320825845e-05,-0.0012140130857005715,0.000492201535962522,-1.974595943465829e-05,-0.0004724554601125419,-0.0021795937791466713,0.005074313376098871,-0.0028947193641215563,0.0045107100158929825,-0.001669017830863595,-0.0028416921850293875,-0.0022228402085602283,0.00211146823130548,0.00011137174442410469,0.0012639268534258008,-0.0010311859659850597,-0.0002327409602003172,0.0006866313051432371,-0.001142582856118679,0.00045595125993713737,-0.0008836491033434868,-0.002299792366102338,0.0031834414694458246,0.0009844496380537748,-0.0011320787016302347,0.00014762896171305329,-8.941716805566102e-05,-0.002211492508649826,0.0023009097203612328,0.0003497969591990113,-0.0006397685501724482,0.00028997176559641957,-0.0006195890018716455,-0.002000683918595314,0.0026202730368822813,0.0005016468930989504,-0.0003113365964964032,-0.0001903102674987167,-0.0017314704600721598,-0.0009620803175494075,0.0026935511268675327,0.00020575446251314133,-0.002404402941465378,0.002198648639023304,0.0006010346696712077,-0.0020211527589708567,0.001420118031091988,-0.0005526042077690363,-0.0004079134960193187,0.0009605176746845245],[-0.002628471702337265,0.0016870759427547455,0.0009413952357135713,0.0015659637283533812,0.00024364370619878173,-0.0018096037674695253,-0.0012712064199149609,0.0004863097856286913,0.0007848961395211518,0.00022463026107288897,0.0016315564280375838,-0.001856184913776815,0.0006284278351813555,0.00101856654509902,-0.0016469946131110191,0.00011037845979444683,0.0006940143648535013,-0.000804393901489675,0.0001512262097094208,0.0020544116850942373,-0.0022056400775909424,0.006768657825887203,0.00270