{"epoch":0,"H":[[0.03211836889386177,-0.0311183650046587,0.005290809087455273,-0.005290808156132698,0.004756765905767679,-0.004756766837090254,0.0007247596513479948,-0.0007247584871947765,-0.0005935709923505783,0.000593571225181222,0.0003258062060922384,-0.0003258084470871836,0.0027333395555615425,-0.002733339788392186,-0.0014076568186283112,0.0014076565857976675,0.007753392215818167,-0.007753392215818167,0.004314503166824579,-0.004314503166824579,0.0005745847010985017,-0.0005745841190218925,-0.0002335290191695094,0.00023352878633886576,0.0029913918115198612,-0.0029913918115198612,-0.0027660750783979893,0.002766075311228633,0.0010187102016061544,-0.0010187102016061544,-0.0024542456958442926,0.0024542456958442926,0.00016054295701906085,-0.000160543029778637,-0.00017845445836428553,0.00017845448746811599,-0.0010904890950769186,0.0010904890950769186,0.0001176923033199273,-0.00011769216507673264,0.0006879844004288316,-0.0006879845168441534,0.0007424107170663774,-0.0007424107752740383,0.0014260397292673588,-0.0014260398456826806,0.00021190248662605882,-0.00021190238476265222,0.0001478731574025005,-0.00014787318650633097,0.0009840502170845866,-0.0009840502170845866,-0.0003087151562795043,0.0003087151562795043,-0.0005774001474492252,0.0005774001474492252],[-0.0311183650046587,0.03211836516857147,-0.005290808156132698,0.005290808156132698,-0.004756765905767679,0.004756766837090254,-0.0007247591856867075,0.0007247584871947765,0.0005935702938586473,-0.0005935700610280037,-0.00032580707920715213,0.00032580908737145364,-0.00273334002122283,0.0027333402540534735,0.0014076570514589548,-0.0014076563529670238,-0.007753393147140741,0.007753393147140741,-0.004314503166824579,0.004314503166824579,-0.0005745845846831799,0.0005745840026065707,0.00023352820426225662,-0.0002335280878469348,-0.0029913915786892176,0.0029913918115198612,0.0027660750783979893,-0.0027660755440592766,-0.00101871055085212,0.00101871055085212,0.0024542459286749363,-0.00245424616150558,-0.0001605428260518238,0.00016054279694799334,0.00017845469119492918,-0.00017845447291620076,0.001090489560738206,-0.001090489444322884,-0.00011769242701120675,0.00011769231059588492,-0.0006879846332594752,0.0006879846332594752,-0.000742410309612751,0.0007424104260280728,-0.0014260397292673588,0.0014260397292673588,-0.0002119024284183979,0.00021190231200307608,-0.00014787296822760254,0.00014787308464292437,-0.000984049984253943,0.000984049984253943,0.00030871538911014795,-0.0003087155055254698,0.0005774004384875298,-0.0005774004384875298],[0.005290809087455273,-0.005290808156132698,0.016086317598819733,-0.015086316503584385,0.004403431434184313,-0.0044034318998456,0.00395351555198431,-0.00395351555198431,0.010144191794097424,-0.010144191794097424,-0.0010356961283832788,0.001035696011967957,0.0007354272529482841,-0.0007354272529482841,0.0016347375931218266,-0.001634737360291183,-0.00629025511443615,0.00629025511443615,-0.0029524092096835375,0.002952408976852894,0.002191937295719981,-0.002191936830058694,0.0021985825151205063,-0.0021985825151205063,0.0029825344681739807,-0.0029825344681739807,-0.003965131938457489,0.003965131472796202,-0.0003725939604919404,0.0003725939604919404,-0.00024713121820241213,0.00024713180027902126,-0.00034123071236535907,0.00034123065415769815,-0.0010768084321171045,0.0010768083157017827,0.0007331779925152659,-0.0007331779925152659,-0.0002714538131840527,0.00027145363856106997,0.0011323242215439677,-0.0011323242215439677,0.0006576873129233718,-0.0006576872547157109,0.0023238419089466333,-0.0023238419089466333,-0.00038356363074854016,0.0003835634561255574,-0.0010204068385064602,0.0010204068385064602,0.0014428934082388878,-0.0014428935246542096,-0.001025875099003315,0.001025875099003315,-0.001947060925886035,0.001947060925886035],[-0.005290808156132698,0.005290808156132698,-0.015086316503584385,0.016086317598819733,-0.004403431434184313,0.0044034318998456,-0.00395351555198431,0.00395351555198431,-0.010144191794097424,0.010144191794097424,0.0010356961283832788,-0.001035696011967957,-0.0007354272529482841,0.0007354272529482841,-0.0016347375931218266,0.001634737360291183,0.00629025511443615,-0.00629025511443615,0.0029524092096835375,-0.002952408976852894,-0.002191937295719981,0.002191936830058694,-0.0021985825151205063,0.0021985825151205063,-0.0029825344681739807,0.0029825344681739807,0.003965131938457489,-0.003965131472796202,0.0003725939604919404,-0.0003725939604919404,0.00024713121820241213,-0.00024713180027902126,0.00034123071236535907,-0.00034123065415769815,0.0010768084321171045,-0.0010768083157017827,-0.0007331779925152659,0.0007331779925152659,0.0002714538131840527,-0.00027145363856106997,-0.0011323242215439677,0.0011323242215439677,-0.0006576873129233718,0.0006576872547157109,-0.0023238419089466333,0.0023238419089466333,0.00038356363074854016,-0.0003835634561255574,0.0010204068385064602,-0.0010204068385064602,-0.0014428934082388878,0.0014428935246542096,0.001025875099003315,-0.001025875099003315,0.001947060925886035,-0.001947060925886035],[0.004756765905767679,-0.004756765905767679,0.004403431434184313,-0.004403431434184313,0.012341261841356754,-0.011341260746121407,0.0025326076429337263,-0.0025326074101030827,0.004798428621143103,-0.004798428621143103,0.0002761727082543075,-0.00027617349405772984,0.0009696722263470292,-0.0009696721099317074,0.0003674965992104262,-0.00036749671562574804,0.010117931291460991,-0.010117931291460991,-0.0005441083339974284,0.0005441082757897675,-0.0008842331590130925,0.0008842333918437362,0.001989654265344143,-0.0019896537996828556,0.005727899260818958,-0.005727899260818958,-0.000491327082272619,0.0004913271986879408,0.00040499441092833877,-0.0004049943818245083,0.00033657197491265833,-0.0003365720622241497,-0.00017875325283966959,0.00017875322373583913,-0.0009086999343708158,0.0009086999343708158,-0.0012219802010804415,0.0012219802010804415,-0.00019097526092082262,0.0001909752027131617,-0.0011117146350443363,0.0011117146350443363,0.00017897931684274226,-0.00017897937505040318,-0.00011243594053667039,0.0001124359987443313,-0.00017261915490962565,0.00017261909670196474,-0.00034686201252043247,0.00034686201252043247,0.0002784905373118818,-0.0002784905955195427,0.0007878238684497774,-0.0007878238684497774,-0.00028813310200348496,0.00028813298558816314],[-0.004756766837090254,0.004756766837090254,-0.0044034318998456,0.0044034318998456,-0.011341260746121407,0.01234126091003418,-0.0025326076429337263,0.00253260787576437,-0.00479842908680439,0.00479842908680439,-0.0002761726500466466,0.0002761735813692212,-0.0009696731576696038,0.000969673041254282,-0.0003674969484563917,0.0003674970066640526,-0.010117931291460991,0.010117931291460991,0.0005441085086204112,-0.0005441085668280721,0.0008842332754284143,-0.0008842333918437362,-0.001989654265344143,0.0019896540325134993,-0.005727899260818958,0.005727899260818958,0.0004913269658572972,-0.0004913268494419754,-0.0004049944691359997,0.0004049944691359997,-0.0003365720622241497,0.0003365721204318106,0.00017875316552817822,-0.00017875313642434776,0.0009086997015401721,-0.0009086999343708158,0.0012219799682497978,-0.0012219799682497978,0.00019097523181699216,-0.00019097512995358557,0.0011117146350443363,-0.0011117146350443363,-0.0001789794332580641,0.00017897944780997932,0.00011243623157497495,-0.00011243623157497495,0.0001726190239423886,-0.0001726189802866429,0.00034686195431277156,-0.00034686201252043247,-0.00027849082835018635,0.00027849082835018635,-0.0007878239266574383,0.0007878239266574383,0.000288132403511554,-0.0002881322870962322],[0.0007247596513479948,-0.0007247591856867075,0.00395351555198431,-0.00395351555198431,0.0025326076429337263,-0.0025326076429337263,0.0074443453922867775,-0.006444347091019154,0.0035862387157976627,-0.0035862389486283064,-0.0030882940627634525,0.003088294994086027,0.003725433722138405,-0.003725433722138405,0.00036100437864661217,-0.0003610044368542731,-0.0026931683532893658,0.002693168818950653,-7.638765964657068e-06,7.638882379978895e-06,-0.0020247441716492176,0.0020247434731572866,0.0025803265161812305,-0.0025803265161812305,0.0006622009677812457,-0.0006622009677812457,-0.002382449107244611,0.0023824493400752544,0.000871037133038044,-0.0008710373658686876,2.3248023353517056e-05,-2.3248023353517056e-05,0.0005643923650495708,-0.0005643924232572317,0.000809463846962899,-0.000809463846962899,-0.0007721036672592163,0.0007721034926362336,0.0004995523486286402,-0.000499552465043962,-0.00014495561481453478,0.00014495564391836524,0.0006006717449054122,-0.0006006717449054122,0.0005400067893788218,-0.0005400069057941437,0.0004574005142785609,-0.00045740060159005225,0.00022424473718274385,-0.0002242447080789134,0.00051838718354702,-0.0005183872417546809,-0.00025855086278170347,0.000258550833677873,-0.0005388249410316348,0.0005388249410316348],[-0.0007247584871947765,0.0007247584871947765,-0.00395351555198431,0.00395351555198431,-0.0025326074101030827,0.00253260787576437,-0.006444347091019154,0.007444349117577076,-0.0035862382501363754,0.003586238482967019,0.0030882940627634525,-0.003088295226916671,-0.0037254346534609795,0.003725434420630336,-0.0003610041458159685,0.00036100379657000303,0.0026931699831038713,-0.0026931699831038713,7.63838761486113e-06,-7.63838761486113e-06,0.0020247448701411486,-0.002024743938818574,-0.0025803260505199432,0.0025803265161812305,-0.0006622012006118894,0.0006622013170272112,0.002382449107244611,-0.0023824493400752544,-0.0008710377151146531,0.0008710377151146531,-2.324808156117797e-05,2.3248139768838882e-05,-0.0005643924232572317,0.0005643924232572317,-0.0008094641380012035,0.0008094641380012035,0.0007721037836745381,-0.00077210390008986,-0.000499552465043962,0.0004995526396669447,0.00014495584764517844,-0.00014495581854134798,-0.0006006717449054122,0.0006006717449054122,-0.0005400062655098736,0.0005400063237175345,-0.00045740074710920453,0.0004574006889015436,-0.0002242446062155068,0.00022424448980018497,-0.0005183870089240372,0.0005183870089240372,0.000258550513535738,-0.000258550513535738,0.0005388243589550257,-0.0005388243589550257],[-0.0005935709923505783,0.0005935702938586473,0.010144191794097424,-0.010144191794097424,0.004798428621143103,-0.00479842908680439,0.0035862387157976627,-0.0035862382501363754,0.01011365745216608,-0.009113658219575882,0.00072157644899562,-0.0007215767400339246,0.00487066525965929,-0.004870664793998003,0.0016083552036434412,-0.0016083552036434412,0.0037883019540458918,-0.0037883019540458918,0.0019141038646921515,-0.0019141037482768297,-0.0007278913399204612,0.0007278913399204612,0.0015792051563039422,-0.0015792049234732985,0.0023035025224089622,-0.0023035025224089622,-0.0031729708425700665,0.00317297107540071,0.0005960384733043611,-0.0005960384733043611,0.00011404708493500948,-0.00011404702672734857,0.00023875509214121848,-0.0002387551503488794,0.00045499735279008746,-0.0004549974692054093,0.0011132657527923584,-0.0011132657527923584,0.0004103373794350773,-0.00041033740853890777,0.0004993623006157577,-0.0004993623006157577,-0.00031335168750956655,0.0003133518621325493,-0.0007769727380946279,0.0007769727380946279,0.00016697822138667107,-0.0001669782359385863,0.0004187814483884722,-0.00041878147749230266,0.001658834982663393,-0.0016588350990787148,0.000877268728800118,-0.000877268728800118,0.0007415134459733963,-0.0007415134459733963],[0.000593571225181222,-0.0005935700610280037,-0.010144191794097424,0.010144191794097424,-0.004798428621143103,0.00479842908680439,-0.0035862389486283064,0.003586238482967019,-0.009113658219575882,0.010113658383488655,-0.00072157644899562,0.0007215767400339246,-0.00487066525965929,0.004870664793998003,-0.0016083552036434412,0.0016083552036434412,-0.0037883019540458918,0.0037883019540458918,-0.0019141038646921515,0.0019141037482768297,0.0007278913399204612,-0.0007278913399204612,-0.0015792051563039422,0.0015792049234732985,-0.0023035025224089622,0.0023035025224089622,0.0031729708425700665,-0.00317297107540071,-0.0005960384733043611,0.0005960384733043611,-0.00011404708493500948,0.00011404702672734857,-0.00023875509214121848,0.0002387551503488794,-0.00045499735279008746,0.0004549974692054093,-0.0011132657527923584,0.0011132657527923584,-0.0004103373794350773,0.00041033740853890777,-0.0004993623006157577,0.0004993623006157577,0.00031335168750956655,-0.0003133518621325493,0.0007769727380946279,-0.0007769727380946279,-0.00016697822138667107,0.0001669782359385863,-0.0004187814483884722,0.00041878147749230266,-0.001658834982663393,0.0016588350990787148,-0.000877268728800118,0.000877268728800118,-0.0007415134459733963,0.0007415134459733963],[0.0003258062060922384,-0.00032580707920715213,-0.0010356961283832788,0.0010356961283832788,0.0002761727082543075,-0.0002761726500466466,-0.0030882940627634525,0.0030882940627634525,0.00072157644899562,-0.00072157644899562,0.003074340522289276,-0.0020743398927152157,-0.0017430199077352881,0.0017430199077352881,0.0022817226126790047,-0.002281722379848361,0.002075526397675276,-0.002075526397675276,-0.00021168273815419525,0.00021168265084270388,0.00017599604325369,-0.00017599581042304635,0.0002553637605160475,-0.000255363731412217,9.670836880104616e-05,-9.670838335296139e-05,-0.0010899790795519948,0.0010899791959673166,0.0004665233427658677,-0.0004665233427658677,0.001692321035079658,-0.001692321035079658,0.00029572032508440316,-0.00029572032508440316,0.0008103314321488142,-0.0008103314903564751,0.0008052651537582278,-0.0008052651537582278,0.0002192479296354577,-0.00021924791508354247,0.0007332103559747338,-0.0007332103559747338,-2.1386862499639392e-05,2.1386862499639392e-05,-0.0001787646469892934,0.00017876467609312385,0.00016248042811639607,-0.00016248042811639607,0.0006255925400182605,-0.0006255925400182605,0.00032708083745092154,-0.00032708083745092154,0.00041578678064979613,-0.00041578678064979613,0.00025476323207840323,-0.00025476323207840323],[-0.0003258084470871836,0.00032580908737145364,0.001035696011967957,-0.001035696011967957,-0.00027617349405772984,0.0002761735813692212,0.003088294994086027,-0.003088295226916671,-0.0007215767400339246,0.0007215767400339246,-0.0020743398927152157,0.003074341919273138,0.00174302002415061,-0.0017430199077352881,-0.002281723078340292,0.002281723078340292,-0.0020755273289978504,0.0020755273289978504,0.00021168222883716226,-0.00021168214152567089,-0.00017599582497496158,0.0001759958395268768,-0.00025536419707350433,0.00025536416796967387,-9.670921281212941e-05,9.670927101979032e-05,0.001089979545213282,-0.001089979661628604,-0.00046652299351990223,0.00046652299351990223,-0.0016923216171562672,0.0016923216171562672,-0.0002957202377729118,0.0002957202377729118,-0.0008103314321488142,0.000810331548564136,-0.0008052655612118542,0.0008052655612118542,-0.0002192479296354577,0.0002192479296354577,-0.0007332108216360211,0.0007332108216360211,2.1386716980487108e-05,-2.1386716980487108e-05,0.00017876439960673451,-0.00017876439960673451,-0.00016248031170107424,0.00016248031170107424,-0.0006255925400182605,0.0006255925400182605,-0.0003270811284892261,0.0003270811284892261,-0.00041578704258427024,0.0004157870716881007,-0.00025476329028606415,0.00025476329028606415],[0.0027333395555615425,-0.00273334002122283,0.0007354272529482841,-0.0007354272529482841,0.0009696722263470292,-0.0009696731576696038,0.003725433722138405,-0.0037254346534609795,0.00487066525965929,-0.00487066525965929,-0.0017430199077352881,0.00174302002415061,0.008218632079660892,-0.007218630518764257,0.0019883469212800264,-0.0019883473869413137,0.0018020817078649998,-0.001802081591449678,0.0002773066225927323,-0.00027730679721571505,9.761516412254423e-05,-9.761531691765413e-05,0.0008006488205865026,-0.0008006488205865026,-0.001960695255547762,0.001960695255547762,-0.0008021841640584171,0.0008021843386813998,0.00018913493840955198,-0.0001891347928903997,0.0011129813501611352,-0.0011129812337458134,0.0003356106753926724,-0.00033561064628884196,0.0015606234082952142,-0.0015606236411258578,-0.0003739719686564058,0.00037397193955257535,0.0002763484953902662,-0.0002763484953902662,0.0015779610257595778,-0.0015779610257595778,0.000658756063785404,-0.0006587561802007258,0.0016491523711010814,-0.0016491522546857595,0.0002875381032936275,-0.00028753813239745796,0.0005327861872501671,-0.0005327861290425062,-0.00010881462367251515,0.00010881462367251515,-0.00044148400775156915,0.00044148400775156915,-0.0008681842009536922,0.0008681842009536922],[-0.002733339788392186,0.0027333402540534735,-0.0007354272529482841,0.0007354272529482841,-0.0009696721099317074,0.000969673041254282,-0.003725433722138405,0.003725434420630336,-0.004870664793998003,0.004870664793998003,0.0017430199077352881,-0.0017430199077352881,-0.007218630518764257,0.008218631148338318,-0.0019883476197719574,0.0019883476197719574,-0.0018020826391875744,0.0018020826391875744,-0.0002773072337731719,0.00027730705915018916,-9.761513501871377e-05,9.761506225913763e-05,-0.0008006494026631117,0.000800649169832468,0.0019606950227171183,-0.0019606950227171183,0.0008021845715120435,-0.0008021845715120435,-0.00018913488020189106,0.0001891347928903997,-0.0011129816994071007,0.0011129816994071007,-0.0003356107627041638,0.0003356107627041638,-0.0015606237575411797,0.0015606238739565015,0.0003739719686564058,-0.00037397199776023626,-0.0002763486991170794,0.0002763486700132489,-0.001577961491420865,0.001577961491420865,-0.0006587562384083867,0.0006587563548237085,-0.0016491524875164032,0.0016491524875164032,-0.00028753819060511887,0.0002875381615012884,-0.0005327861872501671,0.0005327861872501671,0.00010881471098400652,-0.00010881471098400652,0.00044148400775156915,-0.00044148406595923007,0.0008681843755766749,-0.0008681843755766749],[-0.0014076568186283112,0.0014076570514589548,0.0016347375931218266,-0.0016347375931218266,0.0003674965992104262,-0.0003674969484563917,0.00036100437864661217,-0.0003610041458159685,0.0016083552036434412,-0.0016083552036434412,0.0022817226126790047,-0.002281723078340292,0.0019883469212800264,-0.0019883476197719574,0.009955584071576595,-0.008955584838986397,0.0008906782604753971,-0.0008906782604753971,0.003309553023427725,-0.003309553489089012,0.00016296948888339102,-0.00016296913963742554,0.0010714849922806025,-0.0010714848758652806,0.0008348297560587525,-0.0008348297560587525,-0.0014339651679620147,0.0014339650515466928,0.0004655839002225548,-0.0004655839584302157,0.0012549825478345156,-0.0012549820821732283,-0.0001575854403199628,0.00015758561494294554,0.000281764252576977,-0.0002817646600306034,0.0011651597451418638,-0.0011651597451418638,-4.031238495372236e-05,4.03124577132985e-05,0.0017157322727143764,-0.0017157322727143764,-0.0001860379270510748,0.00018603798525873572,0.00022371004160959274,-0.0002237100270576775,0.00012816759408451617,-0.00012816763774026185,0.0003154579899273813,-0.0003154579899273813,0.0010803915793076158,-0.0010803916957229376,0.0015852777287364006,-0.0015852778451517224,0.000187459314474836,-0.00018745922716334462],[0.0014076565857976675,-0.0014076563529670238,-0.001634737360291183,0.001634737360291183,-0.00036749671562574804,0.0003674970066640526,-0.0003610044368542731,0.00036100379657000303,-0.0016083552036434412,0.0016083552036434412,-0.002281722379848361,0.002281723078340292,-0.0019883473869413137,0.0019883476197719574,-0.008955584838986397,0.009955584071576595,-0.0008906782604753971,0.0008906782604753971,-0.003309553023427725,0.003309553489089012,-0.00016296948888339102,0.00016296913963742554,-0.0010714849922806025,0.0010714848758652806,-0.0008348297560587525,0.0008348297560587525,0.0014339651679620147,-0.0014339650515466928,-0.0004655839002225548,0.0004655839584302157,-0.0012549825478345156,0.0012549820821732283,0.0001575854403199628,-0.00015758561494294554,-0.000281764252576977,0.0002817646600306034,-0.0011651597451418638,0.0011651597451418638,4.031238495372236e-05,-4.03124577132985e-05,-0.0017157322727143764,0.0017157322727143764,0.0001860379270510748,-0.00018603798525873572,-0.00022371004160959274,0.0002237100270576775,-0.00012816759408451617,0.00012816763774026185,-0.0003154579899273813,0.0003154579899273813,-0.0010803915793076158,0.0010803916957229376,-0.0015852777287364006,0.0015852778451517224,-0.000187459314474836,0.00018745922716334462],[0.007753392215818167,-0.007753393147140741,-0.00629025511443615,0.00629025511443615,0.010117931291460991,-0.010117931291460991,-0.0026931683532893658,0.0026931699831038713,0.0037883019540458918,-0.0037883019540458918,0.002075526397675276,-0.0020755273289978504,0.0018020817078649998,-0.0018020826391875744,0.0008906782604753971,-0.0008906782604753971,0.011576080694794655,-0.010576080530881882,0.0014551961794495583,-0.0014551961794495583,0.0003076834254898131,-0.00030768345459364355,0.0017034310149028897,-0.001703430898487568,0.0005755280726589262,-0.0005755280726589262,-6.56537595205009e-05,6.565381772816181e-05,1.211289782077074e-05,-1.2112926924601197e-05,0.0016181458486244082,-0.00161814596503973,-0.00024881999706849456,0.000248820026172325,0.0004942517261952162,-0.0004942519590258598,0.0014519472606480122,-0.0014519472606480122,-0.00019768755009863526,0.00019768771016970277,0.0008703398052603006,-0.0008703398052603006,-0.0005762878572568297,0.0005762879154644907,0.0016751341754570603,-0.0016751342918723822,-8.367015107069165e-05,8.36701801745221e-05,2.8778042178601027e-05,-2.8778042178601027e-05,0.0009263070533052087,-0.0009263071697205305,0.0007186200236901641,-0.0007186200236901641,0.0010010974947363138,-0.0010010974947363138],[-0.007753392215818167,0.007753393147140741,0.00629025511443615,-0.00629025511443615,-0.010117931291460991,0.010117931291460991,0.002693168818950653,-0.0026931699831038713,-0.0037883019540458918,0.0037883019540458918,-0.002075526397675276,0.0020755273289978504,-0.001802081591449678,0.0018020826391875744,-0.0008906782604753971,0.0008906782604753971,-0.010576080530881882,0.011576078832149506,-0.0014551961794495583,0.0014551961794495583,-0.0003076834254898131,0.00030768345459364355,-0.0017034310149028897,0.001703430898487568,-0.0005755280726589262,0.0005755280726589262,6.56537595205009e-05,-6.565381772816181e-05,-1.211289782077074e-05,1.2112926924601197e-05,-0.0016181458486244082,0.00161814596503973,0.00024881999706849456,-0.000248820026172325,-0.0004942517261952162,0.0004942519590258598,-0.0014519472606480122,0.0014519472606480122,0.00019768755009863526,-0.00019768771016970277,-0.0008703398052603006,0.0008703398052603006,0.0005762878572568297,-0.0005762879154644907,-0.0016751341754570603,0.0016751342918723822,8.367015107069165e-05,-8.36701801745221e-05,-2.8778042178601027e-05,2.8778042178601027e-05,-0.0009263070533052087,0.0009263071697205305,-0.0007186200236901641,0.0007186200236901641,-0.0010010974947363138,0.0010010974947363138],[0.004314503166824579,-0.004314503166824579,-0.0029524092096835375,0.0029524092096835375,-0.0005441083339974284,0.0005441085086204112,-7.638765964657068e-06,7.63838761486113e-06,0.0019141038646921515,-0.0019141038646921515,-0.00021168273815419525,0.00021168222883716226,0.0002773066225927323,-0.0002773072337731719,0.003309553023427725,-0.003309553023427725,0.0014551961794495583,-0.0014551961794495583,0.00513669615611434,-0.004136696457862854,0.00014485899009741843,-0.00014485885913018137,0.0017979105468839407,-0.0017979105468839407,-0.0016057940665632486,0.0016057942993938923,0.00035606761230155826,-0.00035606761230155826,0.000297709833830595,-0.000297709833830595,-0.0005197824793867767,0.0005197824793867767,0.0003093539271503687,-0.0003093539271503687,-0.0005252789705991745,0.0005252788541838527,-0.0018809563480317593,0.0018809563480317593,-7.004814688116312e-05,7.004820508882403e-05,-8.596849511377513e-05,8.596849511377513e-05,-0.0007682802970521152,0.0007682802970521152,-0.00019222003174945712,0.00019222000264562666,0.00015221501234918833,-0.00015221498324535787,-0.0005525390151888132,0.0005525390151888132,-0.0007508660783059895,0.0007508660783059895,-0.00012890556536149234,0.00012890557991340756,-0.0005500055267475545,0.0005500055267475545],[-0.004314503166824579,0.004314503166824579,0.002952408976852894,-0.002952408976852894,0.0005441082757897675,-0.0005441085668280721,7.638882379978895e-06,-7.63838761486113e-06,-0.0019141037482768297,0.0019141037482768297,0.00021168265084270388,-0.00021168214152567089,-0.00027730679721571505,0.00027730705915018916,-0.003309553489089012,0.003309553489089012,-0.0014551961794495583,0.0014551961794495583,-0.004136696457862854,0.0051366956904530525,-0.00014485899009741843,0.00014485885913018137,-0.0017979105468839407,0.0017979105468839407,0.0016057940665632486,-0.0016057942993938923,-0.00035606761230155826,0.00035606761230155826,-0.000297709833830595,0.000297709833830595,0.0005197824793867767,-0.0005197824793867767,-0.0003093539271503687,0.0003093539271503687,0.0005252789705991745,-0.0005252788541838527,0.0018809563480317593,-0.0018809563480317593,7.004814688116312e-05,-7.004820508882403e-05,8.596849511377513e-05,-8.596849511377513e-05,0.0007682802970521152,-0.0007682802970521152,0.00019222003174945712,-0.00019222000264562666,-0.00015221501234918833,0.00015221498324535787,0.0005525390151888132,-0.0005525390151888132,0.0007508660783059895,-0.0007508660783059895,0.00012890556536149234,-0.00012890557991340756,0.0005500055267475545,-0.0005500055267475545],[0.0005745847010985017,-0.0005745845846831799,0.002191937295719981,-0.002191937295719981,-0.0008842331590130925,0.0008842332754284143,-0.0020247441716492176,0.0020247448701411486,-0.0007278913399204612,0.0007278913399204612,0.00017599604325369,-0.00017599582497496158,9.761516412254423e-05,-9.761513501871377e-05,0.00016296948888339102,-0.00016296948888339102,0.0003076834254898131,-0.0003076834254898131,0.00014485899009741843,-0.00014485899009741843,0.001866689184680581,-0.0008666897192597389,-0.0008613147074356675,0.0008613147074356675,-0.00027153530390933156,0.000271535333013162,-0.0003099720925092697,0.0003099720925092697,0.0003008717903867364,-0.0003008717903867364,0.00041142944246530533,-0.00041142944246530533,0.00021217088215053082,-0.00021217088215053082,0.00017413654131814837,-0.00017413664318155497,0.0003308896266389638,-0.0003308896266389638,0.00023430469445884228,-0.00023430463625118136,0.0007444752845913172,-0.0007444753427989781,-9.606400999473408e-05,9.606403909856454e-05,1.2934920960105956e-05,-1.2934935512021184e-05,0.00024323895922861993,-0.00024323895922861993,0.00017235809355042875,-0.0001723581226542592,-0.0002857223735190928,0.0002857223735190928,-0.0005995776737108827,0.0005995776737108827,-0.00035715950070880353,0.000357159529812634],[-0.0005745841190218925,0.0005745840026065707,-0.002191936830058694,0.002191936830058694,0.0008842333918437362,-0.0008842333918437362,0.0020247434731572866,-0.002024743938818574,0.0007278913399204612,-0.0007278913399204612,-0.00017599581042304635,0.0001759958395268768,-9.761531691765413e-05,9.761506225913763e-05,-0.00016296913963742554,0.00016296913963742554,-0.00030768345459364355,0.00030768345459364355,-0.00014485885913018137,0.00014485885913018137,-0.0008666897192597389,0.0018666888354346156,0.0008613148238509893,-0.0008613147656433284,0.0002715351292863488,-0.0002715351292863488,0.000309972238028422,-0.0003099723544437438,-0.0003008717903867364,0.0003008717903867364,-0.0004114295297767967,0.0004114295297767967,-0.00021217099856585264,0.0002121710276696831,-0.00017413654131814837,0.00017413668683730066,-0.00033088953932747245,0.00033088953932747245,-0.0002343047090107575,0.00023430466535501182,-0.0007444752845913172,0.0007444752845913172,9.606395178707317e-05,-9.606397361494601e-05,-1.2934950063936412e-05,1.2934950063936412e-05,-0.00024323891557287425,0.00024323887191712856,-0.00017235797713510692,0.00017235800623893738,0.00028572234441526234,-0.00028572234441526234,0.0005995774990878999,-0.0005995774990878999,0.0003571594716049731,-0.0003571594425011426],[-0.0002335290191695094,0.00023352820426225662,0.0021985825151205063,-0.0021985825151205063,0.001989654265344143,-0.001989654265344143,0.0025803265161812305,-0.0025803260505199432,0.0015792051563039422,-0.0015792051563039422,0.0002553637605160475,-0.00025536419707350433,0.0008006488205865026,-0.0008006494026631117,0.0010714849922806025,-0.0010714849922806025,0.0017034310149028897,-0.0017034310149028897,0.0017979105468839407,-0.0017979105468839407,-0.0008613147074356675,0.0008613148238509893,0.002782686147838831,-0.0017826864495873451,-0.00010863423813134432,0.00010863423813134432,0.00206390512175858,-0.002063905354589224,-0.00023627892369404435,0.00023627898190170527,0.0005824647378176451,-0.0005824646796099842,-0.00018154157442040741,0.00018154157442040741,-0.000304403220070526,0.000304403220070526,-0.0005574746755883098,0.0005574747337959707,-0.00025108715635724366,0.0002510870690457523,0.00027019419940188527,-0.00027019419940188527,-0.00016671576304361224,0.00016671582125127316,0.000753542291931808,-0.000753542291931808,-0.0002964347368106246,0.0002964347368106246,-0.00031957210740074515,0.00031957210740074515,-4.1521285311318934e-05,4.152131441514939e-05,0.0006430293433368206,-0.0006430293433368206,9.713631880003959e-05,-9.713631880003959e-05],[0.00023352878633886576,-0.0002335280878469348,-0.0021985825151205063,0.0021985825151205063,-0.0019896537996828556,0.0019896540325134993,-0.0025803265161812305,0.0025803265161812305,-0.0015792049234732985,0.0015792049234732985,-0.000255363731412217,0.00025536416796967387,-0.0008006488205865026,0.000800649169832468,-0.0010714848758652806,0.0010714848758652806,-0.001703430898487568,0.001703430898487568,-0.0017979105468839407,0.0017979105468839407,0.0008613147074356675,-0.0008613147656433284,-0.0017826864495873451,0.0027826870791614056,0.00010863423813134432,-0.00010863423813134432,-0.002063905354589224,0.002063905354589224,0.00023627902555745095,-0.00023627902555745095,-0.0005824652034789324,0.0005824652034789324,0.00018154144345317036,-0.00018154144345317036,0.0003044030163437128,-0.0003044030745513737,0.0005574743845500052,-0.0005574743845500052,0.0002510871272534132,-0.00025108703994192183,-0.0002701941702980548,0.00027019414119422436,0.00016671571938786656,-0.00016671580669935793,-0.0007535425247624516,0.0007535425247624516,0.0002964346786029637,-0.0002964346786029637,0.00031957184546627104,-0.0003195718745701015,4.152113979216665e-05,-4.152116889599711e-05,-0.0006430294015444815,0.0006430294597521424,-9.713633335195482e-05,9.713633335195482e-05],[0.0029913918115198612,-0.0029913915786892176,0.0029825344681739807,-0.0029825344681739807,0.005727899260818958,-0.005727899260818958,0.0006622009677812457,-0.0006622012006118894,0.0023035025224089622,-0.0023035025224089622,9.670836880104616e-05,-9.670921281212941e-05,-0.001960695255547762,0.0019606950227171183,0.0008348297560587525,-0.0008348297560587525,0.0005755280726589262,-0.0005755280726589262,-0.0016057940665632486,0.0016057940665632486,-0.00027153530390933156,0.0002715351292863488,-0.00010863423813134432,0.00010863423813134432,0.0064929174259305,-0.005492918659001589,-0.002079579047858715,0.002079579047858715,8.024033741094172e-05,-8.024039561860263e-05,0.0002086048771161586,-0.00020860493532381952,-8.724175859242678e-05,8.724175859242678e-05,0.00025720271514728665,-0.00025720265693962574,0.0013549034483730793,-0.0013549034483730793,0.00011458565131761134,-0.00011458578228484839,-0.0002497157547622919,0.0002497157547622919,0.00031349880737252533,-0.00031349880737252533,-0.00019096767937298864,0.00019096762116532773,4.7029374400153756e-05,-4.702940350398421e-05,0.0004964690306223929,-0.000496468972414732,0.0002333352604182437,-0.00023333523131441325,-0.000514558982104063,0.000514558982104063,0.00031701105763204396,-0.0003170110867358744],[-0.0029913918115198612,0.0029913918115198612,-0.0029825344681739807,0.0029825344681739807,-0.005727899260818958,0.005727899260818958,-0.0006622009677812457,0.0006622013170272112,-0.0023035025224089622,0.0023035025224089622,-9.670838335296139e-05,9.670927101979032e-05,0.001960695255547762,-0.0019606950227171183,-0.0008348297560587525,0.0008348297560587525,-0.0005755280726589262,0.0005755280726589262,0.0016057942993938923,-0.0016057942993938923,0.000271535333013162,-0.0002715351292863488,0.00010863423813134432,-0.00010863423813134432,-0.005492918659001589,0.006492918822914362,0.002079579047858715,-0.002079579047858715,-8.024033741094172e-05,8.024039561860263e-05,-0.0002086048771161586,0.00020860493532381952,8.724175859242678e-05,-8.724175859242678e-05,-0.00025720271514728665,0.00025720265693962574,-0.0013549034483730793,0.0013549034483730793,-0.00011458565131761134,0.00011458578228484839,0.0002497157547622919,-0.0002497157547622919,-0.00031349880737252533,0.00031349880737252533,0.00019096767937298864,-0.00019096762116532773,-4.7029374400153756e-05,4.702940350398421e-05,-0.0004964690306223929,0.000496468972414732,-0.0002333352604182437,0.00023333523131441325,0.000514558982104063,-0.000514558982104063,-0.00031701105763204396,0.0003170110867358744],[-0.0027660750783979893,0.0027660750783979893,-0.003965131938457489,0.003965131938457489,-0.000491327082272619,0.0004913269658572972,-0.002382449107244611,0.002382449107244611,-0.0031729708425700665,0.0031729708425700665,-0.0010899790795519948,0.001089979545213282,-0.0008021841640584171,0.0008021845715120435,-0.0014339651679620147,0.0014339651679620147,-6.56537595205009e-05,6.56537595205009e-05,0.00035606761230155826,-0.00035606761230155826,-0.0003099720925092697,0.000309972238028422,0.00206390512175858,-0.002063905354589224,-0.002079579047858715,0.002079579047858715,0.004907409194856882,-0.003907409030944109,-0.00038222872535698116,0.000382228841772303,0.00043324893340468407,-0.00043324881698936224,-0.00012858078116551042,0.00012858078116551042,0.0005208012298680842,-0.0005208012880757451,-0.002211263868957758,0.0022112641017884016,-6.521000614156947e-05,6.521008617710322e-05,-0.0009311665780842304,0.0009311665780842304,-0.0003654473985079676,0.0003654473985079676,-0.00017788216064218432,0.00017788218974601477,-0.00015004468150436878,0.00015004471060819924,0.0005016460199840367,-0.0005016460199840367,8.55687030707486e-05,-8.556871034670621e-05,7.665074372198433e-05,-7.66507291700691e-05,0.00015473776147700846,-0.00015473776147700846],[0.002766075311228633,-0.0027660755440592766,0.003965131472796202,-0.003965131472796202,0.0004913271986879408,-0.0004913268494419754,0.0023824493400752544,-0.0023824493400752544,0.00317297107540071,-0.00317297107540071,0.0010899791959673166,-0.001089979661628604,0.0008021843386813998,-0.0008021845715120435,0.0014339650515466928,-0.0014339650515466928,6.565381772816181e-05,-6.565381772816181e-05,-0.00035606761230155826,0.00035606761230155826,0.0003099720925092697,-0.0003099723544437438,-0.002063905354589224,0.002063905354589224,0.002079579047858715,-0.002079579047858715,-0.003907409030944109,0.004907410126179457,0.00038222872535698116,-0.000382228841772303,-0.00043324893340468407,0.00043324881698936224,0.00012858078116551042,-0.00012858078116551042,-0.0005208012298680842,0.0005208012880757451,0.002211263868957758,-0.0022112641017884016,6.521000614156947e-05,-6.521008617710322e-05,0.0009311665780842304,-0.0009311665780842304,0.0003654473985079676,-0.0003654473985079676,0.00017788216064218432,-0.00017788218974601477,0.00015004468150436878,-0.00015004471060819924,-0.0005016460199840367,0.0005016460199840367,-8.55687030707486e-05,8.556871034670621e-05,-7.665074372198433e-05,7.66507291700691e-05,-0.00015473776147700846,0.00015473776147700846],[0.0010187102016061544,-0.00101871055085212,-0.0003725939604919404,0.0003725939604919404,0.00040499441092833877,-0.0004049944691359997,0.000871037133038044,-0.0008710377151146531,0.0005960384733043611,-0.0005960384733043611,0.0004665233427658677,-0.00046652299351990223,0.00018913493840955198,-0.00018913488020189106,0.0004655839002225548,-0.0004655839002225548,1.211289782077074e-05,-1.211289782077074e-05,0.000297709833830595,-0.000297709833830595,0.0003008717903867364,-0.0003008717903867364,-0.00023627892369404435,0.00023627902555745095,8.024033741094172e-05,-8.024033741094172e-05,-0.00038222872535698116,0.00038222872535698116,0.0032154349610209465,-0.002215434331446886,0.001701711444184184,-0.0017017112113535404,0.0010083633242174983,-0.0010083633242174983,0.0010629066964611411,-0.0010629066964611411,-0.0022613948676735163,0.0022613948676735163,0.000791041471529752,-0.0007910415879450738,0.0007689971243962646,-0.0007689971826039255,-0.0007989708101376891,0.0007989706937223673,-2.7364163543097675e-05,2.7364178095012903e-05,0.0006447637570090592,-0.0006447638152167201,0.0006398792029358447,-0.0006398792029358447,-0.0004923178348690271,0.0004923177766613662,-6.936382851563394e-05,6.936381396371871e-05,-0.0004087321285624057,0.00040873209945857525],[-0.0010187102016061544,0.00101871055085212,0.0003725939604919404,-0.0003725939604919404,-0.0004049943818245083,0.0004049944691359997,-0.0008710373658686876,0.0008710377151146531,-0.0005960384733043611,0.0005960384733043611,-0.0004665233427658677,0.00046652299351990223,-0.0001891347928903997,0.0001891347928903997,-0.0004655839584302157,0.0004655839584302157,-1.2112926924601197e-05,1.2112926924601197e-05,-0.000297709833830595,0.000297709833830595,-0.0003008717903867364,0.0003008717903867364,0.00023627898190170527,-0.00023627902555745095,-8.024039561860263e-05,8.024039561860263e-05,0.000382228841772303,-0.000382228841772303,-0.002215434331446886,0.0032154330983757973,-0.001701711444184184,0.0017017112113535404,-0.0010083633242174983,0.0010083633242174983,-0.0010629066964611411,0.0010629066964611411,0.0022613948676735163,-0.0022613948676735163,-0.000791041471529752,0.0007910415879450738,-0.0007689971243962646,0.0007689971826039255,0.0007989708101376891,-0.0007989706937223673,2.7364163543097675e-05,-2.7364178095012903e-05,-0.0006447637570090592,0.0006447638152167201,-0.0006398792029358447,0.0006398792029358447,0.0004923178348690271,-0.0004923177766613662,6.936382851563394e-05,-6.936381396371871e-05,0.0004087321285624057,-0.00040873209945857525],[-0.0024542456958442926,0.0024542459286749363,-0.00024713121820241213,0.00024713121820241213,0.00033657197491265833,-0.0003365720622241497,2.3248023353517056e-05,-2.324808156117797e-05,0.00011404708493500948,-0.00011404708493500948,0.001692321035079658,-0.0016923216171562672,0.0011129813501611352,-0.0011129816994071007,0.0012549825478345156,-0.0012549825478345156,0.0016181458486244082,-0.0016181458486244082,-0.0005197824793867767,0.0005197824793867767,0.00041142944246530533,-0.0004114295297767967,0.0005824647378176451,-0.0005824652034789324,0.0002086048771161586,-0.0002086048771161586,0.00043324893340468407,-0.00043324893340468407,0.001701711444184184,-0.001701711444184184,0.005531736183911562,-0.004531736485660076,0.0010641433764249086,-0.0010641433764249086,0.00188088056165725,-0.0018808807944878936,0.0020196621771901846,-0.0020196621771901846,0.0007946392288431525,-0.0007946392288431525,0.0012505140621215105,-0.0012505140621215105,0.0014157717814669013,-0.0014157717814669013,0.0008125167805701494,-0.0008125167805701494,0.000666869105771184,-0.000666869105771184,0.0012014845851808786,-0.0012014845851808786,0.0022922668140381575,-0.0022922668140381575,0.0012946436181664467,-0.0012946436181664467,0.0008500466356053948,-0.0008500465773977339],[0.0024542456958442926,-0.00245424616150558,0.00024713180027902126,-0.00024713180027902126,-0.0003365720622241497,0.0003365721204318106,-2.3248023353517056e-05,2.3248139768838882e-05,-0.00011404702672734857,0.00011404702672734857,-0.001692321035079658,0.0016923216171562672,-0.0011129812337458134,0.0011129816994071007,-0.0012549820821732283,0.0012549820821732283,-0.00161814596503973,0.00161814596503973,0.0005197824793867767,-0.0005197824793867767,-0.00041142944246530533,0.0004114295297767967,-0.0005824646796099842,0.0005824652034789324,-0.00020860493532381952,0.00020860493532381952,-0.00043324881698936224,0.00043324881698936224,-0.0017017112113535404,0.0017017112113535404,-0.004531736485660076,0.005531736183911562,-0.0010641432600095868,0.0010641432600095868,-0.0018808802124112844,0.001880880445241928,-0.0020196621771901846,0.0020196621771901846,-0.0007946392870508134,0.0007946392288431525,-0.0012505139457061887,0.0012505139457061887,-0.00141577131