{"epoch":0,"H":[[0.019766049459576607,-0.014628923498094082,-0.00413712952286005,-0.005700566340237856,-0.001612901920452714,0.007313469424843788,0.004065925255417824,-0.004875520709902048,0.0008095958037301898,-0.002212892984971404,-0.004212966654449701,0.006425859872251749,-0.00183061882853508,-0.006063057109713554,0.007893676869571209,0.001852232264354825,-0.0016833447152748704,-0.0001688874908722937,-2.1034444216638803e-05,0.0008506369777023792,-0.0008296027081087232,0.0021604388020932674,-0.0006266007549129426,-0.001533837872557342,-0.004057926591485739,-0.004131557419896126,0.008189482614398003,0.0030362699180841446,-0.0009610620909370482,-0.00207520741969347,-0.00219841580837965,-0.002239713678136468,0.004438130650669336,-0.00566596956923604,-0.006319811567664146,0.011985781602561474,-0.001997003797441721,-0.0008962987340055406,0.0028933025896549225,-0.0031100944615900517,-0.0012000174028798938,0.0043101124465465546,0.0008811023435555398,2.4543580366298556e-05,-0.000905645894818008,-0.0017334227450191975,0.0003140151093248278,0.001419407781213522,-0.00047586136497557163,0.00024551659589633346,0.00023034494370222092,8.79407161846757e-05,0.0005985345924273133,-0.0006864754250273108,-0.000907992129214108,-8.12295766081661e-05,0.0009892216185107827,0.0020863707177340984,-0.0019505098462104797,-0.000135861337184906,-0.00010692636715248227,-0.0015594072174280882,0.0016663335263729095,-0.0011758246691897511,-0.0005704048089683056,0.001746229361742735,-0.0001745725458022207,0.00027157162548974156,-9.699910879135132e-05,0.0001103794202208519,-0.001652333652600646,0.0015419542323797941,-0.0010072918375954032,-0.000763626943808049,0.001770918839611113,0.00027033244259655476,0.00023120592231862247,-0.0005015383940190077,0.0004936010227538645,0.0014641059096902609,-0.0019577068742364645,0.0010114270262420177,0.00031653218320570886,-0.0013279593549668789],[-0.014628923498094082,0.027169080451130867,-0.011540157720446587,0.0014118943363428116,0.008066359907388687,-0.009478254243731499,-0.0016903076320886612,0.002769188489764929,-0.001078880624845624,-0.0005661718896590173,0.0030270437709987164,-0.002460871357470751,-0.0005728841060772538,0.006171951536089182,-0.005599067080765963,-0.0013091142755001783,0.007781082298606634,-0.006471968721598387,0.00023583669099025428,-0.0034854391124099493,0.0032496026251465082,-0.00019422511104494333,0.0075422534719109535,-0.007348028942942619,0.0022794106043875217,0.003544192761182785,-0.0058236028999090195,-0.002898323815315962,0.0026458080392330885,0.00025251583429053426,-0.0009053995017893612,0.0027290922589600086,-0.0018236928153783083,0.00010876101441681385,0.008591501973569393,-0.008700262755155563,0.0013872424606233835,0.006988780573010445,-0.008376022800803185,0.0006601072382181883,0.0013253882061690092,-0.001985495677217841,-0.0039069391787052155,0.007526128087192774,-0.003619188442826271,0.00020635221153497696,0.0042063333094120026,-0.004412685055285692,-0.003353000618517399,0.004273834638297558,-0.0009208336705341935,0.0007733834208920598,0.0015537823783233762,-0.0023271655663847923,0.0012579007307067513,0.00333865312859416,-0.00459655374288559,-0.004860874265432358,0.003828616812825203,0.0010322576854377985,0.0002559841959737241,0.00037537619937211275,-0.0006313604535534978,0.0011538995895534754,0.0015635620802640915,-0.002717461669817567,0.0013703244039788842,0.0016242815181612968,-0.0029946062713861465,-0.000294955272693187,0.0016288654878735542,-0.0013339102733880281,0.0011847205460071564,0.004764670971781015,-0.005949391517788172,-0.00026887678541243076,0.002013931982219219,-0.0017450551968067884,0.0019761696457862854,0.006074082106351852,-0.008050251752138138,0.0005435945931822062,0.002548838034272194,-0.0030924328602850437],[-0.00413712952286005,-0.011540157720446587,0.016677284613251686,0.004288670141249895,-0.006453454960137606,0.0021647848188877106,-0.0023756164591759443,0.002106333151459694,0.0002692831913009286,0.002779063768684864,0.0011859232326969504,-0.003964986652135849,0.002403504680842161,-0.00010889396071434021,-0.0022946111857891083,-0.0005431172321550548,-0.006097738165408373,0.006640854757279158,-0.00021480221766978502,0.002634804230183363,-0.002420001197606325,-0.001966213807463646,-0.006915652193129063,0.008881866931915283,0.0017785165691748261,0.0005873669870197773,-0.002365883905440569,-0.00013794431288260967,-0.0016847450751811266,0.0018226896645501256,0.0031038145534694195,-0.0004893776495009661,-0.002614437136799097,0.005557207856327295,-0.002271688310429454,-0.003285519313067198,0.0006097598816268146,-0.006092482712119818,0.005482723005115986,0.002449986059218645,-0.00012537102156784385,-0.0023246153723448515,0.003025838639587164,-0.007550673559308052,0.0045248353853821754,0.0015270726289600134,-0.0045203473418951035,0.0029932744801044464,0.0038288626819849014,-0.004519353155046701,0.0006904907641001046,-0.0008613237296231091,-0.002152318600565195,0.003013642504811287,-0.00034990860149264336,-0.0032574243377894163,0.0036073329392820597,0.0027745035476982594,-0.001878109062090516,-0.0008963949512690306,-0.0001490578579250723,0.0011840317165479064,-0.0010349738877266645,2.192525425925851e-05,-0.0009931570384651423,0.0009712320752441883,-0.0011957517126575112,-0.0018958536675199866,0.003091605380177498,0.00018457573605701327,2.346769906580448e-05,-0.00020804347877856344,-0.0001774281554389745,-0.004001043736934662,0.004178471863269806,-1.4553661458194256e-06,-0.0022451388649642467,0.002246594289317727,-0.0024697694461792707,-0.007538186386227608,0.010007955133914948,-0.0015550224343314767,-0.0028653712943196297,0.0044203936122357845],[-0.005700566340237856,0.0014118943363428116,0.004288670141249895,0.004158824682235718,0.0022814213298261166,-0.0054402463138103485,-0.0006003358284942806,0.001371451886370778,-0.000771116407122463,-0.0003736467333510518,-0.0008403593674302101,0.0012140064500272274,0.0030185142531991005,0.0041070375591516495,-0.007125551346689463,-0.0011917742667719722,0.0003800123231485486,0.0008117619436234236,-0.0004745063779409975,-0.002675490453839302,0.003149996977299452,-0.0015186205273494124,-0.0033249466214329004,0.004843567032366991,0.0020778090693056583,-0.0006894181715324521,-0.0013883905485272408,-0.0024409971665591,0.00037022295873612165,0.0020707743242383003,0.003035722067579627,0.0005817938363179564,-0.0036175160203129053,0.004502864554524422,0.004277485888451338,-0.008780350908637047,0.0003839063865598291,-0.0017429222352802753,0.0013590159360319376,-0.00030169030651450157,-0.0005442830733954906,0.0008459733799099922,0.0009825361194089055,-0.0006816535606049001,-0.0003008826752193272,-0.00010957429185509682,0.0005062057171016932,-0.00039663148345425725,0.0013636942021548748,0.0013382985489442945,-0.0027019926346838474,-0.0013223811984062195,-0.0004073393647558987,0.0017297206213697791,0.0004579370724968612,0.00027471897192299366,-0.0007326558697968721,-0.001204484375193715,0.0011353619629517198,6.912252865731716e-05,6.864753231639042e-05,0.0007383986376225948,-0.0008070461917668581,0.0005927998572587967,-2.4199311155825853e-05,-0.0005686007207259536,0.0001387541415169835,0.0006480630254372954,-0.000786817166954279,-0.000307796843117103,0.00021967277280054986,8.812404848868027e-05,0.00012269709259271622,0.00036842955159954727,-0.000491126615088433,0.00047185912262648344,0.0006776656373403966,-0.001149524818174541,-0.0008702350896783173,-0.0007933373562991619,0.0016635723877698183,-0.0006215350003913045,0.00023681105813011527,0.00038472400046885014],[-0.001612901920452714,0.008066359907388687,-0.006453454960137606,0.0022814213298261166,0.03402596339583397,-0.0353073850274086,0.0008198381401598454,0.01272028312087059,-0.013540121726691723,-0.005115766078233719,0.009210252203047276,-0.004094487056136131,0.003079924965277314,0.004164600279182196,-0.007244524080306292,-0.0004902332439087331,0.006079432554543018,-0.005589199718087912,-0.005812700372189283,0.00666615879163146,-0.0008534585358574986,-0.0004933992750011384,0.003606904996559024,-0.003113505896180868,-0.0002974344533868134,0.00547355692833662,-0.0051761227659881115,-0.0016424001660197973,0.0023060371167957783,-0.00066363689256832,-0.002025221474468708,0.009043230675160885,-0.007018008269369602,0.007147885859012604,0.004274385049939156,-0.01142227090895176,0.0006448154454119503,0.001284813741222024,-0.001929628779180348,0.000955274619627744,-0.0007107661222107708,-0.0002445084392093122,-0.005092801991850138,0.0030196676962077618,0.0020731345284730196,0.001653720042668283,-0.007153375539928675,0.00549965538084507,-0.0021376456134021282,0.0009456335683353245,0.0011920121032744646,0.002114095725119114,0.0016554909525439143,-0.00376958679407835,0.0009368151659145951,0.00247213221155107,-0.003408947493880987,0.00027956144185736775,0.0002790092257782817,-0.0005585708422586322,0.0006195231107994914,0.00019049836555495858,-0.0008100215345621109,-0.0011857501231133938,0.00019634494674392045,0.0009894052054733038,0.0020082867704331875,-0.0001675434032222256,-0.0018407433526590466,-0.001465264824219048,0.0022509221453219652,-0.0007856574957258999,0.00029187905602157116,0.0019423526246100664,-0.0022342316806316376,-0.000894086726475507,0.001035195542499423,-0.0001411087578162551,0.0025145295076072216,-0.0005640669260174036,-0.0019504626980051398,0.000876333040650934,-0.00103789905551821,0.0001615658402442932],[0.007313469424843788,-0.009478254243731499,0.0021647848188877106,-0.0054402463138103485,-0.0353073850274086,0.04174763709306717,-0.00021950110385660082,-0.014091734774410725,0.014311236329376698,0.005489413160830736,-0.008369890041649342,0.0028804773464798927,-0.006098438519984484,-0.008271636441349983,0.01437007449567318,0.0016820081509649754,-0.006459445226937532,0.004777437075972557,0.006287206895649433,-0.003990666475147009,-0.002296540653333068,0.0020120206754654646,-0.00028195680351927876,-0.0017300635809078813,-0.0017803735099732876,-0.004784140270203352,0.0065645137801766396,0.004083397798240185,-0.002676259260624647,-0.0014071381883695722,-0.0010105010587722063,-0.009625021368265152,0.010635522194206715,-0.011650750413537025,-0.008551870472729206,0.020202621817588806,-0.001028720405884087,0.0004581081448122859,0.0005706119118258357,-0.0006535828579217196,0.0012550500687211752,-0.0006014666287228465,0.004110265523195267,-0.0023380154743790627,-0.0017722506308928132,-0.0015441463328897953,0.006647168658673763,-0.005103022325783968,0.0007739510620012879,-0.0022839338053017855,0.0015099829761311412,-0.0007917140028439462,-0.0012481517624109983,0.0020398658234626055,-0.0013947533443570137,-0.0027468521147966385,0.004141605459153652,0.0009249227005057037,-0.001414372236467898,0.0004894493613392115,-0.0006881708977743983,-0.0009288976434618235,0.0016170686576515436,0.0005929505568929017,-0.00017214479157701135,-0.00042080588173121214,-0.002147040795534849,-0.00048051937483251095,0.0026275604031980038,0.0017730616964399815,-0.0024705950636416674,0.000697533308994025,-0.0004145763232372701,-0.002310782903805375,0.002725359285250306,0.0004222273710183799,-0.0017128619365394115,0.0012906343908980489,-0.0016442949417978525,0.0013574040494859219,0.0002868906012736261,-0.00025479786563664675,0.0008010879391804338,-0.0005462901899591088],[0.004065925255417824,-0.0016903076320886612,-0.0023756164591759443,-0.0006003358284942806,0.0008198381401598454,-0.00021950110385660082,0.003296724520623684,-0.00033722142688930035,-0.001959502464160323,-0.0003818357945419848,-0.002302174223586917,0.002684010425582528,-0.0007123298710212111,-0.003770605893805623,0.004482935182750225,0.0010859332978725433,-0.0036172315012663603,0.0025312984362244606,-0.0010459811892360449,-0.000943798921070993,0.0019897797610610723,0.0003478693834040314,-0.002517188433557749,0.0021693187300115824,0.0012256058398634195,-0.005465216003358364,0.004239610396325588,0.001492001349106431,-0.0007360809831880033,-0.000755920191295445,-0.00010081782238557935,-0.0022779398132115602,0.0023787575773894787,-0.00080933200661093,-0.0028311405330896378,0.003640472423285246,-0.0002503790019545704,-0.006028229370713234,0.006278607994318008,-0.0021073578391224146,-0.001417294959537685,0.0035246536135673523,0.0023334629368036985,-0.0018013003282248974,-0.0005321626085788012,-0.0016012510750442743,-0.0007771055679768324,0.0023783566430211067,0.0012555710272863507,-0.0028244820423424244,0.0015689108986407518,-3.985609509982169e-06,0.0009898751741275191,-0.0009858894627541304,-0.00039055757224559784,-0.0006827968172729015,0.0010733545059338212,0.0016837004804983735,-0.0026786604430526495,0.000994959962554276,-0.00012248446000739932,0.00021793994528707117,-9.545547072775662e-05,-0.0010343200992792845,-0.001458737999200821,0.002493058331310749,-0.000326013017911464,-0.0007954515167512,0.0011214644182473421,0.0004654897784348577,-0.0015854714438319206,0.0011199817527085543,-0.0006456911796703935,-0.0013926669489592314,0.002038358012214303,-0.0005448121228255332,-0.0008924762951210141,0.0014372884761542082,0.0004181137483101338,0.00021721524535678327,-0.0006353288772515953,-0.0005626209895126522,-0.001194179872982204,0.001756800920702517],[-0.004875520709902048,0.002769188489764929,0.002106333151459694,0.001371451886370778,0.01272028312087059,-0.014091734774410725,-0.00033722142688930035,0.013049829751253128,-0.011712606996297836,-0.0018113551195710897,0.004895742516964674,-0.003084386931732297,-0.0013150045415386558,0.004635677207261324,-0.0033206730149686337,-0.0005927546881139278,0.003732569282874465,-0.003139814594760537,-0.001872698194347322,-0.0017493183258920908,0.0036220159381628036,-0.00022306747268885374,0.0019070119597017765,-0.0016839447198435664,0.0031862203031778336,0.007053283043205738,-0.010239502415060997,-0.0006439805729314685,0.0028069589752703905,-0.0021629787515848875,0.0008158899145200849,0.0031160456128418446,-0.003931935876607895,0.003064551390707493,0.004602258559316397,-0.0076668099500238895,0.001969905337318778,0.0009209357667714357,-0.0028908413369208574,0.002649183850735426,0.0003815138479694724,-0.0030306989792734385,-0.002985491883009672,0.00278864661231637,0.00019684518338181078,0.0019072932191193104,-0.0019132823217660189,5.9889862313866615e-06,-0.0012625688686966896,-0.0010992123279720545,0.0023617814294993877,0.000588978233281523,0.0007563292747363448,-0.0013453075662255287,0.001488952082581818,0.001072003855369985,-0.002560955937951803,-0.0023900200612843037,0.0019825852941721678,0.0004074348835274577,0.0005329310079105198,-3.868213389068842e-05,-0.0004942489904351532,-9.054875408764929e-05,0.00014845409896224737,-5.790538853034377e-05,0.000861563254147768,0.00020274636335670948,-0.0010643095010891557,0.0005863987607881427,0.001746887806802988,-0.002333286451175809,-0.0004918010090477765,0.0019608880393207073,-0.0014690870884805918,0.00015880925639066845,0.0004216892702970654,-0.00058049859944731,0.0007026903331279755,0.0010945178801193833,-0.001797208096832037,0.00013627950102090836,0.0006591770215891302,-0.0007954565808176994],[0.0008095958037301898,-0.001078880624845624,0.0002692831913009286,-0.000771116407122463,-0.013540121726691723,0.014311236329376698,-0.001959502464160323,-0.011712606996297836,0.014672111719846725,0.002193191321566701,-0.0025935685262084007,0.0004003769136033952,0.0020273341797292233,-0.0008650720119476318,-0.0011622619349509478,-0.0004931786097586155,-0.00011533935321494937,0.0006085177883505821,0.0029186797328293324,0.0026931161992251873,-0.005611796863377094,-0.00012480135774239898,0.0006101743201725185,-0.0004853729624301195,-0.0044118245132267475,-0.001588067738339305,0.005999892484396696,-0.0008480199612677097,-0.0020708793308585882,0.002918899292126298,-0.0007150714518502355,-0.000838105333968997,0.0015531770186498761,-0.0022552188020199537,-0.0017711177933961153,0.004026336595416069,-0.0017195253167301416,0.005107291508466005,-0.0033877664245665073,-0.000541824207175523,0.0010357809951528907,-0.0004939568461850286,0.0006520292372442782,-0.000987347448244691,0.0003353182110004127,-0.00030604275525547564,0.0026903897523880005,-0.0023843469098210335,6.997444870648906e-06,0.003923693671822548,-0.003930691163986921,-0.0005849931621924043,-0.001746205147355795,0.002331198425963521,-0.0010983942775055766,-0.000389207067200914,0.0014876013156026602,0.0007063194061629474,0.0006960749160498381,-0.0014023943804204464,-0.00041044611134566367,-0.0001792588154785335,0.0005897050141356885,0.001124868867918849,0.0013102840166538954,-0.0024351526517421007,-0.0005355504108592868,0.0005927060847170651,-5.715567385777831e-05,-0.0010518883354961872,-0.00016141647938638926,0.0012133050477132201,0.0011374917812645435,-0.0005682213231921196,-0.0005692706326954067,0.00038600267725996673,0.00047078661737032235,-0.0008567892946302891,-0.0011208046926185489,-0.001311732456088066,0.0024325367994606495,0.00042634166311472654,0.0005350026185624301,-0.0009613442234694958],[-0.002212892984971404,-0.0005661718896590173,0.002779063768684864,-0.0003736467333510518,-0.005115766078233719,0.005489413160830736,-0.0003818357945419848,-0.0018113551195710897,0.002193191321566701,0.005455936770886183,0.004612328484654427,-0.009068266488611698,-0.0020551260095089674,-0.0011497882660478354,0.003204914042726159,-0.0005758539773523808,-0.0012571490369737148,0.0018330028979107738,0.0029975862707942724,0.0006662656087428331,-0.0036638518795371056,-0.0005556155228987336,0.0004553183971438557,0.00010029716941062361,0.0018406315939500928,-0.000982968369498849,-0.000857663166243583,0.001461236970499158,-0.0016783964820206165,0.00021715988987125456,0.001957161584869027,0.000881869753357023,-0.002839031396433711,-0.0012533948756754398,-0.0002979193232022226,0.0015513142570853233,0.0004623320419341326,0.0007859038887545466,-0.0012482359306886792,0.002061717212200165,-0.0004283327725715935,-0.0016333849634975195,-0.00019244436407461762,-0.00035469094291329384,0.0005471353069879115,-0.00035072717582806945,0.0003121413756161928,3.8585858419537544e-05,0.0005690576508641243,0.0012509709922596812,-0.0018200286431238055,0.001198253477923572,0.0001400025503244251,-0.001338255824521184,-0.0002296986640430987,-8.360530773643404e-05,0.0003133040154352784,-0.0013152982573956251,-0.00015205019735731184,0.0014673486584797502,-0.000635031028650701,-0.0004746327758766711,0.001109663862735033,7.835151336621493e-05,0.0014129300834611058,-0.001491281669586897,0.0005279486649669707,-0.00010059835040010512,-0.0004273504309821874,-0.0004132475587539375,0.00011988315964117646,0.00029336431180126965,0.0007637139060534537,-0.0005850113811902702,-0.0001787024812074378,-0.0004685580206569284,0.0003612336004152894,0.00010732445662142709,0.00014137831749394536,-0.00034274422796443105,0.00020136592502240092,-0.0003927192883566022,0.00047006626846268773,-7.7347009209916e-05],[-0.004212966654449701,0.0030270437709987164,0.0011859232326969504,-0.0008403593674302101,0.009210252203047276,-0.008369890041649342,-0.002302174223586917,0.004895742516964674,-0.0025935685262084007,0.004612328484654427,0.01484810933470726,-0.018460441380739212,-0.0026303583290427923,0.0031141412910073996,-0.0004837829037569463,-0.0006913525285199285,0.002668967004865408,-0.001977614127099514,-0.0005316959577612579,0.007813150063157082,-0.0072814542800188065,0.0011314097791910172,0.005847940221428871,-0.006979350000619888,0.0005051806219853461,0.005611154716461897,-0.006116335280239582,0.0004120540397707373,-0.00022796972189098597,-0.00018408411415293813,-0.0013260385021567345,0.006262581329792738,-0.004936542361974716,0.0012294918997213244,0.0028782496228814125,-0.0041077411733567715,0.004911426454782486,0.0034166628029197454,-0.0083280885592103,0.0060343449003994465,0.0016504357336089015,-0.007684781681746244,-0.004617828875780106,0.0005093761719763279,0.00410845223814249,0.0021273621823638678,-0.004124127794057131,0.0019967651460319757,-0.002499276539310813,0.0018752963514998555,0.0006239803042262793,0.0038642967119812965,0.0003203551168553531,-0.004184652119874954,-0.001005010213702917,-0.0011690101819112897,0.002174020279198885,0.00010802183533087373,0.0006783270509913564,-0.0007863487699069083,-0.0003758288803510368,-0.0018730839947238564,0.0022489128168672323,2.7369882445782423e-05,0.0012936111306771636,-0.0013209809549152851,0.0003122224297840148,-0.0004904982633888721,0.00017827580450102687,-5.134008824825287e-05,0.0018423362635076046,-0.0017909962916746736,0.0005620531155727804,-9.33702103793621e-05,-0.00046868290519341826,-0.0005316333845257759,0.0012430432252585888,-0.0007114096661098301,0.0010789857478812337,0.0007312897359952331,-0.001810275367461145,5.0095259211957455e-06,0.0005565855535678566,-0.0005615951959043741],[0.006425859872251749,-0.002460871357470751,-0.003964986652135849,0.0012140064500272274,-0.004094487056136131,0.0028804773464798927,0.002684010425582528,-0.003084386931732297,0.0004003769136033952,-0.009068266488611698,-0.018460441380739212,0.028528708964586258,0.004685483872890472,-0.001964352559298277,-0.002721130847930908,0.0012672075536102057,-0.0014118191320449114,0.00014461152022704482,-0.002465890720486641,-0.00847941730171442,0.010945308022201061,-0.0005757938488386571,-0.0063032591715455055,0.006879053078591824,-0.002345811575651169,-0.004628186114132404,0.0069739981554448605,-0.0018732902826741338,0.0019063646905124187,-3.307487349957228e-05,-0.0006311222678050399,-0.007144451141357422,0.007775574456900358,2.390306326560676e-05,-0.00258033093996346,0.002556427614763379,-0.005373758729547262,-0.004202567040920258,0.009576326236128807,-0.008096063509583473,-0.0012221053475514054,0.009318170137703419,0.00481027364730835,-0.00015468466153834015,-0.00465558934956789,-0.0017766356468200684,0.0038119868841022253,-0.0020353510044515133,0.0019302190048620105,-0.0031262668780982494,0.0011960481060668826,-0.005062551237642765,-0.00046035711420699954,0.005522907245904207,0.0012347090523689985,0.0012526152422651649,-0.002487323945388198,0.0012072761310264468,-0.0005262760096229613,-0.0006810001796111465,0.001010859734378755,0.002347716363146901,-0.003358576213940978,-0.00010572187602519989,-0.0027065416797995567,0.002812263322994113,-0.000840171123854816,0.0005910963518545032,0.0002490746264811605,0.0004645872104447335,-0.0019622202962636948,0.0014976330567151308,-0.0013257676037028432,0.0006783817079849541,0.0006473857793025672,0.001000191317871213,-0.0016042767092585564,0.0006040852749720216,-0.0012203643564134836,-0.0003885459154844284,0.0016089101554825902,0.0003877092676702887,-0.0010266529861837626,0.0006389437476173043],[-0.00183061882853508,-0.0005728841060772538,0.002403504680842161,0.0030185142531991005,0.003079924965277314,-0.006098438519984484,-0.0007123298710212111,-0.0013150045415386558,0.0020273341797292233,-0.0020551260095089674,-0.0026303583290427923,0.004685483872890472,0.012129669077694416,1.2754659110214561e-05,-0.011142423376441002,-0.00028090568957850337,0.0017969442997127771,-0.0015160386683419347,-0.00044654414523392916,-0.0016403617337346077,0.002086905762553215,0.0008335800957866013,-0.0010065885726362467,0.00017300876788794994,0.00041426150710321963,-1.75166642293334e-05,-0.00039674475556239486,-0.0012733502080664039,0.001141159562394023,0.00013219064567238092,0.00010529893916100264,0.0011165259638801217,-0.0012218250194564462,0.00039440952241420746,-0.00033407792216166854,-6.0331454733386636e-05,-4.34424146078527e-06,0.0023125542793422937,-0.002308210125193,-0.001574421301484108,-0.0016344335163012147,0.003208855167031288,-9.923815377987921e-05,0.001946477685123682,-0.0018472395604476333,-0.00015682987577747554,-0.00016125303227454424,0.000318082922603935,-0.00038465659599751234,0.0008391884621232748,-0.00045453186612576246,-3.158405888825655e-06,-0.00028495051083154976,0.0002881090040318668,0.00020283035701140761,0.0003372011997271329,-0.0005400315276347101,-0.00015599234029650688,-0.00032697542337700725,0.00048296782188117504,-0.00015367174637503922,-6.128655513748527e-05,0.00021495828696060926,0.0014437272911891341,0.0016666945302858949,-0.003110421821475029,0.00013531913282349706,0.0002869341115001589,-0.0004222532152198255,-0.000349051202647388,0.0008649108349345624,-0.0005158596904948354,-0.0008963799919001758,0.0007974187610670924,9.896124538499862e-05,0.0011261083418503404,0.0005264749634079635,-0.0016525834798812866,-0.0005820320220664144,-0.0011157018598169088,0.0016977337654680014,0.0005135027458891273,-0.0008194043184630573,0.00030590154347009957],[-0.006063057109713554,0.006171951536089182,-0.00010889396071434021,0.0041070375591516495,0.004164600279182196,-0.008271636441349983,-0.003770605893805623,0.004635677207261324,-0.0008650720119476318,-0.0011497882660478354,0.0031141412910073996,-0.001964352559298277,1.2754659110214561e-05,0.010209423489868641,-0.009222176857292652,-0.0009429644560441375,0.0036401229444891214,-0.002697158372029662,-0.0003955559222958982,-0.00031096191378310323,0.0007065178942866623,0.0006323500419966877,0.002507380675524473,-0.003139730542898178,0.002299609361216426,0.00588702317327261,-0.008186631835997105,-0.0027060466818511486,0.002051380928605795,0.0006546659278683364,6.59859215375036e-05,0.0029105141293257475,-0.0029764999635517597,0.002223603194579482,0.004857358057051897,-0.00708096195012331,0.0037687167059630156,0.004430107306689024,-0.008198823779821396,0.0017536176601424813,0.0007633501081727445,-0.0025169681757688522,-0.0023305509239435196,0.003665684023872018,-0.0013351330999284983,0.0014586495235562325,-0.001931848470121622,0.000473198713734746,-0.0013911646092310548,-0.0006465241312980652,0.002037688624113798,0.001177194993942976,-0.0012446173932403326,6.742242840118706e-05,1.6939215129241347e-05,4.168483428657055e-06,-2.1107611246407032e-05,-0.0009229719289578497,0.0014563110889866948,-0.0005333391600288451,0.0006133048445917666,-0.0009378272225148976,0.00032452220330014825,0.0021144316997379065,0.0020125675946474075,-0.004126999527215958,1.052205334417522e-06,-0.00043204595567658544,0.00043099367758259177,-0.00038326706271618605,0.002397749340161681,-0.0020144821610301733,-0.0004528332210611552,0.0010552554158493876,-0.000602422165684402,0.0006493866676464677,0.0002570276556070894,-0.0009064144687727094,-0.0007516355835832655,-0.0013982928358018398,0.0021499283611774445,0.00067079410655424,0.0004662452556658536,-0.001137039391323924],[0.007893676869571209,-0.005599067080765963,-0.0022946111857891083,-0.007125551346689463,-0.007244524080306292,0.01437007449567318,0.004482935182750225,-0.0033206730149686337,-0.0011622619349509478,0.003204914042726159,-0.0004837829037569463,-0.002721130847930908,-0.011142423376441002,-0.009222176857292652,0.021364599466323853,0.0012238692725077271,-0.005437066778540611,0.004213197156786919,0.0008421008242294192,0.0019513259176164865,-0.0027934263925999403,-0.0014659300213679671,-0.0015007909387350082,0.0029667208436876535,-0.0027138711884617805,-0.005869504064321518,0.008583374321460724,0.003979397471994162,-0.003192539094015956,-0.0007868576212786138,-0.00017128459876403213,-0.004027040675282478,0.004198324866592884,-0.002618013648316264,-0.00452327961102128,0.007141293492168188,-0.0037643713876605034,-0.0067426590248942375,0.010507028549909592,-0.00017919644596986473,0.0008710831170901656,-0.0006918868166394532,0.002429790096357465,-0.005612162873148918,0.003182373009622097,-0.0013018178287893534,0.0020931002218276262,-0.0007912821602076292,0.0017758208559826016,-0.0001926636032294482,-0.0015831573400646448,-0.0011740352492779493,0.0015295674093067646,-0.00035553245106711984,-0.00021976922289468348,-0.00034136942122131586,0.0005611386732198298,0.0010789644438773394,-0.0011293357238173485,5.037104710936546e-05,-0.0004596333601512015,0.0009991137776523829,-0.0005394804757088423,-0.0035581591073423624,-0.0036792622413486242,0.007237420883029699,-0.0001363713527098298,0.00014511175686493516,-8.740345947444439e-06,0.0007323176832869649,-0.003262660000473261,0.002530342433601618,0.001349213533103466,-0.0018526746425777674,0.0005034609930589795,-0.0017754954751580954,-0.0007835031719878316,0.0025589987635612488,0.0013336678966879845,0.002513994462788105,-0.0038476623594760895,-0.001184296328574419,0.00035315798595547676,0.0008311379933729768],[0.001852232264354825,-0.0013091142755001783,-0.0005431172321550548,-0.0011917742667719722,-0.0004902332439087331,0.0016820081509649754,0.0010859332978725433,-0.0005927546881139278,-0.0004931786097586155,-0.0005758539773523808,-0.0006913525285199285,0.0012672075536102057,-0.00028090568957850337,-0.0009429644560441375,0.0012238692725077271,0.004228169098496437,-0.003459429368376732,0.00023125950247049332,-0.0004996895440854132,-0.0008293535793200135,0.0013290431816130877,0.0011304761283099651,-0.0003296665963716805,-0.0008008093573153019,-0.0006991061964072287,-0.002370880451053381,0.0030699868220835924,0.0019896929152309895,-0.0007318370626308024,-0.0012578556779772043,-0.0012454201932996511,-0.0014001226518303156,0.002645542612299323,-0.001122599351219833,-0.0016551747685298324,0.0027777738869190216,-0.00017545261653140187,-0.0006033076206222177,0.0007787604699842632,-0.0006136611918918788,-0.0021569980308413506,0.002770659513771534,-4.771966996486299e-05,-0.00012334727216511965,0.00017106693121604621,-4.616797377821058e-05,0.0004892522119916975,-0.0004430842527654022,0.00047571363393217325,-0.0016672996571287513,0.001191586023196578,0.0002947626344393939,0.0013953644083812833,-0.0016901271883398294,-0.0005989511264488101,-0.001160600921139121,0.0017595520475879312,0.0012795659713447094,-0.0009434580570086837,-0.00033610803075134754,0.0007888718973845243,0.0004581772955134511,-0.0012470493093132973,-0.0010948843555524945,-0.0007174511556513608,0.0018123353365808725,-1.5375087969005108e-05,-0.0003004747850354761,0.0003158498730044812,0.0005365444230847061,-0.0012479935539886355,0.0007114491309039295,0.00013244288857094944,0.0004126446438021958,-0.0005450875032693148,-0.0010887908283621073,-0.0010451485868543386,0.002133939415216446,0.0003057615540456027,-7.721828296780586e-05,-0.00022854332928545773,-0.00044802227057516575,-0.0009478345164097846,0.0013958567287772894],[-0.0016833447152748704,0.007781082298606634,-0.006097738165408373,0.0003800123231485486,0.006079432554543018,-0.006459445226937532,-0.0036172315012663603,0.003732569282874465,-0.00011533935321494937,-0.0012571490369737148,0.002668967004865408,-0.0014118191320449114,0.0017969442997127771,0.0036401229444891214,-0.005437066778540611,-0.003459429368376732,0.016076792031526566,-0.011617360636591911,-0.0010093471501022577,-0.00039338652277365327,0.0014027338474988937,0.0008730250410735607,0.003783238586038351,-0.004656263627111912,0.0007973419269546866,0.005139333661645651,-0.005936675239354372,-0.0007377826841548085,0.004842174705117941,-0.004104391671717167,-0.0005867555737495422,0.0035727382637560368,-0.002985982922837138,0.0026747575029730797,0.004513008054345846,-0.007187766022980213,-0.0007596858195029199,0.0027097209822386503,-0.0019500353373587132,0.002312985248863697,0.003512794151902199,-0.0058257803320884705,-0.0038392050191760063,0.003730090567842126,0.00010911416757153347,0.001560385338962078,-0.0003304339188616723,-0.001229951623827219,-0.0005970839411020279,0.00046838121488690376,0.00012870266800746322,-0.0003886996419169009,0.002305269241333008,-0.0019165696576237679,0.0001348188379779458,0.0005681548500433564,-0.0007029736298136413,-0.0013675441732630134,0.0021507195197045803,-0.0007831754046492279,0.000661579251755029,-0.002302733948454261,0.0016411545220762491,3.750339965336025e-05,0.0020816894248127937,-0.0021191928535699844,0.0005300843622535467,0.0014741659397259355,-0.002004250418394804,-2.405740087851882e-05,0.0004943563835695386,-0.0004702989826910198,0.0004158813098911196,0.0031046688091009855,-0.0035205502063035965,-0.0004622944979928434,0.000781404844019562,-0.0003191102878190577,0.001174744451418519,0.0012654560850933194,-0.002440200187265873,0.00027683607186190784,0.0007240311242640018,-0.0010008672252297401],[-0.0001688874908722937,-0.006471968721598387,0.006640854757279158,0.0008117619436234236,-0.005589199718087912,0.004777437075972557,0.0025312984362244606,-0.003139814594760537,0.0006085177883505821,0.0018330028979107738,-0.001977614127099514,0.00014461152022704482,-0.0015160386683419347,-0.002697158372029662,0.004213197156786919,0.00023125950247049332,-0.011617360636591911,0.012386102229356766,0.00150903663598001,0.0012227409752085805,-0.0027317774947732687,-0.0020035007037222385,-0.003453571815043688,0.005457073450088501,-9.823562868405133e-05,-0.002768453676253557,0.0028666893485933542,-0.001251910231076181,-0.0041103363037109375,0.00536224665120244,0.0018321764655411243,-0.002172616543248296,0.00034043972846120596,-0.0015521583845838904,-0.0028578334022313356,0.0044099921360611916,0.0009351394837722182,-0.002106413012370467,0.0011712737614288926,-0.0016993223689496517,-0.0013557944912463427,0.0030551175586879253,0.003886925522238016,-0.0036067436449229717,-0.0002801824011839926,-0.0015142176998779178,-0.00015881762374192476,0.0016730354400351644,0.00012137048179283738,0.0011989182094112039,-0.0013202885165810585,9.393734217155725e-05,-0.003700634930282831,0.0036066973116248846,0.0004641327541321516,0.0005924454890191555,-0.001056578243151307,8.797808550298214e-05,-0.0012072613462805748,0.0011192832607775927,-0.0014504510909318924,0.0018445560708642006,-0.0003941049217246473,0.0010573818581178784,-0.0013642377452924848,0.00030685594538226724,-0.0005147085757926106,-0.0011736913584172726,0.0016883998177945614,-0.0005124876042827964,0.0007536375196650624,-0.00024115001724567264,-0.0005483241402544081,-0.0035173145588487387,0.004065638408064842,0.0015510859666392207,0.00026374400476925075,-0.0018148303497582674,-0.0014805059181526303,-0.0011882379185408354,0.0026687439531087875,0.00017118651885539293,0.00022380345035344362,-0.00039498996920883656],[-2.1034444216638803e-05,0.00023583669099025428,-0.00021480221766978502,-0.0004745063779409975,-0.005812700372189283,0.006287206895649433,-0.0010459811892360449,-0.001872698194347322,0.0029186797328293324,0.0029975862707942724,-0.0005316959577612579,-0.002465890720486641,-0.00044654414523392916,-0.0003955559222958982,0.0008421008242294192,-0.0004996895440854132,-0.0010093471501022577,0.00150903663598001,0.006700484547764063,-0.0003475788689684123,-0.005352905485779047,-0.0013967743143439293,-0.00105245818849653,0.0024492323864251375,0.0015901459846645594,-0.0010916086612269282,-0.000498537439852953,0.00033193372655659914,-0.0003286332357674837,-3.300490789115429e-06,0.001547300023958087,-0.00018734812329057604,-0.0013599519152194262,-0.0007581920945085585,-0.00012920555309392512,0.0008873975020833313,0.0017225489718839526,0.0005994966486468911,-0.0023220456205308437,0.0011403302196413279,-0.0010038757463917136,-0.0001364547060802579,0.001016794703900814,-0.0008901364635676146,-0.00012665835674852133,-0.0007164489943534136,0.002140312222763896,-0.0014238629955798388,0.0008084026048891246,0.0012157171731814742,-0.002024119719862938,-0.0013661973644047976,-0.0009426728938706219,0.002308869967237115,0.0004362862673588097,-0.0007777346181683242,0.00034144846722483635,-0.0008301365305669606,0.0011533863143995404,-0.00032324972562491894,-0.00011063298734370619,-0.0006669092690572143,0.0007775423000566661,0.001384885050356388,0.0008268519886769354,-0.0022117372136563063,-0.0005197222344577312,-0.00026909486041404307,0.0007888170657679439,0.0004658992984332144,-0.00013093207962810993,-0.00033496718970127404,0.00010816624853760004,-0.00027362495893612504,0.000165458710398525,5.7106633903458714e-05,0.00013091239088680595,-0.00018801906844601035,-0.001000910997390747,0.0006342403357848525,0.00036667060339823365,-0.0003925626224372536,0.0016153291799128056,-0.0012227667029947042],[0.0008506369777023792,-0.0034854391124099493,0.002634804230183363,-0.002675490453839302,0.00666615879163146,-0.003990666475147009,-0.000943798921070993,-0.0017493183258920908,0.0026931161992251873,0.0006662656087428331,0.007813150063157082,-0.00847941730171442,-0.0016403617337346077,-0.00031096191378310323,0.0019513259176164865,-0.0008293535793200135,-0.00039338652277365327,0.0012227409752085805,-0.0003475788689684123,0.013837668113410473,-0.012490089051425457,-3.283750265836716e-05,0.004024744499474764,-0.003991906531155109,0.000864665606059134,0.005599240772426128,-0.006463906262069941,0.0009286507847718894,-0.002040815306827426,0.001112164813093841,-0.0009264614782296121,0.005670478567481041,-0.0047440179623663425,0.00018856125825550407,0.0006009347271174192,-0.0007894959999248385,0.002013884950429201,0.002174658700823784,-0.00418854271993041,0.005375976674258709,-0.0024771085008978844,-0.002898868639022112,-0.001605322933755815,-0.0004504368407651782,0.002055760007351637,0.00142004806548357,-0.002239448018372059,0.0008193998364731669,-0.0010038265027105808,0.0005692837876267731,0.0004345425986684859,0.00019709026673808694,-0.0006804506992921233,0.00048336051986552775,0.0010020668851211667,-0.001389642944559455,0.00038757608854211867,-0.0005450992612168193,0.000966198043897748,-0.0004210988699924201,-0.0006548437522724271,-0.0017723134951665998,0.0024271574802696705,0.0015233419835567474,0.0006015577237121761,-0.0021248997654765844,0.0003787378082051873,-0.001582341967150569,0.0012036041589453816,0.0006301581161096692,3.175271558575332e-05,-0.0006619106861762702,9.24755004234612e-05,0.0006386120803654194,-0.0007310876389965415,-0.0004333730321377516,0.00011018637451343238,0.00032318674493581057,0.0004106018168386072,-0.0013414627173915505,0.0009308609296567738,0.0004392496484797448,0.0011242985492572188,-0.001563548343256116],[-0.0008296027081087232,0.0032496026251465082,-0.002420001197606325,0.003149996977299452,-0.0008534585358574986,-0.002296540653333068,0.0019897797610610723,0.0036220159381628036,-0.005611796863377094,-0.0036638518795371056,-0.0072814542800188065,0.010945308022201061,0.002086905762553215,0.0007065178942866623,-0.0027934263925999403,0.0013290431816130877,0.0014027338474988937,-0.0027317774947732687,-0.005352905485779047,-0.012490089051425457,0.01884300261735916,0.0014296105364337564,-0.0029722871258854866,0.001542676705867052,-0.002454812405630946,-0.0045076338574290276,0.00696244603022933,-0.0012605852680280805,0.0023694494739174843,-0.0011088642058894038,-0.0006208418635651469,-0.005483132787048817,0.00610397569835186,0.0005696304142475128,-0.00047172891208902,-9.790161857381463e-05,-0.0037364347372204065,-0.002774154767394066,0.006510588806122541,-0.0065163117833435535,0.003480986226350069,0.0030353274196386337,0.0005885284626856446,0.0013405740028247237,-0.0019291024655103683,-0.000703598081599921,9.913695976138115e-05,0.0006044612382538617,0.00019542311201803386,-0.0017850026488304138,0.0015895795077085495,0.0011691077379509807,0.0016231240006163716,-0.0027922317385673523,-0.0014383532106876373,0.002167376922443509,-0.0007290236535482109,0.0013752352679148316,-0.002119584009051323,0.0007443482172675431,0.0007654768414795399,0.0024392239283770323,-0.003204700769856572,-0.00290822796523571,-0.0014284105272963643,0.004336638376116753,0.00014098425162956119,0.0018514369148761034,-0.0019924212247133255,-0.0010960574727505445,9.9179771495983e-05,0.000996877672150731,-0.0002006420399993658,-0.00036498712142929435,0.0005656291614286602,0.00037626648554578424,-0.00024109892547130585,-0.00013516767648980021,0.0005903089186176658,0.0007072229054756463,-0.0012975317658856511,-4.6687055146321654e-05,-0.002739626681432128,0.0027863136492669582],[0.0021604388020932674,-0.00019422511104494333,-0.001966213807463646,-0.0015186205273494124,-0.0004933992750011384,0.0020120206754654646,0.0003478693834040314,-0.00022306747268885374,-0.00012480135774239898,-0.0005556155228987336,0.0011314097791910172,-0.0005757938488386571,0.0008335800957866013,0.0006323500419966877,-0.0014659300213679671,0.0011304761283099651,0.0008730250410735607,-0.0020035007037222385,-0.0013967743143439293,-3.283750265836716e-05,0.0014296105364337564,0.004929032642394304,0.0028021682519465685,-0.006731200031936169,0.00015698856441304088,0.0009424177696928382,-0.0010994062758982182,0.001545312232337892,0.0006857463740743697,-0.0022310579661279917,-0.0