{"epoch":0,"H":[[0.0018716659396886826,0.0004271393408998847,-0.0012988050002604723,-0.00010551295417826623,0.00021051676594652236,-0.00010500378994038329,0.000126329468912445,-0.0002520162670407444,0.00012568681268021464,-8.621839515399188e-05,0.00017245038179680705,-8.623197209089994e-05,-0.00018475388060323894,0.0003684040275402367,-0.00018365014693699777,0.00010868590470636263,-0.00021682510850951076,0.0001081391965271905,-7.469639967894182e-05,0.00014908051525708288,-7.438413013005629e-05,-0.0001599212409928441,0.00031885792850516737,-0.00015893668751232326,-4.1390539990970865e-05,8.241738396463916e-05,-4.102685852558352e-05,0.00010062701039714739,-0.00020039237278979272,9.976538422051817e-05,-6.876235420349985e-05,0.00013762283197138458,-6.886047776788473e-05,-0.00014734506839886308,0.0002937931858468801,-0.00014644813199993223,-3.809921690844931e-05,7.603944686707109e-05,-3.7940229958621785e-05,-5.103816511109471e-05,0.00010190120519837365,-5.0863047363236547e-05,2.779699570965022e-06,-5.55785300093703e-06,2.7781516109826043e-06,-5.233790943748318e-06,1.0482701327418908e-05,-5.248910383670591e-06,4.867732059210539e-06,-9.726916687213816e-06,4.859182809013873e-06,-1.5852634533075616e-05,3.169084811815992e-05,-1.583822086104192e-05,8.722876145839109e-07,-1.7462757568864617e-06,8.739882559893886e-07,1.1872204595420044e-05,-2.377358396188356e-05,1.1901379366463516e-05,-8.727226486371364e-06,1.7459862647228874e-05,-8.73263616085751e-06,-4.873968919127947e-06,9.734146260598209e-06,-4.86017643197556e-06,-4.954018550051842e-06,9.901079465635121e-06,-4.947061825077981e-06,1.8629223632160574e-05,-3.730572643689811e-05,1.8676502804737538e-05,-8.915058970160317e-06,1.7804617527872324e-05,-8.889557648217306e-06,-3.6488941077550407e-06,7.289432232937543e-06,-3.6405388073035283e-06,-5.261481419438496e-06,1.0533342901908327e-05,-5.2718619372171815e-06,-9.030782166519202e-07,1.8035298126051202e-06,-9.004520507005509e-07],[0.0004271393408998847,0.0001469384878873825,0.00042592224781401455,0.0002107252657879144,-0.0004204337310511619,0.00020970845071133226,-0.0002522990107536316,0.0005033144843764603,-0.0002510155027266592,0.00017219115397892892,-0.000344409461831674,0.00017221830785274506,0.00036898136022500694,-0.000735758279915899,0.0003667769196908921,-0.0002170621301047504,0.0004330323718022555,-0.00021597027080133557,0.00014918000670149922,-0.00029773631831631064,0.00014855636982247233,0.0003193868324160576,-0.0006368073518387973,0.0003174205485265702,8.266311488114297e-05,-0.0001645999145694077,8.193679968826473e-05,-0.00020096730440855026,0.00040021378663368523,-0.00019924651132896543,0.0001373288396280259,-0.0002748536062426865,0.00013752478116657585,0.00029427031404338777,-0.0005867492873221636,0.0002924790314864367,7.6089876529295e-05,-0.00015186224482022226,7.577236101496965e-05,0.00010193090565735474,-0.00020351207058411092,0.00010158120858250186,-5.551486538024619e-06,1.109988079406321e-05,-5.548394256038591e-06,1.0452673450345173e-05,-2.0935542124789208e-05,1.0482868674444035e-05,-9.721587048261426e-06,1.9426097424002364e-05,-9.704510375740938e-06,3.16601108352188e-05,-6.329143070615828e-05,3.1631323508918285e-05,-1.7420875337847974e-06,3.4875718029070413e-06,-1.7454840417485684e-06,-2.3710586901870556e-05,4.747943967231549e-05,-2.376885458943434e-05,1.7429600120522082e-05,-3.4870005038101226e-05,1.744040309858974e-05,9.734047125675716e-06,-1.9440549294813536e-05,9.706501259643119e-06,9.893930837279186e-06,-1.977396459551528e-05,9.880037396214902e-06,-3.7205361877568066e-05,7.450514385709539e-05,-3.7299781979527324e-05,1.7804724848247133e-05,-3.5558525269152597e-05,1.7753794963937253e-05,7.287396329047624e-06,-1.4558105249307118e-05,7.270709375006845e-06,1.050797709467588e-05,-2.1036685211583972e-05,1.0528709026402794e-05,1.8035852917819284e-06,-3.601926437113434e-06,1.798340235836804e-06],[-0.0012988050002604723,0.00042592224781401455,0.0018728827126324177,-0.00010521230433369055,0.00020991692144889385,-0.00010470460256328806,0.00012596951273735613,-0.00025129818823188543,0.0001253286754945293,-8.597275154897943e-05,0.00017195905093103647,-8.598630665801466e-05,-0.00018422746506985277,0.0003673542814794928,-0.00018312683096155524,0.00010837620357051492,-0.00021620726329274476,0.00010783105972222984,-7.448359247064218e-05,0.00014865578850731254,-7.417221058858559e-05,-0.00015946556231938303,0.0003179493942297995,-0.00015848380280658603,-4.127260763198137e-05,8.218256698455662e-05,-4.090996662853286e-05,0.00010034027218353003,-0.0001998213556362316,9.94810980046168e-05,-6.856644176878035e-05,0.00013723073061555624,-6.866428157081828e-05,-0.00014692523109260947,0.0002929560432676226,-0.00014603084127884358,-3.799065598286688e-05,7.582277612527832e-05,-3.783212014241144e-05,-5.089274054626003e-05,0.00010161085810977966,-5.0718132115434855e-05,2.7717833290807903e-06,-5.542020517168567e-06,2.77023900707718e-06,-5.218877049628645e-06,1.0452829883433878e-05,-5.233952833805233e-06,4.853860446019098e-06,-9.699195288703777e-06,4.845334842684679e-06,-1.5807469026185572e-05,3.160056076012552e-05,-1.5793095371918753e-05,8.698007150087506e-07,-1.7412971828889567e-06,8.71496524723625e-07,1.1838376849482302e-05,-2.3705846615484916e-05,1.1867468856507912e-05,-8.702366358193103e-06,1.7410127838957123e-05,-8.707760571269318e-06,-4.860082754021278e-06,9.706413038657047e-06,-4.846329829888418e-06,-4.939905920764431e-06,9.872876034933142e-06,-4.932969204674009e-06,1.8576143702375703e-05,-3.719943197211251e-05,1.86232864507474e-05,-8.889661330613308e-06,1.7753895008354448e-05,-8.864231858751737e-06,-3.638497446445399e-06,7.268663921422558e-06,-3.630166474977159e-06,-5.246492037258577e-06,1.0503335033718031e-05,-5.256842996459454e-06,-9.005025276564993e-07,1.7983866200665943e-06,-8.978836376627441e-07],[-0.00010551295417826623,0.0002107252657879144,-0.00010521230433369055,0.0006319110980257392,-0.0007483488298021257,0.0011164378374814987,-8.677903679199517e-05,0.00017311661213170737,-8.63375753397122e-05,0.00010021522757597268,-0.0002004462294280529,0.00010023100185208023,0.00014025923155713826,-0.0002796805347315967,0.000139421274070628,-7.4642630352173e-05,0.00014890982129145414,-7.426717638736591e-05,8.685203647473827e-05,-0.00017334098811261356,8.648896618979052e-05,0.00012131678522564471,-0.0002418866934021935,0.00012056990817654878,4.398640157887712e-05,-8.758631156524643e-05,4.359991362434812e-05,-6.91082386765629e-05,0.00013762470916844904,-6.851648504380137e-05,7.995406485861167e-05,-0.00016002223128452897,8.006815187400207e-05,0.00011177036503795534,-0.0002228603116236627,0.00011108996841358021,4.0494567656423897e-05,-8.082014392130077e-05,4.032557990285568e-05,5.4132004152052104e-05,-0.00010807828221004456,5.394628897192888e-05,-6.439156277338043e-05,0.0001287472405238077,-6.435567047446966e-05,8.344925299752504e-05,-0.0001671395730227232,8.369030547328293e-05,-5.1578463171608746e-05,0.00010306632611900568,-5.148787022335455e-05,8.413979958277196e-05,-0.00016820308519527316,8.406329288845882e-05,8.857827197061852e-06,-1.7732923879520968e-05,8.875096682459116e-06,-6.715684867231175e-05,0.00013447873061522841,-6.732188194291666e-05,4.541877569863573e-05,-9.086570935323834e-05,4.5446926378645e-05,1.3274884622660466e-05,-2.651220711413771e-05,1.3237319762993138e-05,2.0125704395468347e-05,-4.02231453335844e-05,2.0097442757105455e-05,-6.835980457253754e-05,0.00013689309707842767,-6.853329250589013e-05,4.124022234464064e-05,-8.236247958848253e-05,4.112225360586308e-05,1.2132160918554291e-05,-2.4236540411948226e-05,1.2104381312383339e-05,1.5194623301795218e-05,-3.0419225367950276e-05,1.5224601156660356e-05,6.5825706769828685e-06,-1.314599830948282e-05,6.563427177752601e-06],[0.00021051676594652236,-0.0004204337310511619,0.00020991692144889385,-0.0007483488298021257,0.002493086503818631,-0.0007447373936884105,0.0001731393567752093,-0.0003453978570178151,0.00017225855845026672,-0.00019994679314550012,0.0003999251057393849,-0.0001999782834900543,-0.00027984162443317473,0.0005580114084295928,-0.00027816975489258766,0.00014892507169861346,-0.00029710103990510106,0.0001481759682064876,-0.0001732849341351539,0.0003458454448264092,-0.00017256052524317056,-0.00024204814690165222,0.00048260606126859784,-0.00024055797257460654,-8.776058530202135e-05,0.0001747500355122611,-8.698946476215497e-05,0.00013788293290417641,-0.00027458518161438406,0.00013670230691786855,-0.00015952231478877366,0.0003192722506355494,-0.00015974993584677577,-0.00022300134878605604,0.0004446451202966273,-0.0002216438588220626,-8.079365215962753e-05,0.00016125018009915948,-8.045650611165911e-05,-0.00010800275777000934,0.00021563496557064354,-0.0001076322078006342,0.00012847239850088954,-0.0002568732015788555,0.00012840078852605075,-0.00016649578174110502,0.00033347250428050756,-0.00016697673709131777,0.00010290802310919389,-0.000205635282327421,0.00010272727377014235,-0.00016787357162684202,0.000335594464559108,-0.00016772092203609645,-1.7672893591225147e-05,3.538024247973226e-05,-1.7707348888507113e-05,0.000133989640744403,-0.00026830853312276304,0.00013431890693027526,-9.061834134627134e-05,0.00018129283853340894,-9.06744971871376e-05,-2.6485708076506853e-05,5.289647015160881e-05,-2.641075843712315e-05,-4.015427839476615e-05,8.025216084206477e-05,-4.009788972325623e-05,0.00013638973177876323,-0.0002731255954131484,0.00013673586363438517,-8.228140359278768e-05,0.00016432744450867176,-8.204603363992646e-05,-2.420577766315546e-05,4.8356130719184875e-05,-2.4150351237040013e-05,-3.0315897674881853e-05,6.06916073593311e-05,-3.037571150343865e-05,-1.3133370885043405e-05,2.6228546630591154e-05,-1.3095175745547749e-05],[-0.00010500378994038329,0.00020970845071133226,-0.00010470460256328806,0.0011164378374814987,-0.0007447373936884105,0.000628299661912024,-8.636027632746845e-05,0.00017228121578227729,-8.592093945480883e-05,9.973156556952745e-05,-0.00019947886175941676,9.97472889139317e-05,0.00013958239287603647,-0.0002783308445941657,0.00013874848082195967,-7.428244134644046e-05,0.00014819123316556215,-7.390879181912169e-05,8.643291221233085e-05,-0.00017250450036954135,8.607158088125288e-05,0.00012073133257217705,-0.00024071936786640435,0.00011998804257018492,4.377412551548332e-05,-8.716362208360806e-05,4.338950748206116e-05,-6.877471605548635e-05,0.00013696054520551115,-6.81858291500248e-05,7.956822082633153e-05,-0.00015924997569527477,7.96817330410704e-05,0.00011123100557597354,-0.00022178486688062549,0.00011055388313252479,4.029913179692812e-05,-8.043010166147724e-05,4.0130958950612694e-05,5.387076089391485e-05,-0.00010755669791251421,5.368592974264175e-05,-6.408083572750911e-05,0.0001281259610550478,-6.404511805158108e-05,8.304657967528328e-05,-0.00016633306222502142,8.328646799782291e-05,-5.132956721354276e-05,0.00010256897076033056,-5.123941082274541e-05,8.373380114790052e-05,-0.00016739143757149577,8.365765825146809e-05,8.81508367456263e-06,-1.7647354979999363e-05,8.832270395942032e-06,-6.683279207209125e-05,0.00013382981705944985,-6.699703226331621e-05,4.519958747550845e-05,-9.042720193974674e-05,4.5227603550301865e-05,1.3210823453846388e-05,-2.6384266675449908e-05,1.3173439583624713e-05,2.002858127525542e-05,-4.002903733635321e-05,2.000045424210839e-05,-6.802993448218331e-05,0.0001362325274385512,-6.820258568041027e-05,4.104120671399869e-05,-8.196501585189253e-05,4.0923805499915034e-05,1.2073618563590571e-05,-2.4119592126226053e-05,1.204597265314078e-05,1.5121295291464776e-05,-3.0272423828137107e-05,1.5151129446167033e-05,6.550811121996958e-06,-1.3082570148981176e-05,6.53175993647892e-06],[0.000126329468912445,-0.0002522990107536316,0.00012596951273735613,-8.677903679199517e-05,0.0001731393567752093,-8.636027632746845e-05,0.001693069119937718,0.00039548013592138886,-0.0010885493829846382,-7.091180304996669e-05,0.00014183478197082877,-7.092297892086208e-05,1.0806395039253403e-05,-2.1548221411649138e-05,1.0741832738858648e-05,8.93737596925348e-05,-0.00017829795251600444,8.892420009942725e-05,-6.14334931015037e-05,0.00012261014489922673,-6.117665907368064e-05,9.314809176430572e-06,-1.8572272892924957e-05,9.25746644497849e-06,-0.0001591739128343761,0.00031694924109615386,-0.00015777532826177776,8.274683932540938e-05,-0.00016478513134643435,8.203831384889781e-05,-5.6553082686150447e-05,0.00011318684846628457,-5.663377669407055e-05,8.598977728979662e-06,-1.714560858090408e-05,8.546633580408525e-06,-0.00014659286534879357,0.00029257399728521705,-0.00014598113193642348,-3.712542093126103e-05,7.412347622448578e-05,-3.699804801726714e-05,2.223208866780624e-06,-4.44518263975624e-06,2.221971044491511e-06,-4.258467015461065e-06,8.529234037268907e-06,-4.2707688407972455e-06,3.957690751121845e-06,-7.908429324743338e-06,3.950739483116195e-06,-1.29743411889649e-05,2.59368844126584e-05,-1.2962544133188203e-05,7.133893973332306e-07,-1.4281696394391474e-06,7.147802421059168e-07,9.73466012510471e-06,-1.949324541783426e-05,9.758583473740146e-06,-7.145991730794776e-06,1.4296410881797783e-05,-7.150420060497709e-06,-4.012175850220956e-06,8.01299847807968e-06,-4.000821718364023e-06,-4.0747167986410204e-06,8.143711056618486e-06,-4.068994712724816e-06,1.5283685570466332e-05,-3.0606159270973876e-05,1.532247188151814e-05,-7.298326636373531e-06,1.4575774912373163e-05,-7.2774491854943335e-06,-3.002274297614349e-06,5.9976737247779965e-06,-2.995399654537323e-06,-4.322371296439087e-06,8.653270924696699e-06,-4.330899628257612e-06,-7.408834790112451e-07,1.47961236507399e-06,-7.387284313153941e-07],[-0.0002520162670407444,0.0005033144843764603,-0.00025129818823188543,0.00017311661213170737,-0.0003453978570178151,0.00017228121578227729,0.00039548013592138886,0.00021105182531755418,0.0003934681590180844,0.00014146286412142217,-0.00028294805088080466,0.00014148515765555203,-2.155781476176344e-05,4.29868305218406e-05,-2.1429010303108953e-05,-0.0001782929030014202,0.00035568891325965524,-0.00017739606846589595,0.00012255445471964777,-0.0002445965074002743,0.00012204211088828743,-1.858223731687758e-05,3.7050063838250935e-05,-1.846783925429918e-05,0.0003175380697939545,-0.0006322860717773438,0.00031474800198338926,-0.00016507270629517734,0.0003287319268565625,-0.00016365926421713084,0.00011281845218036324,-0.00022579792130272835,0.00011297943274257705,-1.7154234228655696e-05,3.420403663767502e-05,-1.7049820598913357e-05,0.0002924400323536247,-0.0005836596828885376,0.0002912196796387434,7.406193617498502e-05,-0.00014786978135816753,7.38078379072249e-05,-4.4351072574499995e-06,8.867740689311177e-06,-4.432633431861177e-06,8.495273505104706e-06,-1.7015088815242052e-05,8.519815310137346e-06,-7.895247108535841e-06,1.577662260388024e-05,-7.881379133323207e-06,2.5882683985400945e-05,-5.17418266099412e-05,2.585914990049787e-05,-1.4231529803510057e-06,2.849080601663445e-06,-1.4259275076256017e-06,-1.9419798263697885e-05,3.8887312257429585e-05,-1.946751945069991e-05,1.42556364153279e-05,-2.8520105843199417e-05,1.4264473065850325e-05,8.00393354438711e-06,-1.5985217032721266e-05,7.981283488334157e-06,8.128705303533934e-06,-1.6245994629571214e-05,8.11728932603728e-06,-3.0489611162920482e-05,6.105660577304661e-05,-3.056698915315792e-05,1.4559527699020691e-05,-2.907740417867899e-05,1.4517876479658298e-05,5.989274086459773e-06,-1.1964833902311511e-05,5.9755602705990896e-06,8.622752829978708e-06,-1.7262516848859377e-05,8.63976492837537e-06,1.4780016499571502e-06,-2.951706846943125e-06,1.4737033779965714e-06],[0.00012568681268021464,-0.0002510155027266592,0.0001253286754945293,-8.63375753397122e-05,0.00017225855845026672,-8.592093945480883e-05,-0.0010885493829846382,0.0003934681590180844,0.0016950811259448528,-7.055109017528594e-05,0.00014111326890997589,-7.05622005625628e-05,1.0751400623121299e-05,-2.143857091141399e-05,1.0687163921829779e-05,8.891912875697017e-05,-0.0001773909607436508,8.847185381455347e-05,-6.112099072197452e-05,0.0001219864352606237,-6.086546272854321e-05,9.267431778425816e-06,-1.8477803678251803e-05,9.210374628310092e-06,-0.00015836417151149362,0.0003153368888888508,-0.00015697271737735718,8.232589607359841e-05,-0.00016394685371778905,8.162097219610587e-05,-5.626538040814921e-05,0.0001126110291806981,-5.63456560485065e-05,8.55523376230849e-06,-1.705838440102525e-05,8.50315518619027e-06,-0.00014584710879717022,0.00029108565649949014,-0.00014523850404657423,-3.6936558899469674e-05,7.374639244517311e-05,-3.680983354570344e-05,2.2119029381428845e-06,-4.422568963491358e-06,2.2106687538325787e-06,-4.236806489643641e-06,8.485854777973145e-06,-4.249044650350697e-06,3.9375581764033996e-06,-7.868200555094518e-06,3.930642378691118e-06,-1.2908336429973133e-05,2.580493310233578e-05,-1.289659758185735e-05,7.097625029928167e-07,-1.4209089158612187e-06,7.111463560249831e-07,9.685134500614367e-06,-1.939406865858473e-05,9.708934157970361e-06,-7.109631042112596e-06,1.4223669495549984e-05,-7.114037543942686e-06,-3.99176087739761e-06,7.972226740093902e-06,-3.98046495320159e-06,-4.053983957419405e-06,8.102275387500413e-06,-4.048290975333657e-06,1.5205927411443554e-05,-3.0450444683083333e-05,1.524451727163978e-05,-7.261191058205441e-06,1.4501612895401195e-05,-7.240421837195754e-06,-2.9869991067243973e-06,5.967158358544111e-06,-2.9801594791933894e-06,-4.300378805055516e-06,8.60924137668917e-06,-4.308863026381005e-06,-7.371095307462383e-07,1.4720753824803978e-06,-7.349658517341595e-07],[-8.621839515399188e-05,0.00017219115397892892,-8.597275154897943e-05,0.00010021522757597268,-0.00019994679314550012,9.973156556952745e-05,-7.091180304996669e-05,0.00014146286412142217,-7.055109017528594e-05,0.000679728458635509,-0.0005782296066172421,0.0008985009626485407,3.7406493902381044e-06,-7.458950676664244e-06,3.7182994674367364e-06,-6.099249003455043e-05,0.00012167817476438358,-6.0685684729833156e-05,7.096516492310911e-05,-0.0001416336599504575,7.06684950273484e-05,3.2746338547440246e-06,-6.529115125886165e-06,3.2544758141739294e-06,0.00012121917097829282,-0.00024137322907336056,0.00012015407264698297,-5.6470198614988476e-05,0.00011245686619076878,-5.59866675757803e-05,6.532898260047659e-05,-0.00013075119932182133,6.542220216942951e-05,3.0059306936891517e-06,-5.993557351757772e-06,2.9876332519052085e-06,0.0001116320927394554,-0.00022279834956862032,0.00011116625682916492,4.096132033737376e-05,-8.17821201053448e-05,4.082078521605581e-05,-5.2631672588177025e-05,0.00010523400851525366,-5.260233592707664e-05,6.82206591591239e-05,-0.00013663838035427034,6.841772119514644e-05,-4.216231172904372e-05,8.425056876149029e-05,-4.2088253394467756e-05,6.874860264360905e-05,-0.00013743469025939703,6.868608761578798e-05,7.241714229166973e-06,-1.449754745408427e-05,7.255833224917296e-06,-5.4874049965292215e-05,0.0001098829525290057,-5.500890256371349e-05,3.7123867514310405e-05,-7.427074888255447e-05,3.714687773026526e-05,1.08518961496884e-05,-2.1673085939255543e-05,1.082118797057774e-05,1.6443576896563172e-05,-3.2864059903658926e-05,1.642048664507456e-05,-5.5867203627713025e-05,0.00011187618656549603,-5.600898657576181e-05,3.3700089261401445e-05,-6.730377936037257e-05,3.360368646099232e-05,9.918522664520424e-06,-1.9814333427348174e-05,9.895811672322452e-06,1.2411774150677957e-05,-2.4848035536706448e-05,1.2436261386028491e-05,5.3803541959496215e-06,-1.074506053555524e-05,5.36470724910032e-06],[0.00017245038179680705,-0.000344409461831674,0.00017195905093103647,-0.0002004462294280529,0.0003999251057393849,-0.00019947886175941676,0.00014183478197082877,-0.00028294805088080466,0.00014111326890997589,-0.0005782296066172421,0.0021565507631748915,-0.0005783208180218935,-7.4819126893999055e-06,1.491910734330304e-05,-7.437201929860748e-06,0.0001219945406774059,-0.00024337541253771633,0.00012138089368818328,-0.00014194156392477453,0.00028328970074653625,-0.00014134816592559218,-6.549806130351499e-06,1.3059285265626386e-05,-6.509482773253694e-06,-0.00024245743406936526,0.00048278452595695853,-0.0002403270627837628,0.00011294928117422387,-0.00022493141295854002,0.000111982153612189,-0.00013066832616459578,0.00026152312057092786,-0.0001308547507505864,-6.0123452385596465e-06,1.1988082405878231e-05,-5.975744443276199e-06,-0.00022328185150399804,0.00044563194387592375,-0.00022235006326809525,-8.192913082893938e-05,0.00016357714775949717,-8.164804603438824e-05,0.00010527166159590706,-0.00021048464986961335,0.00010521298099774867,-0.0001364520867355168,0.0002732983557507396,-0.00013684625446330756,8.43312664073892e-05,-0.00016851440886966884,8.418314973823726e-05,-0.000137508031912148,0.00027489103376865387,-0.00013738300185650587,-1.4484562598227058e-05,2.8997366825933568e-05,-1.4512803318211809e-05,0.00010975672194035724,-0.00021978316362947226,0.00011002644168911502,-7.425359217450023e-05,0.00014855319750495255,-7.429960533045232e-05,-2.1705503968405537e-05,4.3349587940610945e-05,-2.16440803342266e-05,-3.28897476720158e-05,6.573330756509677e-05,-3.2843559893080965e-05,0.00011174319661222398,-0.00022376998094841838,0.0001120267843361944,-6.740546086803079e-05,0.0001346181088592857,-6.721264799125493e-05,-1.9838602383970283e-05,3.9631773688597605e-05,-1.9793176761595532e-05,-2.482549643900711e-05,4.96999709866941e-05,-2.487447636667639e-05,-1.07615587694454e-05,2.149182000721339e-05,-1.0730262147262692e-05],[-8.623197209089994e-05,0.00017221830785274506,-8.598630665801466e-05,0.00010023100185208023,-0.0001999782834900543,9.97472889139317e-05,-7.092297892086208e-05,0.00014148515765555203,-7.05622005625628e-05,0.0008985009626485407,-0.0005783208180218935,0.0006798194372095168,3.741240561794257e-06,-7.4601357482606545e-06,3.7188883652561344e-06,-6.1002076108707115e-05,0.00012169730325695127,-6.0695230786222965e-05,7.097636262187734e-05,-0.00014165601169224828,7.06796272424981e-05,3.2751586331869476e-06,-6.530142854899168e-06,3.25498922393308e-06,0.00012123822671128437,-0.00024141119502019137,0.000120172968308907,-5.6479104387108237e-05,0.00011247459769947454,-5.5995496950345114e-05,6.533927808050066e-05,-0.00013077179028186947,6.543251220136881e-05,3.0064045404287754e-06,-5.9945014072582126e-06,2.9881005048082443e-06,0.00011164970783283934,-0.00022283353609964252,0.0001111837918870151,4.096776683581993e-05,-8.179496217053384e-05,4.082720624865033e-05,-5.263996354187839e-05,0.00010525058314669877,-5.2610619604820386e-05,6.823142030043527e-05,-0.00013665993174072355,6.842851871624589e-05,-4.216895831632428e-05,8.426385466009378e-05,-4.2094896343769506e-05,6.875943654449657e-05,-0.00013745634350925684,6.869691424071789e-05,7.242853826028295e-06,-1.4499829376291018e-05,7.256975550262723e-06,-5.488269016495906e-05,0.00010990025475621223,-5.501755731529556e-05,3.712972466018982e-05,-7.428246317431331e-05,3.7152738514123484e-05,1.0853608728211839e-05,-2.167650563933421e-05,1.0822894182638265e-05,1.6446172594442032e-05,-3.286924766143784e-05,1.642307688598521e-05,-5.5875996622489765e-05,0.00011189379438292235,-5.6017797760432586e-05,3.370538615854457e-05,-6.731436587870121e-05,3.3608972444199026e-05,9.920084266923368e-06,-1.981745481316466e-05,9.897369636746589e-06,1.2413731383276172e-05,-2.485195545887109e-05,1.2438223166100215e-05,5.38120002602227e-06,-1.0746750376711134e-05,5.3655508054362144e-06],[-0.00018475388060323894,0.00036898136022500694,-0.00018422746506985277,0.00014025923155713826,-0.00027984162443317473,0.00013958239287603647,1.0806395039253403e-05,-2.155781476176344e-05,1.0751400623121299e-05,3.7406493902381044e-06,-7.4819126893999055e-06,3.741240561794257e-06,0.0010659381514415145,5.3745974582852796e-05,-0.00011968400212936103,9.301640602643602e-06,-1.8556493159849197e-05,9.254853466700297e-06,3.2487600947206374e-06,-6.483937795564998e-06,3.2351781555917114e-06,4.167457518633455e-06,-8.309258191729896e-06,4.14180021834909e-06,-1.2385086847643834e-05,2.4661352654220536e-05,-1.2276264897082001e-05,8.611860721430276e-06,-1.7149981431430206e-05,8.53812070999993e-06,2.991152541653719e-06,-5.986573341942858e-06,2.9954205729154637e-06,3.841530542558758e-06,-7.65967615734553e-06,3.818145614786772e-06,-1.1408161299186759e-05,2.276871782669332e-05,-1.1360554708517157e-05,1.3243545708974125e-06,-2.6441657610121183e-06,1.319811076427868e-06,-1.6740541468607262e-05,3.347175515955314e-05,-1.673121005296707e-05,2.1243671653792262e-05,-4.2548712372081354e-05,2.130503889929969e-05,-1.269077620236203e-05,2.5359260689583607e-05,-1.266848630621098e-05,1.8536871721153148e-05,-3.705688504851423e-05,1.852001696533989e-05,2.6404200070828665e-06,-5.285987754177768e-06,2.6455677470949013e-06,-1.5001267456682399e-05,3.0039398552617058e-05,-1.503813109593466e-05,9.963539923774078e-06,-1.99332571355626e-05,9.969715392799117e-06,2.276522536703851e-06,-4.546603577182395e-06,2.2700805857311934e-06,4.112491751584457e-06,-8.219208211812656e-06,4.10671691497555e-06,-1.3496121937350836e-05,2.702649544517044e-05,-1.3530372598324902e-05,8.776340109761804e-06,-1.7527576346765272e-05,8.751235327508766e-06,2.300554569956148e-06,-4.595840891852276e-06,2.2952867766434792e-06,2.6918878575088456e-06,-5.389086254581343e-06,2.6971988518198486e-06,1.5414909739774885e-06,-3.0784988211962627e-06,1.5370080745924497e-06],[0.0003684040275402367,-0.000735758279915899,0.0003673542814794928,-0.0002796805347315967,0.0005580114084295928,-0.0002783308445941657,-2.1548221411649138e-05,4.29868305218406e-05,-2.143857091141399e-05,-7.458950676664244e-06,1.491910734330304e-05,-7.4601357482606545e-06,5.3745974582852796e-05,0.0008928290917538106,5.342491203919053e-05,-1.8547711079008877e-05,3.700212619150989e-05,-1.845441511250101e-05,-6.478066097770352e-06,1.292904926231131e-05,-6.4509840740356594e-06,-8.310000339406542e-06,1.6568839782848954e-05,-8.258840352937113e-06,2.4696226319065318e-05,-4.9175458116224036e-05,2.4479231797158718e-05,-1.7172269508591853e-05,3.4197495551779866e-05,-1.7025231500156224e-05,-5.964396223134827e-06,1.1937304407183547e-05,-5.972907729301369e-06,-7.660098162887152e-06,1.5273564713425003e-05,-7.613468369527254e-06,2.2748150513507426e-05,-4.540137524600141e-05,2.2653222913504578e-05,-2.6407797122374177e-06,5.272499493003124e-06,-2.6317195533920312e-06,3.3381082175765187e-05,-6.674356700386852e-05,3.336247755214572e-05,-4.236042877892032e-05,8.484322461299598e-05,-4.2482788558118045e-05,2.5305740564363077e-05,-5.05670286656823e-05,2.526129173929803e-05,-3.6962999729439616e-05,7.389237725874409e-05,-3.692938480526209e-05,-5.265063009574078e-06,1.0540391485847067e-05,-5.275328476272989e-06,2.99129169434309e-05,-5.9899342886637896e-05,2.9986425943206996e-05,-1.986756979022175e-05,3.9747457776684314e-05,-1.9879884348483756e-05,-4.5394417611532845e-06,9.066039638128132e-06,-4.5265965127327945e-06,-8.200411684811115e-06,1.6389307347708382e-05,-8.188896572391968e-06,2.6911620807368308e-05,-5.389153739088215e-05,2.697991658351384e-05,-1.750025330693461e-05,3.495044802548364e-05,-1.7450192899559624e-05,-4.587360308505595e-06,9.164215953205712e-06,-4.576856554194819e-06,-5.3676935749535915e-06,1.0745977306214627e-05,-5.3782837312610354e-06,-3.0737685392523417e-06,6.1385972003336065e-06,-3.0648291158286156e-06],[-0.00018365014693699777,0.0003667769196908921,-0.00018312683096155524,0.000139421274070628,-0.00027816975489258766,0.00013874848082195967,1.0741832738858648e-05,-2.1429010303108953e-05,1.0687163921829779e-05,3.7182994674367364e-06,-7.437201929860748e-06,3.7188883652561344e-06,-0.00011968400212936103,5.342491203919053e-05,0.0010662592248991132,9.246076842828188e-06,-1.8445643945597112e-05,9.199568012263626e-06,3.2293435197061626e-06,-6.445186045311857e-06,3.2158432077267207e-06,4.142558282183018e-06,-8.25961342343362e-06,4.117054686503252e-06,-1.231108581123408e-05,2.4514001779607497e-05,-1.2202915968373418e-05,8.560412425140385e-06,-1.7047525034286082e-05,8.4871144281351e-06,2.97327551379567e-06,-5.950793820375111e-06,2.9775180792057654e-06,3.818578989012167e-06,-7.61391265768907e-06,3.795333896050579e-06,-1.1339983757352456e-05,2.263264832436107e-05,-1.1292662748019211e-05,1.316441966991988e-06,-2.628367610668647e-06,1.3119255299898214e-06,-1.6640529793221503e-05,3.327179001644254e-05,-1.6631254766252823e-05,2.1116749849170446e-05,-4.229450132697821e-05,2.1177749658818357e-05,-1.261496072402224e-05,2.5207762519130483e-05,-1.2592803614097647e-05,1.842612437030766e-05,-3.683549221022986e-05,1.84093696589116e-05,2.6246450488542905e-06,-5.254407369648106e-06,2.6297620934201404e-06,-1.4911647667759098e-05,2.9859937058063224e-05,-1.494829120929353e-05,9.904016224027146e-06,-1.981417153729126e-05,9.910154403769411e-06,2.2629208160651615e-06,-4.519438334682491e-06,2.2565170638699783e-06,4.087920387974009e-06,-8.170099135895725e-06,4.082179657416418e-06,-1.3415493413049262e-05,2.6865032850764692e-05,-1.3449540347210132e-05,8.723904102225788e-06,-1.742285348882433e-05,8.69894847710384e-06,2.286808012286201e-06,-4.568379608826945e-06,2.281571823914419e-06,2.6758034437079914e-06,-5.356886504159775e-06,2.681082833078108e-06,1.53227972532477e-06,-3.060103153984528e-06,1.5278235423465958e-06],[0.00010868590470636263,-0.0002170621301047504,0.00010837620357051492,-7.4642630352173e-05,0.00014892507169861346,-7.428244134644046e-05,8.93737596925348e-05,-0.0001782929030014202,8.891912875697017e-05,-6.099249003455043e-05,0.0001219945406774059,-6.1002076108707115e-05,9.301640602643602e-06,-1.8547711079008877e-05,9.246076842828188e-06,0.0015820844564586878,0.0003704579721670598,-0.0009525424102321267,-5.284272992867045e-05,0.00010546452540438622,-5.262182094156742e-05,8.017781510716304e-06,-1.5986192011041567e-05,7.968415957293473e-06,1.0741498954303097e-05,-2.138861600542441e-05,1.0647117051121313e-05,7.119096699170768e-05,-0.00014177232515066862,7.05813872627914e-05,-4.864463699050248e-05,9.735868661664426e-05,-4.8714049626141787e-05,7.401629773085006e-06,-1.4758202269149479e-05,7.356572496064473e-06,9.911746019497514e-06,-1.9782139133894816e-05,9.870384019450285e-06,-0.000144410936627537,0.00028832643874920905,-0.00014391550212167203,1.9740236893994734e-06,-3.9469468902098015e-06,1.972923200810328e-06,-3.698391083162278e-06,7.407463272102177e-06,-3.7090740079293028e-06,3.4494814826757647e-06,-6.892903911648318e-06,3.4434233384672552e-06,-1.1223912224522792e-05,2.243761991849169e-05,-1.1213705874979496e-05,6.217481427484017e-07,-1.2447084145605913e-06,6.229603286556085e-07,8.401196282648016e-06,-1.6823038095026277e-05,8.42184090288356e-06,-6.179745469125919e-06,1.2363319910946302e-05,-6.183575351315085e-06,-3.4452091313141864e-06,6.88066984366742e-06,-3.4354598028585315e-06,-3.5025641409447417e-06,7.0002088250475936e-06,-3.4976451388502028e-06,1.3180699170334265e-05,-2.6394847736810334e-05,1.321414856647607e-05,-6.310739991022274e-06,1.2603426512214355e-05,-6.292687430686783e-06,-2.5798758542805444e-06,5.153844540473074e-06,-2.573968458818854e-06,-3.722004066730733e-06,7.45135093893623e-06,-3.7293473269528477e-06,-6.364380169543438e-07,1.2710243026958779e-06,-6.34586740488885e-07],[-0.00021682510850951076,0.0004330323718022555,-0.00021620726329274476,0.00014890982129145414,-0.00029710103990510106,0.00014819123316556215,-0.00017829795251600444,0.00035568891325965524,-0.0001773909607436508,0.00012167817476438358,-0.00024337541253771633,0.00012169730325695127,-1.8556493159849197e-05,3.700212619150989e-05,-1.8445643945597112e-05,0.0003704579721670598,0.0002609474759083241,0.0003685943956952542,0.0001054196764016524,-0.0002103985898429528,0.00010497895709704608,-1.5995216017472558e-05,3.1891962862573564e-05,-1.5896746845101006e-05,-2.1428953914437443e-05,4.266962059773505e-05,-2.12406648643082e-05,-0.00014202382590156049,0.0002828315191436559,-0.0001408077368978411,9.704462718218565e-05,-0.00019422770128585398,9.718308137962595e-05,-1.4766013919143006e-05,2.944214065792039e-05,-1.467612946726149e-05,-1.977362990146503e-05,3.946475044358522e-05,-1.969112054212019e-05,0.0002880955289583653,-0.0005752025754190981,0.00028710710466839373,-3.938130248570815e-06,7.874066795920953e-06,-3.935934728360735e-06,7.378190275630914e-06,-1.477769183111377e-05,7.399501555482857e-06,-6.881617991894018e-06,1.375115243718028e-05,-6.869532626296859e-06,2.2391366655938327e-05,-4.4762367906514555e-05,2.2371004888555035e-05,-1.2403745586198056e-06,2.483167691025301e-06,-1.2427930187186575e-06,-1.676013744145166e-05,3.356146044097841e-05,-1.6801326637505554e-05,1.2328402590355836e-05,-2.4664444936206564e-05,1.2336044164840132e-05,6.873085567349335e-06,-1.3726722499995958e-05,6.85363556840457e-06,6.987501819821773e-06,-1.3965190191811416e-05,6.977689281484345e-06,-2.6295118004782125e-05,5.265697109280154e-05,-2.6361851269030012e-05,1.2589724065037444e-05,-2.5143435777863488e-05,1.2553711712826043e-05,5.14676867169328e-06,-1.0281752111040987e-05,5.134983439347707e-06,7.425286639772821e-06,-1.48652234202018e-05,7.4399367804289795e-06,1.2696755220531486e-06,-2.5356566766276956e-06,1.2659820640692487e-06],[0.0001081391965271905,-0.00021597027080133557,0.00010783105972222984,-7.426717638736591e-05,0.0001481759682064876,-7.390879181912169e-05,8.892420009942725e-05,-0.00017739606846589595,8.847185381455347e-05,-6.0685684729833156e-05,0.00012138089368818328,-6.0695230786222965e-05,9.254853466700297e-06,-1.845441511250101e-05,9.199568012263626e-06,-0.0009525424102321267,0.0003685943956952542,0.0015839479165151715,-5.257692828308791e-05,0.00010493403533473611,-5.2357136155478656e-05,7.977447239682078e-06,-1.590578176546842e-05,7.92833452578634e-06,1.0687474969017785e-05,-2.128104642906692e-05,1.0593566912575625e-05,7.083285163389519e-05,-0.00014105917944107205,7.022634235909209e-05,-4.839995744987391e-05,9.686894190963358e-05,-4.846901720156893e-05,7.364397333731176e-06,-1.4683969311590772e-05,7.319571523112245e-06,9.861888429441024e-06,-1.9682627680595033e-05,9.820735613175202e-06,-0.00014368454867508262,0.0002868761366698891,-0.00014319158799480647,1.9641065591713414e-06,-3.927118086721748e-06,1.9630115275504068e-06,-3.6797810025746003e-06,7.3701885412447155e-06,-3.6904093576595187e-06,3.4321355997235514e-06,-6.858243068563752e-06,3.4261074688402005e-06,-1.1167448974447325e-05,2.2324742531054653e-05,-1.1157295375596732e-05,6.186237442307174e-07,-1.2384537058096612e-06,6.198299615789438e-07,8.35893843031954e-06,-1.6738418707973324e-05,8.379482096643187e-06,-6.148657121229917e-06,1.2301125025260262e-05,-6.152467904030345e-06,-3.427877118156175e-06,6.846054475317942e-06,-3.4181771297880914e-06,-3.4849401799874613e-06,6.964985914237332e-06,-3.480046188997221e-06,1.3114400644553825e-05,-2.6262081519234926e-05,1.3147682693670504e-05,-6.278989530983381e-06,1.254001836059615e-05,-6.261028829612769e-06,-2.5668946364021394e-06,5.127911663294071e-06,-2.561017026891932e-06,-3.703279389810632e-06,7.4138661148026586e-06,-3.7105860428710002e-06,-6.332311386358924e-07,1.2646205505006947e-06,-6.313894118648022e-07],[-7.469639967894182e-05,0.00014918000670149922,-7.448359247064218e-05,8.685203647473827e-05,-0.0001732849341351539,8.643291221233085e-05,-6.14334931015037e-05,0.00012255445471964777,-6.112099072197452e-05,7.096516492310911e-05,-0.00014194156392477453,7.097636262187734e-05,3.2487600947206374e-06,-6.478066097770352e-06,3.2293435197061626e-06,-5.284272992867045e-05,0.0001054196764016524,-5.257692828308791e-05,0.0007141006644815207,-0.00047981474199332297,0.000765714212320745,2.8438805657060584e-06,-5.670254722645041e-06,2.826376203302061e-06,3.713691057782853e-06,-7.394752174150199e-06,3.681059297377942e-06,-4.892448851023801e-05,9.743004193296656e-05,-4.850556797464378e-05,5.661849718308076e-05,-0.00011331781570333987,5.669929305440746e-05,2.6105594770342577e-06,-5.205222350923577e-06,2.5946683308575302e-06,3.407308668101905e-06,-6.800410119467415e-06,3.3930959943972994e-06,0.0001125253111240454,-0.00022466457448899746,0.00011213924153707922,-4.558446744340472e-05,9.114353451877832e-05,-4.5559056161437184e-05,5.907191734877415e-05,-0.00011831447045551613,5.924255674472079e-05,-3.651610677479766e-05,7.29680759832263e-05,-3.645197284640744e-05,5.957919347565621e-05,-0.0001191042028949596,5.952502033323981e-05,6.270144240261288e-06,-1.2552512998809107e-05,6.282369213295169e-06,-4.755667396239005e-05,9.523021435597911e-05,-4.767354403156787e-05,3.215967444702983e-05,-6.43392777419649e-05,3.217960329493508e-05,9.399572263646405e-06,-1.8772547264234163e-05,9.372972272103652e-06,1.4253905646910425e-05,-2.848779331543483e-05,1.4233889487513807e-05,-4.8397785576526076e-05,9.691839659353718e-05,-4.8520611017011106e-05,2.920111182902474e-05,-5.831869930261746e-05,2.911758201662451e-05,8.588507625972852e-06,-1.7157348338514566e-05,8.568841622036416e-06,1.0759207725641318e-05,-2.1539643057622015e-05,1.0780434422485996e-05,4.658872967411298e-06,-9.304196282755584e-06,4.645323770091636e-06],[0.00014908051525708288,-0.00029773631831631064,0.00014865578850731254,-0.00017334098811261356,0.0003458454448264092,-0.00017250450036954135,0.00012261014489922673,-0.0002445965074002743,0.0001219864352606237,-0.0001416336599504575,0.00028328970074653625,-0.00014165601169224828,-6.483937795564998e-06,1.292904926231131e-05,-6.445186045311857e-06,0.00010546452540438622,-0.0002103985898429528,0.00010493403533473611,-0.00047981474199332297,0.0019576235208660364,-0.00047780878958292305,-5.675848115060944e-06,1.1316770724079106e-05,-5.640907602355583e-06,-7.4118315751547925e-06,1.475853605370503e-05,-7.346696293097921e-06,9.764446440385655e-05,-0.00019445283396635205,9.680839139036834e-05,-0.00011300026380922645,0.00022616177739109844,-0.00011316149902995676,-5.21017409482738e-06,1.038863501889864e-05,-5.178449100640137e-06,-6.800336450396571e-06,1.357229302811902e-05,-6.771958396711852e-06,-0.00022458028979599476,0.00044839008478447795,-0.00022380976588465273,9.097835572902113e-05,-0.00018190601258538663,9.092764230445027e-05,-0.00011789686686825007,0.00023613430676050484,-0.00011823743261629716,7.287957123480737e-05,-0.0001456311292713508,7.275156531250104e-05,-0.00011890930181834847,0.00023771046835463494,-0.0001188011810882017,-1.25140868476592e-05,2.505257180018816e-05,-1.2538484952528961e-05,9.491454693488777e-05,-0.0001900623319670558,9.514779230812564e-05,-6.418487464543432e-05,0.000128409534227103,-6.422465958166867e-05,-1.8759852537186816e-05,3.746661968762055e-05,-1.870676533144433e-05,-2.8448213925003074e-05,5.6856479204725474e-05,-2.84082652797224e-05,9.659324132371694e-05,-0.00019343162421137094,9.683837561169639e-05,-5.828013672726229e-05,0.00011639357398962602,-5.8113422710448503e-05,-1.714110840111971e-05,3.4242966648889706e-05,-1.71018600667594e-05,-2.1473440938279964e-05,4.298924977774732e-05,-2.1515808839467354e-05,-9.29828001972055e-06,1.8569517123978585e-05,-9.271238013752736e-06],[-7.438413013005629e-05,0.00014855636982247233,-7.417221058858559e-05,8.648896618979052e-05,-0.00017256052524317056,8.607158088125288e-05,-6.117665907368064e-05,0.00012204211088828743,-6.086546272854321e-05,7.06684950273484e-05,-0.00014134816592559218,7.06796272424981e-05,3.2351781555917114e-06,-6.4509840740356594e-06,3.2158432077267207e-06,-5.262182094156742e-05,0.00010497895709704608,-5.2357136155478656e-05,0.000765714212320745,-0.00047780878958292305,0.0007120947120711207,2.831975962180877e-06,-5.646516456181416e-06,2.8145407213742146e-06,3.698141881613992e-06,-7.363789336523041e-06,3.6656524571299087e-06,-4.8719968617660925e-05,9.702275565359741e-05,-4.830280158785172e-05,5.63817702641245e-05,-0.0001128439762396738,5.646221325150691e-05,2.5996366730396403e-06,-5.183449957257835e-06,2.5838137389655458e-06,3.393056886125123e-06,-6.771951120754238e-06,3.378897872607922e-06,0.00011205492046428844,-0.0002237253647763282,0.0001116704661399126,-4.539390283753164e-05,9.076251444639638e-05,-4.536860069492832e-05,5.882497498532757e-05,-0.00011781988723669201,5.8994904975406826e-05,-3.636344990809448e-05,7.266302418429404e-05,-3.629958155215718e-05,5.9330133808543906e-05,-0.00011860631639137864,5.9276182582834736e-05,6.243935786187649e-06,-1.2500044249463826e-05,6.256109372770879e-06,-4.7357872972497717e-05,9.48321248870343e-05,-4.747424827655777e-05,3.202523657819256e-05,-6.407032924471423e-05,3.2045085390564054e-05,9.360280273540411e-06,-1.869407424237579e-05,9.333792149845976e-06,1.4194316463544965e-05,-2.836869862221647e-05,1