{"epoch":0,"H":[[0.019284289330244064,-0.01828428916633129,0.013864978216588497,-0.013864977285265923,0.011332448571920395,-0.011332448571920395,0.0009472109377384186,-0.0009472109377384186,0.0017658805008977652,-0.0017658803844824433,0.0013669381150975823,-0.0013669368345290422,0.0011968222679570317,-0.0011968223843723536,0.008920889347791672,-0.008920889347791672,0.007972057908773422,-0.007972057908773422,0.000138781062560156,-0.00013878080062568188,0.0013438159367069602,-0.0013438161695376039,0.00540893105790019,-0.005408930592238903,1.1765645467676222e-05,-1.176548539660871e-05,0.00023607799084857106,-0.00023607717594131827,0.0007256590761244297,-0.0007256586686708033,0.0011531554628163576,-0.0011531556956470013,-0.00026412130682729185,0.0002641211322043091,-0.0014491132460534573,0.0014491132460534573,0.0034979688934981823,-0.0034979686606675386,-0.00010097285849042237,0.00010097303311340511,0.00036257298779673874,-0.00036257298779673874,0.001137464540079236,-0.001137464540079236,0.0032133078202605247,-0.0032133078202605247,-0.00015067763160914183,0.00015067752974573523,-0.0007991342572495341,0.0007991341990418732,0.0016926974058151245,-0.0016926976386457682,0.0016153128817677498,-0.0016153128817677498,0.000564524088986218,-0.0005645241471938789],[-0.01828428916633129,0.019284289330244064,-0.013864977285265923,0.013864977285265923,-0.01133244950324297,0.01133244950324297,-0.0009472107049077749,0.0009472104720771313,-0.0017658803844824433,0.0017658803844824433,-0.001366938347928226,0.0013669361360371113,-0.0011968223843723536,0.0011968225007876754,-0.008920889347791672,0.008920889347791672,-0.007972056977450848,0.007972056977450848,-0.000138781062560156,0.0001387803058605641,-0.0013438159367069602,0.0013438165187835693,-0.005408930592238903,0.005408930592238903,-1.1765616363845766e-05,1.176548539660871e-05,-0.00023607845650985837,0.00023607746697962284,-0.0007256587268784642,0.0007256584940478206,-0.0011531554628163576,0.0011531554628163576,0.0002641213941387832,-0.00026412119041197,0.001449113478884101,-0.001449113478884101,-0.0034979688934981823,0.0034979688934981823,0.00010097284393850714,-0.0001009729749057442,-0.00036257292958907783,0.0003625729586929083,-0.0011374644236639142,0.0011374644236639142,-0.0032133078202605247,0.0032133078202605247,0.00015067760250531137,-0.00015067763160914183,0.000799134315457195,-0.000799134373664856,-0.0016926976386457682,0.0016926976386457682,-0.0016153131145983934,0.0016153129981830716,-0.000564524088986218,0.0005645241471938789],[0.013864978216588497,-0.013864977285265923,0.03517758846282959,-0.034177590161561966,0.010875404812395573,-0.010875403881072998,0.002742297248914838,-0.0027422967832535505,0.011781911365687847,-0.011781911365687847,-0.0019071493297815323,0.0019071499118581414,0.0014777329051867127,-0.0014777329051867127,0.008464365266263485,-0.00846436619758606,0.005768308881670237,-0.005768309347331524,-0.0031815418042242527,0.0031815427355468273,0.00010222429409623146,-0.00010222545824944973,0.005901480093598366,-0.0059014796279370785,0.0037406946066766977,-0.0037406946066766977,-0.0038187236059457064,0.0038187247700989246,0.0007105461554601789,-0.0007105458062142134,-1.196365337818861e-05,1.196365337818861e-05,-0.00024231316638179123,0.00024231287534348667,-0.0001668935437919572,0.00016689357289578766,0.003973037004470825,-0.003973037004470825,-0.00023367458197753876,0.00023367481480818242,0.00032856775214895606,-0.0003285677230451256,0.001237540040165186,-0.001237540040165186,0.003525475272908807,-0.003525475040078163,-0.0003505800850689411,0.0003505800268612802,-6.755899812560529e-05,6.75589544698596e-05,0.0003148200048599392,-0.0003148199466522783,0.0002981004654429853,-0.00029810043633915484,-0.0016971766017377377,0.0016971766017377377],[-0.013864977285265923,0.013864977285265923,-0.034177590161561966,0.03517758846282959,-0.010875404812395573,0.010875403881072998,-0.002742297248914838,0.0027422967832535505,-0.011781911365687847,0.011781911365687847,0.0019071493297815323,-0.0019071499118581414,-0.0014777329051867127,0.0014777329051867127,-0.008464365266263485,0.00846436619758606,-0.005768308881670237,0.005768309347331524,0.0031815418042242527,-0.0031815427355468273,-0.00010222429409623146,0.00010222545824944973,-0.005901480093598366,0.0059014796279370785,-0.0037406946066766977,0.0037406946066766977,0.0038187236059457064,-0.0038187247700989246,-0.0007105461554601789,0.0007105458062142134,1.196365337818861e-05,-1.196365337818861e-05,0.00024231316638179123,-0.00024231287534348667,0.0001668935437919572,-0.00016689357289578766,-0.003973037004470825,0.003973037004470825,0.00023367458197753876,-0.00023367481480818242,-0.00032856775214895606,0.0003285677230451256,-0.001237540040165186,0.001237540040165186,-0.003525475272908807,0.003525475040078163,0.0003505800850689411,-0.0003505800268612802,6.755899812560529e-05,-6.75589544698596e-05,-0.0003148200048599392,0.0003148199466522783,-0.0002981004654429853,0.00029810043633915484,0.0016971766017377377,-0.0016971766017377377],[0.011332448571920395,-0.01133244950324297,0.010875404812395573,-0.010875404812395573,0.01775994524359703,-0.016759946942329407,0.001369021600112319,-0.001369021600112319,0.003203767351806164,-0.003203767351806164,0.001160084968432784,-0.0011600835714489222,0.0013244192814454436,-0.0013244190486148,0.004522566683590412,-0.004522566683590412,0.004680199548602104,-0.0046802000142633915,-7.704852032475173e-05,7.704854942858219e-05,0.0008334282319992781,-0.0008334283484145999,0.0026213207747787237,-0.00262132054194808,-0.0008634338155388832,0.000863433990161866,0.0017178310081362724,-0.0017178300768136978,-0.000261694221990183,0.00026169439661316574,0.0007099476060830057,-0.0007099477807059884,-0.00033983876346610487,0.0003398384724278003,-0.0004825510550290346,0.0004825510550290346,0.0025746244937181473,-0.0025746244937181473,-0.00023610169591847807,0.00023610179778188467,0.00019980769138783216,-0.0001998076622840017,0.0009481919696554542,-0.0009481919696554542,0.002446583006531,-0.002446583006531,-0.0002938997931778431,0.0002938997058663517,-0.00031403879984281957,0.00031403882894665003,0.0012191999703645706,-0.0012191999703645706,0.001108389813452959,-0.001108389813452959,0.0009554343414492905,-0.0009554342832416296],[-0.011332448571920395,0.01133244950324297,-0.010875403881072998,0.010875403881072998,-0.016759946942329407,0.01775994524359703,-0.001369021600112319,0.001369021600112319,-0.003203767351806164,0.003203767351806164,-0.001160084968432784,0.0011600835714489222,-0.0013244192814454436,0.0013244190486148,-0.004522566683590412,0.004522566683590412,-0.004680199548602104,0.0046802000142633915,7.704852032475173e-05,-7.704854942858219e-05,-0.0008334282319992781,0.0008334283484145999,-0.0026213207747787237,0.00262132054194808,0.0008634338155388832,-0.000863433990161866,-0.0017178310081362724,0.0017178300768136978,0.000261694221990183,-0.00026169439661316574,-0.0007099476060830057,0.0007099477807059884,0.00033983876346610487,-0.0003398384724278003,0.0004825510550290346,-0.0004825510550290346,-0.0025746244937181473,0.0025746244937181473,0.00023610169591847807,-0.00023610179778188467,-0.00019980769138783216,0.0001998076622840017,-0.0009481919696554542,0.0009481919696554542,-0.002446583006531,0.002446583006531,0.0002938997931778431,-0.0002938997058663517,0.00031403879984281957,-0.00031403882894665003,-0.0012191999703645706,0.0012191999703645706,-0.001108389813452959,0.001108389813452959,-0.0009554343414492905,0.0009554342832416296],[0.0009472109377384186,-0.0009472107049077749,0.002742297248914838,-0.002742297248914838,0.001369021600112319,-0.001369021600112319,0.010955237783491611,-0.009955236688256264,0.001842276775278151,-0.0018422771245241165,-0.0006805762532167137,0.0006805762532167137,0.0038769952952861786,-0.003876995062455535,-0.001853167894296348,0.00185316801071167,0.005476539023220539,-0.005476539023220539,0.0029739614110440016,-0.0029739616438746452,-0.0004840015899389982,0.00048400124069303274,0.0011334926821291447,-0.0011334925657138228,0.00021107180509716272,-0.00021107186330482364,0.00022867035295348614,-0.00022867004736326635,0.0001537309872219339,-0.00015373100177384913,-0.001287743216380477,0.001287743216380477,4.457128670765087e-05,-4.45711993961595e-05,-0.0003623733064159751,0.0003623732191044837,-0.0008576058316975832,0.0008576057152822614,-2.5715829906403087e-05,2.5715817173477262e-05,-1.058870111592114e-06,1.0588628356344998e-06,7.010168337728828e-05,-7.010172703303397e-05,0.00026702333707362413,-0.00026702333707362413,-7.18439114280045e-05,7.184394780779257e-05,-0.00031418073922395706,0.0003141807683277875,-0.00046057242434471846,0.0004605724534485489,-8.478471863782033e-05,8.478469680994749e-05,-0.0005499286926351488,0.0005499286926351488],[-0.0009472109377384186,0.0009472104720771313,-0.0027422967832535505,0.0027422967832535505,-0.001369021600112319,0.001369021600112319,-0.009955236688256264,0.010955235920846462,-0.0018422764260321856,0.0018422768916934729,0.0006805765442550182,-0.0006805765442550182,-0.0038769952952861786,0.0038769952952861786,0.0018531677778810263,-0.0018531677778810263,-0.005476539488881826,0.005476539023220539,-0.0029739616438746452,0.0029739621095359325,0.00048400170635432005,-0.0004840015317313373,-0.0011334926821291447,0.001133492449298501,-0.0002110720961354673,0.00021107186330482364,-0.00022867046936880797,0.0002286702219862491,-0.0001537306234240532,0.0001537306234240532,0.0012877429835498333,-0.0012877429835498333,-4.4571243051905185e-05,4.45711484644562e-05,0.0003623732482083142,-0.0003623732191044837,0.0008576058316975832,-0.0008576057152822614,2.5715920855873264e-05,-2.571590812294744e-05,1.0588391887722537e-06,-1.0588464647298679e-06,-7.010181434452534e-05,7.010182162048295e-05,-0.0002670232788659632,0.0002670232788659632,7.184390415204689e-05,-7.18439114280045e-05,0.000314180797431618,-0.000314180797431618,0.00046057236613705754,-0.00046057236613705754,8.478477684548125e-05,-8.478476229356602e-05,0.000549928518012166,-0.0005499284598045051],[0.0017658805008977652,-0.0017658803844824433,0.011781911365687847,-0.011781911365687847,0.003203767351806164,-0.003203767351806164,0.001842276775278151,-0.0018422764260321856,0.00887414813041687,-0.007874147966504097,0.0004412868293002248,-0.0004412865382619202,0.0022288435138761997,-0.0022288435138761997,0.002494008745998144,-0.0024940092116594315,-0.0025863966438919306,0.0025863959453999996,-0.0003249587898608297,0.0003249587898608297,0.0003252652822993696,-0.0003252654569223523,0.0015734692569822073,-0.0015734693733975291,-0.0007616101647727191,0.0007616102229803801,-0.0025865330826491117,0.0025865330826491117,1.0815143468789756e-05,-1.0815158020704985e-05,-0.0012310952879488468,0.0012310952879488468,-8.096179226413369e-05,8.096160308923572e-05,-0.00013970550207886845,0.00013970551663078368,0.0005768327973783016,-0.0005768327973783016,-9.958392911357805e-05,9.958405280485749e-05,-8.821592928143218e-05,8.821592928143218e-05,0.0003705883282236755,-0.0003705883282236755,0.0003260755038354546,-0.0003260755038354546,-7.990691665327176e-05,7.99068802734837e-05,-0.00011894154886249453,0.0001189415343105793,0.00021125521743670106,-0.00021125524654053152,-0.00030369573505595326,0.00030369573505595326,0.0003997952735517174,-0.00039979524444788694],[-0.0017658803844824433,0.0017658803844824433,-0.011781911365687847,0.011781911365687847,-0.003203767351806164,0.003203767351806164,-0.0018422771245241165,0.0018422768916934729,-0.007874147966504097,0.008874147199094296,-0.0004412863636389375,0.0004412861308082938,-0.0022288435138761997,0.0022288435138761997,-0.002494008280336857,0.002494008745998144,0.002586397808045149,-0.002586397109553218,0.00032495864434167743,-0.0003249586734455079,-0.0003252654569223523,0.00032526557333767414,-0.0015734696062281728,0.001573469489812851,0.000761610281188041,-0.000761610281188041,0.002586532849818468,-0.0025865330826491117,-1.0815252608153969e-05,1.0815158020704985e-05,0.0012310950551182032,-0.0012310950551182032,8.096176316030324e-05,-8.096163219306618e-05,0.00013970550207886845,-0.00013970554573461413,-0.0005768329720012844,0.0005768329137936234,9.958391456166282e-05,-9.958396549336612e-05,8.82158346939832e-05,-8.821586379781365e-05,-0.0003705883282236755,0.0003705883282236755,-0.00032607553293928504,0.00032607553293928504,7.99069894128479e-05,-7.990693848114461e-05,0.00011894156341440976,-0.00011894154158653691,-0.00021125524654053152,0.00021125524654053152,0.0003036957932636142,-0.0003036957932636142,-0.0003997951280325651,0.0003997951280325651],[0.0013669381150975823,-0.001366938347928226,-0.0019071493297815323,0.0019071493297815323,0.001160084968432784,-0.001160084968432784,-0.0006805762532167137,0.0006805765442550182,0.0004412868293002248,-0.0004412863636389375,0.004784520715475082,-0.0037845205515623093,0.0003885200712829828,-0.0003885200130753219,0.00030818249797448516,-0.00030818264349363744,0.001227926230058074,-0.001227926230058074,-0.0008411704911850393,0.0008411706076003611,0.0013524779351428151,-0.0013524781679734588,0.0006752288318239152,-0.0006752289482392371,-0.0002889410825446248,0.0002889410825446248,-0.001526983454823494,0.0015269836876541376,0.0005774087621830404,-0.0005774088203907013,3.695300256367773e-05,-3.695295890793204e-05,0.000460940325865522,-0.000460940325865522,0.0002674759889487177,-0.00026747595984488726,0.0003956706204917282,-0.0003956706204917282,0.0003808112523984164,-0.0003808112523984164,9.778125968296081e-05,-9.778124513104558e-05,0.00033094576792791486,-0.00033094576792791486,0.0005804095999337733,-0.0005804096581414342,0.00030119973234832287,-0.00030119973234832287,0.0001400947803631425,-0.00014009480946697295,0.00018418559920974076,-0.00018418559920974076,0.00043374591041356325,-0.0004337458813097328,-0.0001513900642748922,0.00015139009337872267],[-0.0013669368345290422,0.0013669361360371113,0.0019071499118581414,-0.0019071499118581414,-0.0011600835714489222,0.0011600835714489222,0.0006805762532167137,-0.0006805765442550182,-0.0004412865382619202,0.0004412861308082938,-0.0037845205515623093,0.0047845193184912205,-0.00038851966382935643,0.00038851966382935643,-0.0003081824688706547,0.00030818238155916333,-0.0012279258808121085,0.0012279259972274303,0.0008411702001467347,-0.0008411704329773784,-0.0013524775858968496,0.0013524778187274933,-0.0006752286572009325,0.0006752287154085934,0.00028894090792164207,-0.00028894090792164207,0.0015269831055775285,-0.0015269833384081721,-0.0005774088785983622,0.0005774089368060231,-3.695281338877976e-05,3.6952769733034074e-05,-0.0004609403549693525,0.0004609403549693525,-0.00026747610536403954,0.00026747616357170045,-0.00039567030034959316,0.00039567030034959316,-0.00038081128150224686,0.0003808113106060773,-9.778128878679127e-05,9.778131061466411e-05,-0.0003309455350972712,0.0003309455350972712,-0.0005804093088954687,0.0005804093088954687,-0.0003011997905559838,0.0003011997905559838,-0.00014009480946697295,0.00014009476581122726,-0.00018418552645016462,0.00018418552645016462,-0.0004337459977250546,0.0004337459395173937,0.00015139007882680744,-0.00015139009337872267],[0.0011968222679570317,-0.0011968223843723536,0.0014777329051867127,-0.0014777329051867127,0.0013244192814454436,-0.0013244192814454436,0.0038769952952861786,-0.0038769952952861786,0.0022288435138761997,-0.0022288435138761997,0.0003885200712829828,-0.00038851966382935643,0.008276293985545635,-0.007276295218616724,0.0014548731269314885,-0.0014548732433468103,0.002764298813417554,-0.0027642990462481976,0.0002930266782641411,-0.000293026736471802,0.0006614557933062315,-0.0006614557933062315,0.0007758575957268476,-0.0007758577703498304,0.00030266097746789455,-0.00030266086105257273,-0.003742399625480175,0.0037424005568027496,0.00028225898859091103,-0.00028225890127941966,-0.0009527797228656709,0.0009527797228656709,0.00012324965791776776,-0.00012324968702159822,-0.00013441985356621444,0.00013441991177387536,-0.0005325475940480828,0.0005325475940480828,1.7163867596536875e-05,-1.716382394079119e-05,-9.337360097561032e-05,9.337360825156793e-05,0.00034675479400902987,-0.0003467547649051994,0.0011366389226168394,-0.0011366389226168394,1.8763232219498605e-05,-1.876322494354099e-05,-0.00014287741214502603,0.00014287738304119557,-0.00042175661656074226,0.00042175661656074226,0.00012619512563105673,-0.00012619512563105673,-5.516687087947503e-05,5.51668563275598e-05],[-0.0011968223843723536,0.0011968225007876754,-0.0014777329051867127,0.0014777329051867127,-0.0013244190486148,0.0013244190486148,-0.003876995062455535,0.0038769952952861786,-0.0022288435138761997,0.0022288435138761997,-0.0003885200130753219,0.00038851966382935643,-0.007276295218616724,0.00827629491686821,-0.0014548731269314885,0.0014548732433468103,-0.002764298813417554,0.0027642990462481976,-0.0002930266782641411,0.000293026736471802,-0.0006614557933062315,0.0006614557933062315,-0.0007758575957268476,0.0007758577703498304,-0.00030266097746789455,0.00030266086105257273,0.003742399625480175,-0.0037424005568027496,-0.00028225898859091103,0.00028225890127941966,0.0009527797228656709,-0.0009527797228656709,-0.00012324965791776776,0.00012324968702159822,0.00013441985356621444,-0.00013441991177387536,0.0005325475940480828,-0.0005325475940480828,-1.7163867596536875e-05,1.716382394079119e-05,9.337360097561032e-05,-9.337360825156793e-05,-0.00034675479400902987,0.0003467547649051994,-0.0011366389226168394,0.0011366389226168394,-1.8763232219498605e-05,1.876322494354099e-05,0.00014287741214502603,-0.00014287738304119557,0.00042175661656074226,-0.00042175661656074226,-0.00012619512563105673,0.00012619512563105673,5.516687087947503e-05,-5.51668563275598e-05],[0.008920889347791672,-0.008920889347791672,0.008464365266263485,-0.008464365266263485,0.004522566683590412,-0.004522566683590412,-0.001853167894296348,0.0018531677778810263,0.002494008745998144,-0.002494008280336857,0.00030818249797448516,-0.0003081824688706547,0.0014548731269314885,-0.0014548731269314885,0.008962174877524376,-0.007962173782289028,0.00416393531486392,-0.00416393531486392,-0.0015437548281624913,0.0015437548281624913,0.0004255358362570405,-0.00042553612729534507,0.0016033686697483063,-0.0016033685533329844,-0.0006540002068504691,0.0006540002068504691,0.0005238023004494607,-0.0005238016601651907,-0.00020361437054816633,0.00020361434144433588,-0.00043332227505743504,0.0004333222459536046,-0.00011942920536966994,0.00011942917626583949,-0.0003495202399790287,0.0003495202399790287,0.00012373783101793379,-0.00012373783101793379,-0.00011010414164047688,0.00011010414164047688,-2.210246748290956e-05,2.2102438379079103e-05,-1.8168779206462204e-05,1.8168779206462204e-05,-0.00012656980834435672,0.00012656980834435672,-9.939130541170016e-05,9.93912763078697e-05,-0.0003095487772952765,0.00030954874819144607,-0.00033178096055053174,0.00033178096055053174,-0.00027963423053734004,0.0002796342014335096,0.00056265271268785,-0.00056265271268785],[-0.008920889347791672,0.008920889347791672,-0.00846436619758606,0.00846436619758606,-0.004522566683590412,0.004522566683590412,0.00185316801071167,-0.0018531677778810263,-0.0024940092116594315,0.002494008745998144,-0.00030818264349363744,0.00030818238155916333,-0.0014548732433468103,0.0014548732433468103,-0.007962173782289028,0.00896217580884695,-0.00416393531486392,0.00416393531486392,0.0015437548281624913,-0.0015437548281624913,-0.0004255358362570405,0.00042553612729534507,-0.0016033686697483063,0.0016033685533329844,0.0006540002068504691,-0.0006540002068504691,-0.0005238023004494607,0.0005238016601651907,0.00020361437054816633,-0.00020361434144433588,0.00043332227505743504,-0.0004333222459536046,0.00011942920536966994,-0.00011942917626583949,0.0003495202399790287,-0.0003495202399790287,-0.00012373783101793379,0.00012373783101793379,0.00011010414164047688,-0.00011010414164047688,2.210246748290956e-05,-2.2102438379079103e-05,1.8168779206462204e-05,-1.8168779206462204e-05,0.00012656980834435672,-0.00012656980834435672,9.939130541170016e-05,-9.93912763078697e-05,0.0003095487772952765,-0.00030954874819144607,0.00033178096055053174,-0.00033178096055053174,0.00027963423053734004,-0.0002796342014335096,-0.00056265271268785,0.00056265271268785],[0.007972057908773422,-0.007972056977450848,0.005768308881670237,-0.005768308881670237,0.004680199548602104,-0.004680199548602104,0.005476539023220539,-0.005476539488881826,-0.0025863966438919306,0.002586397808045149,0.001227926230058074,-0.0012279258808121085,0.002764298813417554,-0.002764298813417554,0.00416393531486392,-0.00416393531486392,0.008126139640808105,-0.007126139476895332,-0.0004155058413743973,0.00041550601599738,0.001064915326423943,-0.0010649156756699085,0.0023720706813037395,-0.002372070914134383,-0.0001995669153984636,0.00019956697360612452,-0.0009889171924442053,0.0009889176581054926,0.0010579710360616446,-0.0010579710360616446,0.0004822045157197863,-0.0004822046321351081,0.0003246052947361022,-0.0003246053820475936,-0.00022663747949991375,0.00022663746494799852,0.0004371397662907839,-0.0004371397371869534,0.0001920380163937807,-0.00019203794363420457,0.00024458186817355454,-0.00024458186817355454,0.0004988472210243344,-0.0004988472210243344,0.0015438876580446959,-0.0015438876580446959,7.930966967251152e-05,-7.930972788017243e-05,-0.00030874754884280264,0.0003087475779466331,-2.9814531444571912e-05,2.981456054840237e-05,0.0005870501627214253,-0.0005870502209290862,6.403890438377857e-05,-6.403893348760903e-05],[-0.007972057908773422,0.007972056977450848,-0.005768309347331524,0.005768309347331524,-0.0046802000142633915,0.0046802000142633915,-0.005476539023220539,0.005476539023220539,0.0025863959453999996,-0.002586397109553218,-0.001227926230058074,0.0012279259972274303,-0.0027642990462481976,0.0027642990462481976,-0.00416393531486392,0.00416393531486392,-0.007126139476895332,0.008126139640808105,0.0004155058122705668,-0.00041550601599738,-0.0010649150935932994,0.0010649150935932994,-0.002372070448473096,0.002372070448473096,0.0001995668571908027,-0.00019956690084654838,0.000988917425274849,-0.0009889182401821017,-0.001057970803231001,0.001057970803231001,-0.00048220434109680355,0.000482204370200634,-0.0003246052947361022,0.0003246054402552545,0.0002266374503960833,-0.00022663743584416807,-0.0004371396789792925,0.0004371396789792925,-0.00019203797273803502,0.00019203789997845888,-0.00024458192638121545,0.00024458192638121545,-0.0004988471628166735,0.0004988471628166735,-0.0015438874252140522,0.0015438874252140522,-7.930970605229959e-05,7.930972788017243e-05,0.00030874754884280264,-0.0003087475779466331,2.9814429581165314e-05,-2.981445868499577e-05,-0.0005870502209290862,0.0005870502209290862,-6.403900624718517e-05,6.403900624718517e-05],[0.000138781062560156,-0.000138781062560156,-0.0031815418042242527,0.0031815418042242527,-7.704852032475173e-05,7.704852032475173e-05,0.0029739614110440016,-0.0029739616438746452,-0.0003249587898608297,0.00032495864434167743,-0.0008411704911850393,0.0008411702001467347,0.0002930266782641411,-0.0002930266782641411,-0.0015437548281624913,0.0015437548281624913,-0.0004155058413743973,0.0004155058122705668,0.010516887530684471,-0.009516887366771698,-0.0008496622904203832,0.0008496621740050614,0.0003782790736295283,-0.0003782791900448501,-0.00017468203441239893,0.00017468209262005985,0.00017128384206444025,-0.0001712838129606098,0.000624146603513509,-0.0006241468945518136,0.0013380381278693676,-0.0013380380114540458,0.00015069333312567323,-0.00015069289656821638,0.0006259643123485148,-0.0006259644287638366,-0.0014173953095450997,0.001417395193129778,0.00015837512910366058,-0.0001583751873113215,0.0008349737618118525,-0.0008349738200195134,-0.0003527540829963982,0.0003527539665810764,-0.0006789489998482168,0.0006789489416405559,0.00010702524741645902,-0.00010702518920879811,0.000397905008867383,-0.00039790492155589163,-0.00015604391228407621,0.00015604391228407621,0.0001788354420568794,-0.00017883541295304894,-0.00032239381107501686,0.0003223938401788473],[-0.00013878080062568188,0.0001387803058605641,0.0031815427355468273,-0.0031815427355468273,7.704854942858219e-05,-7.704854942858219e-05,-0.0029739616438746452,0.0029739621095359325,0.0003249587898608297,-0.0003249586734455079,0.0008411706076003611,-0.0008411704329773784,-0.000293026736471802,0.000293026736471802,0.0015437548281624913,-0.0015437548281624913,0.00041550601599738,-0.00041550601599738,-0.009516887366771698,0.01051688939332962,0.000849662406835705,-0.000849662406835705,-0.00037827916094101965,0.0003782791318371892,0.00017468217993155122,-0.00017468217993155122,-0.00017128333274740726,0.00017128327453974634,-0.0006241470691747963,0.0006241471855901182,-0.001338038593530655,0.001338038593530655,-0.00015069349319674075,0.000150693318573758,-0.0006259644287638366,0.0006259644869714975,0.001417395193129778,-0.001417395193129778,-0.0001583751436555758,0.00015837527462281287,-0.0008349738782271743,0.0008349738200195134,0.0003527541412040591,-0.0003527541703078896,0.0006789489998482168,-0.0006789489998482168,-0.00010702524741645902,0.00010702518920879811,-0.00039790497976355255,0.00039790503797121346,0.00015604397049173713,-0.00015604391228407621,-0.0001788353838492185,0.00017883541295304894,0.0003223938983865082,-0.0003223939274903387],[0.0013438159367069602,-0.0013438159367069602,0.00010222429409623146,-0.00010222429409623146,0.0008334282319992781,-0.0008334282319992781,-0.0004840015899389982,0.00048400170635432005,0.0003252652822993696,-0.0003252654569223523,0.0013524779351428151,-0.0013524775858968496,0.0006614557933062315,-0.0006614557933062315,0.0004255358362570405,-0.0004255358362570405,0.001064915326423943,-0.0010649150935932994,-0.0008496622904203832,0.000849662406835705,0.0026909643784165382,-0.001690963632427156,0.0004700853896792978,-0.0004700854478869587,0.00014504429418593645,-0.00014504435239359736,-0.00018583102792035788,0.0001858311879914254,0.0007111078593879938,-0.0007111078593879938,0.0005646718200296164,-0.0005646717618219554,0.00036768027348443866,-0.0003676802443806082,0.0003047033678740263,-0.0003047033678740263,0.0002353566960664466,-0.00023535666696261615,0.0002705119550228119,-0.0002705120132304728,0.00013455373118631542,-0.00013455376029014587,-5.7316210586577654e-05,5.731620331062004e-05,0.00019322642765473574,-0.0001932264567585662,0.00019458936003502458,-0.00019458936003502458,0.0001293422537855804,-0.00012934222468174994,-0.00027809065068140626,0.0002780906797852367,2.029124880209565e-05,-2.0291234250180423e-05,-0.0002863290428649634,0.0002863290428649634],[-0.0013438161695376039,0.0013438165187835693,-0.00010222545824944973,0.00010222545824944973,-0.0008334283484145999,0.0008334283484145999,0.00048400124069303274,-0.0004840015317313373,-0.0003252654569223523,0.00032526557333767414,-0.0013524781679734588,0.0013524778187274933,-0.0006614557933062315,0.0006614557933062315,-0.00042553612729534507,0.00042553612729534507,-0.0010649156756699085,0.0010649150935932994,0.0008496621740050614,-0.000849662406835705,-0.001690963632427156,0.002690963912755251,-0.00047008541878312826,0.0004700854769907892,-0.000145044265082106,0.00014504427963402122,0.00018583091150503606,-0.00018583110067993402,-0.0007111079175956547,0.0007111079758033156,-0.0005646718782372773,0.0005646718782372773,-0.00036768021527677774,0.0003676801861729473,-0.0003047033678740263,0.0003047034260816872,-0.00023535675427410752,0.00023535672517027706,-0.0002705118677113205,0.000270511896815151,-0.00013455378939397633,0.0001345537748420611,5.7316057791467756e-05,-5.731605051551014e-05,-0.00019322660227771848,0.00019322663138154894,-0.0001945893163792789,0.0001945893163792789,-0.00012934228288941085,0.00012934228288941085,0.00027809059247374535,-0.0002780906215775758,-2.029136521741748e-05,2.029135066550225e-05,0.0002863291010726243,-0.0002863291010726243],[0.00540893105790019,-0.005408930592238903,0.005901480093598366,-0.005901480093598366,0.0026213207747787237,-0.0026213207747787237,0.0011334926821291447,-0.0011334926821291447,0.0015734692569822073,-0.0015734696062281728,0.0006752288318239152,-0.0006752286572009325,0.0007758575957268476,-0.0007758575957268476,0.0016033686697483063,-0.0016033686697483063,0.0023720706813037395,-0.002372070448473096,0.0003782790736295283,-0.00037827916094101965,0.0004700853896792978,-0.00047008541878312826,0.0033939529675990343,-0.002393952338024974,-0.0011108071776106954,0.0011108070611953735,-0.0008791364380158484,0.0008791367872618139,0.00027498474810272455,-0.0002749848645180464,0.0011890657478943467,-0.0011890657478943467,5.44057329534553e-05,-5.440580571303144e-05,1.1696058209054172e-05,-1.1696152796503156e-05,0.0005819715443067253,-0.0005819714860990644,-9.630733984522521e-06,9.630739441490732e-06,0.0005048919119872153,-0.0005048918537795544,-2.3385251552099362e-05,2.3385244276141748e-05,0.000562814180739224,-0.000562814180739224,-2.1638556063408032e-05,2.163857607229147e-05,-4.639534745365381e-05,4.639539838535711e-05,9.35715579544194e-05,-9.35715579544194e-05,8.314954902743921e-05,-8.314957813126966e-05,0.00031300479895435274,-0.0003130047698505223],[-0.005408930592238903,0.005408930592238903,-0.0059014796279370785,0.0059014796279370785,-0.00262132054194808,0.00262132054194808,-0.0011334925657138228,0.001133492449298501,-0.0015734693733975291,0.001573469489812851,-0.0006752289482392371,0.0006752287154085934,-0.0007758577703498304,0.0007758577703498304,-0.0016033685533329844,0.0016033685533329844,-0.002372070914134383,0.002372070448473096,-0.0003782791900448501,0.0003782791318371892,-0.0004700854478869587,0.0004700854769907892,-0.002393952338024974,0.003393953200429678,0.0011108070611953735,-0.0011108070611953735,0.0008791364962235093,-0.0008791368454694748,-0.00027498480631038547,0.00027498480631038547,-0.0011890657478943467,0.0011890656314790249,-5.440561653813347e-05,5.440569293568842e-05,-1.1696196452248842e-05,1.1696356523316354e-05,-0.000581971718929708,0.000581971718929708,9.630794011172839e-06,-9.63074307946954e-06,-0.0005048919119872153,0.0005048918537795544,2.3385222448268905e-05,-2.3385222448268905e-05,-0.0005628142389468849,0.0005628142389468849,2.1638617909047753e-05,-2.1638608814100735e-05,4.6395281970035285e-05,-4.639527469407767e-05,-9.357162343803793e-05,9.357161616208032e-05,-8.314963633893058e-05,8.314966544276103e-05,-0.00031300491536967456,0.000313004944473505],[1.1765645467676222e-05,-1.1765616363845766e-05,0.0037406946066766977,-0.0037406946066766977,-0.0008634338155388832,0.0008634338155388832,0.00021107180509716272,-0.0002110720961354673,-0.0007616101647727191,0.000761610281188041,-0.0002889410825446248,0.00028894090792164207,0.00030266097746789455,-0.00030266097746789455,-0.0006540002068504691,0.0006540002068504691,-0.0001995669153984636,0.0001995668571908027,-0.00017468203441239893,0.00017468217993155122,0.00014504429418593645,-0.000145044265082106,-0.0011108071776106954,0.0011108070611953735,0.0035660830326378345,-0.0025660828687250614,8.887166040949523e-05,-8.887166040949523e-05,0.00010825390199897811,-0.00010825390199897811,0.00017956015653908253,-0.00017956015653908253,9.545111970510334e-05,-9.545111970510334e-05,0.00019111984875053167,-0.00019111984875053167,0.0009303037077188492,-0.0009303035913035274,0.00012037817214149982,-0.00012037817941745743,0.00023237650748342276,-0.00023237650748342276,0.000319203914841637,-0.000319203914841637,0.00031704193679615855,-0.00031704193679615855,8.429636363871396e-05,-8.429636363871396e-05,0.0002365847467444837,-0.00023658473219256848,0.000532870995812118,-0.000532870995812118,9.821846106206067e-06,-9.821833373280242e-06,-0.00017722920165397227,0.00017722920165397227],[-1.176548539660871e-05,1.176548539660871e-05,-0.0037406946066766977,0.0037406946066766977,0.000863433990161866,-0.000863433990161866,-0.00021107186330482364,0.00021107186330482364,0.0007616102229803801,-0.000761610281188041,0.0002889410825446248,-0.00028894090792164207,-0.00030266086105257273,0.00030266086105257273,0.0006540002068504691,-0.0006540002068504691,0.00019956697360612452,-0.00019956690084654838,0.00017468209262005985,-0.00017468217993155122,-0.00014504435239359736,0.00014504427963402122,0.0011108070611953735,-0.0011108070611953735,-0.0025660828687250614,0.0035660825669765472,-8.887177682481706e-05,8.887157309800386e-05,-0.00010825380013557151,0.0001082537928596139,-0.00017956017109099776,0.00017956012743525207,-9.54510469455272e-05,9.54510469455272e-05,-0.00019111981964670122,0.00019111983419861645,-0.0009303037659265101,0.0009303037077188492,-0.00012037820852128789,0.0001203782157972455,-0.00023237652203533798,0.00023237650748342276,-0.00031920397304929793,0.00031920394394546747,-0.00031704193679615855,0.000317041965899989,-8.429634908679873e-05,8.429634181084111e-05,-0.00023658477584831417,0.00023658476129639894,-0.000532870995812118,0.000532870995812118,-9.821911589824595e-06,9.821902494877577e-06,0.0001772291725501418,-0.0001772291725501418],[0.00023607799084857106,-0.00023607845650985837,-0.0038187236059457064,0.0038187236059457064,0.0017178310081362724,-0.0017178310081362724,0.00022867035295348614,-0.00022867046936880797,-0.0025865330826491117,0.002586532849818468,-0.001526983454823494,0.0015269831055775285,-0.003742399625480175,0.003742399625480175,0.0005238023004494607,-0.0005238023004494607,-0.0009889171924442053,0.000988917425274849,0.00017128384206444025,-0.00017128333274740726,-0.00018583102792035788,0.00018583091150503606,-0.0008791364380158484,0.0008791364962235093,8.887166040949523e-05,-8.887177682481706e-05,0.008744722232222557,-0.007744721602648497,-0.001283752266317606,0.0012837523827329278,-0.0011199937434867024,0.0011199937434867024,-0.0005696348380297422,0.0005696348380297422,-0.0005471049807965755,0.0005471049225889146,-0.00017626813496463,0.00017626813496463,-0.00043282692786306143,0.00043282692786306143,-0.00017335642769467086,0.00017335642769467086,-5.731350393034518e-05,5.731350393034518e-05,0.0004739417927339673,-0.0004739417927339673,-0.0003170439158566296,0.0003170439158566296,-0.0002653613919392228,0.00026536142104305327,3.3926065952982754e-05,-3.392607322894037e-05,0.0006954909767955542,-0.0006954909767955542,0.0004160634707659483,-0.00041606349986977875],[-0.00023607717594131827,0.00023607746697962284,0.0038187247700989246,-0.0038187247700989246,-0.0017178300768136978,0.0017178300768136978,-0.00022867004736326635,0.0002286702219862491,0.0025865330826491117,-0.0025865330826491117,0.0015269836876541376,-0.0015269833384081721,0.0037424005568027496,-0.0037424005568027496,-0.0005238016601651907,0.0005238016601651907,0.0009889176581054926,-0.0009889182401821017,-0.0001712838129606098,0.00017128327453974634,0.0001858311879914254,-0.00018583110067993402,0.0008791367872618139,-0.0008791368454694748,-8.887166040949523e-05,8.887157309800386e-05,-0.007744721602648497,0.008744718506932259,0.0012837524991482496,-0.0012837524991482496,0.001119994092732668,-0.001119994092732668,0.0005696349544450641,-0.0005696349544450641,0.0005471052718348801,-0.0005471052136272192,0.00017626842600293458,-0.00017626842600293458,0.00043282710248604417,-0.00043282710248604417,0.0001733565586619079,-0.0001733565586619079,5.7313583965878934e-05,-5.7313583965878934e-05,-0.0004739412688650191,0.0004739412688650191,0.000317044003168121,-0.000317044003168121,0.0002653615374583751,-0.0002653615374583751,-3.392590588191524e-05,3.392589860595763e-05,-0.0006954906275495887,0.0006954905693419278,-0.0004160634125582874,0.00041606344166211784],[0.0007256590761244297,-0.0007256587268784642,0.0007105461554601789,-0.0007105461554601789,-0.000261694221990183,0.000261694221990183,0.0001537309872219339,-0.0001537306234240532,1.0815143468789756e-05,-1.0815252608153969e-05,0.0005774087621830404,-0.0005774088785983622,0.00028225898859091103,-0.00028225898859091103,-0.00020361437054816633,0.00020361437054816633,0.0010579710360616446,-0.001057970803231001,0.000624146603513509,-0.0006241470691747963,0.0007111078593879938,-0.0007111079175956547,0.00027498474810272455,-0.00027498480631038547,0.00010825390199897811,-0.00010825380013557151,-0.001283752266317606,0.0012837524991482496,0.0032621286809444427,-0.002262128982692957,0.0011844541877508163,-0.0011844541877508163,0.0012547483202069998,-0.0012547483202069998,0.0008588886121287942,-0.0008588886121287942,-0.001022086595185101,0.001022086595185101,0.0009293786715716124,-0.0009293785551562905,0.00032495593768544495,-0.0003249559085816145,-0.0006670159054920077,0.0006670158472843468,0.00020535278599709272,-0.0002053527714451775,0.0007364790653809905,-0.0007364790653809905,0.0005173450917936862,-0.0005173450917936862,-0.001088217832148075,0.001088217832148075,9.716538625070825e-05,-9.716538625070825e-05,-0.0001237991382367909,0.00012379916734062135],[-0.0007256586686708033,0.0007256584940478206,-0.0007105458062142134,0.0007105458062142134,0.00026169439661316574,-0.00026169439661316574,-0.00015373100177384913,0.0001537306234240532,-1.0815158020704985e-05,1.0815158020704985e-05,-0.0005774088203907013,0.0005774089368060231,-0.00028225890127941966,0.00028225890127941966,0.00020361434144433588,-0.00020361434144433588,-0.0010579710360616446,0.001057970803231001,-0.0006241468945518136,0.0006241471855901182,-0.0007111078593879938,0.0007111079758033156,-0.0002749848645180464,0.00027498480631038547,-0.00010825390199897811,0.0001082537928596139,0.0012837523827329278,-0.0012837524991482496,-0.002262128982692957,0.00326212914660573,-0.0011844543041661382,0.0011844543041661382,-0.0012547480873763561,0.001254748203791678,-0.0008588886121287942,0.0008588886121287942,0.0010220869444310665,-0.0010220869444310665,-0.0009293785551562905,0.0009293785551562905,-0.0003249559667892754,0.0003249559667892754,0.0006670159636996686,-0.0006670159054920077,-0.00020535269868560135,0.00020535269868560135,-0.0007364790653809905,0.0007364790653809905,-0.0005173451500013471,0.0005173451500013471,0.001088217832148075,-0.001088217832148075,-9.716533531900495e-05,9.716534259496257e-05,0.00012379918189253658,-0.00012379918189253658],[0.0011531554628163576,-0.0011531554628163576,-1.196365337818861e-05,1.196365337818861e-05,0.0007099476060830057,-0.0007099476060830057,-0.001287743216380477,0.0012877429835498333,-0.0012310952879488468,0.0012310950551182032,3.695300256367773e-05,-3.695281338877976e-05,-0.0009527797228656709,0.0009527797228656709,-0.00043332227505743504,0.00043332227505743504,0.0004822045157197863,-0.00048220434109680355,0.0013380381278693676,-0.001338038593530655,0.0005646718200296164,-0.0005646718782372773,0.0011890657478943467,-0.0011890657478943467,0.00017956015653908253,-0.00017956017109099776,-0.0011199937434867024,0.001119994092732668,0.0011844541877508163,-0.0011844543041661382,0.006221733056008816,-0.005221732892096043,0.0008323944639414549,-0.0008323944639414549,0.0015992302214726806,-0.0015992303378880024,0.00010379840387031436,-0.00010379822924733162,0.0006684641120955348,-0.0006684641120955348,0.0017367391847074032,-0.0017367391847074032,-0.000608937640208751,0.000608937640208751,-0.00011931116750929505,0.00011931118206121027,0.0005627719219774008,-0.0005627719219774008,0.001022577052935958,-0.001022576936520636,-0.00013070087879896164,0.00013070082059130073,-0.0003519189776852727,0.0003519189776852727,0.00027014879742637277,-0.00027014879742637277],[-0.0011531556956470013,0.0011531554628163576,1.196365337818861e-05,-1.196365337818861e-05,-0.0007099477807059884,0.0007099477807059884,0.001287743216380477,-0.0012877429835498333,0.0012310952879488468,-0.0012310950551182032,-3.695295890793204e-05,3.6952769733034074e-05,0.0009527797228656709,-0.0009527797228656709,0.0004333222459536046,-0.0004333222459536046,-0.0004822046321351081,0.000482204370200634,-0.0013380380114540458,0.001338038593530655,-0.0005646717618219554,0.0005646718782372773,-0.0011890657478943467,0.0011890656314790249,-0.00017956015653908253,0.00017956012743525207,0.0011199937434867024,-0.001119994092732668,-0.0011844541877508163,0.0011844543041661382,-0.005221732892096043,0.006221734452992678,-0.0008323945221491158,0.0008323945803567767,-0.0015992301050573587,0.0015992303378880024,-0.00010379852028563619,0.00010379840387031436,-0.0006684641120955348,0.000668