{"epoch":0,"H":[[0.022419719025492668,-0.021419718861579895,0.01015764381736517,-0.010157642886042595,0.01624416932463646,-0.01624416932463646,0.00558479456230998,-0.005584795027971268,0.009713070467114449,-0.009713070467114449,0.001176831079646945,-0.0011768300319090486,0.005188517272472382,-0.005188517272472382,0.00022853486007079482,-0.00022853534028399736,0.005147714167833328,-0.0051477146334946156,0.0012739045778289437,-0.0012739039957523346,8.077269740169868e-05,-8.077249367488548e-05,0.0066275810822844505,-0.0066275810822844505,0.0019260242115706205,-0.0019260244444012642,-0.0009325207211077213,0.0009325210703536868,-0.0023823610972613096,0.002382360864430666,-0.0020881418604403734,0.0020881418604403734,-0.0011988617479801178,0.0011988618643954396,-0.0013348829234018922,0.0013348828069865704,0.0039010150358080864,-0.0039010150358080864,-0.0008561157737858593,0.0008561157737858593,-0.0013211120385676622,0.0013211120385676622,0.0006006477633491158,-0.0006006478797644377,0.002618119353428483,-0.0026181195862591267,-0.0006056369747966528,0.0006056367419660091,-0.0007869511609897017,0.0007869511027820408,0.0022563671227544546,-0.0022563671227544546,0.0010771077359095216,-0.0010771077359095216,0.0015792043413966894,-0.0015792043413966894],[-0.021419718861579895,0.02241971716284752,-0.010157644748687744,0.010157644748687744,-0.01624416932463646,0.01624416932463646,-0.00558479456230998,0.005584795027971268,-0.009713067673146725,0.009713069535791874,-0.0011768311960622668,0.0011768301483243704,-0.005188516341149807,0.005188516341149807,-0.00022853640257380903,0.00022853643167763948,-0.005147714167833328,0.0051477146334946156,-0.001273904461413622,0.0012739041121676564,-8.077252277871594e-05,8.077243546722457e-05,-0.0066275810822844505,0.0066275810822844505,-0.0019260235130786896,0.0019260235130786896,0.0009325204882770777,-0.0009325208375230432,0.0023823613300919533,-0.0023823613300919533,0.002088141394779086,-0.0020881416276097298,0.001198861631564796,-0.0011988615151494741,0.0013348828069865704,-0.0013348826905712485,-0.003901014570146799,0.0039010150358080864,0.000856116006616503,-0.0008561158902011812,0.0013211120385676622,-0.0013211120385676622,-0.0006006480543874204,0.0006006482290104032,-0.002618119353428483,0.0026181195862591267,0.0006056370912119746,-0.0006056367419660091,0.0007869512774050236,-0.0007869512774050236,-0.0022563671227544546,0.0022563673555850983,-0.0010771079687401652,0.0010771078523248434,-0.0015792043413966894,0.0015792042249813676],[0.01015764381736517,-0.010157644748687744,0.012015934102237225,-0.011015931144356728,0.008747810497879982,-0.008747810497879982,0.003321976400911808,-0.003321976400911808,0.008953090757131577,-0.008953090757131577,0.0025608274154365063,-0.002560826949775219,0.0013853908749297261,-0.0013853908749297261,0.007340975571423769,-0.007340975571423769,0.005842722952365875,-0.005842722952365875,0.0029124533757567406,-0.0029124533757567406,0.0007785477209836245,-0.0007785479538142681,0.004002780187875032,-0.004002780187875032,0.002860098611563444,-0.002860098611563444,0.0004448527470231056,-0.00044485251419246197,-0.0021246830001473427,0.0021246830001473427,0.0010197797091677785,-0.0010197799419984221,-0.0011826739646494389,0.0011826739646494389,0.0005336796166375279,-0.0005336797330528498,0.002379774581640959,-0.0023797748144716024,-0.0009729766752570868,0.000972976500634104,-0.0005040994146838784,0.0005040994728915393,0.0007338137947954237,-0.0007338137947954237,0.0016481514321640134,-0.001648151664994657,-0.0007107818382792175,0.0007107816636562347,0.00042673508869484067,-0.0004267352633178234,0.0017674745758995414,-0.0017674746923148632,0.0013019853504374623,-0.0013019852340221405,0.0016706821043044329,-0.001670681987889111],[-0.010157642886042595,0.010157644748687744,-0.011015931144356728,0.012015927582979202,-0.008747810497879982,0.008747810497879982,-0.0033219773322343826,0.0033219773322343826,-0.008953090757131577,0.008953089825809002,-0.0025608274154365063,0.0025608274154365063,-0.0013853899436071515,0.0013853899436071515,-0.007340975571423769,0.007340975571423769,-0.005842722486704588,0.005842722486704588,-0.0029124540742486715,0.002912454307079315,-0.0007785480702295899,0.0007785479538142681,-0.004002780187875032,0.004002779722213745,-0.002860098611563444,0.002860098611563444,-0.00044485251419246197,0.00044485239777714014,0.002124682767316699,-0.0021246825344860554,-0.0010197797091677785,0.0010197794763371348,0.0011826744303107262,-0.0011826741974800825,-0.0005336797330528498,0.0005336796748451889,-0.0023797748144716024,0.002379775047302246,0.0009729765588417649,-0.0009729763842187822,0.0005040994146838784,-0.0005040994146838784,-0.0007338139112107456,0.0007338138530030847,-0.0016481517814099789,0.0016481518978253007,0.0007107817218638957,-0.0007107817800715566,-0.0004267352633178234,0.0004267351469025016,-0.0017674749251455069,0.0017674749251455069,-0.001301985583268106,0.0013019854668527842,-0.0016706822207197547,0.0016706822207197547],[0.01624416932463646,-0.01624416932463646,0.008747810497879982,-0.008747810497879982,0.01779322884976864,-0.016793228685855865,0.008308105170726776,-0.008308105170726776,0.00537775969132781,-0.00537775969132781,0.0007154506747610867,-0.0007154506165534258,0.003340417519211769,-0.0033404179848730564,0.003184978850185871,-0.003184978850185871,0.005295479670166969,-0.005295480135828257,0.000969745684415102,-0.0009697454515844584,0.00023779686307534575,-0.00023779692128300667,0.0014278612798079848,-0.0014278612798079848,0.0018146574730053544,-0.0018146574730053544,-0.000526599062141031,0.0005265988875180483,-0.001434336300007999,0.0014343360671773553,-0.00022338565031532198,0.00022338559210766107,-0.0007936629699543118,0.0007936629699543118,-0.00031453408882953227,0.0003145340597257018,0.003704640083014965,-0.003704640083014965,-0.0005770423449575901,0.0005770421121269464,-0.0010032020509243011,0.0010032020509243011,0.00018497422570362687,-0.00018497422570362687,0.000806311029009521,-0.0008063112618401647,-0.00036057416582480073,0.0003605741076171398,-8.599691500421613e-05,8.599691500421613e-05,0.001049606129527092,-0.0010496062459424138,6.627349648624659e-05,-6.627349648624659e-05,0.0009513319237157702,-0.0009513319237157702],[-0.01624416932463646,0.01624416932463646,-0.008747810497879982,0.008747810497879982,-0.016793228685855865,0.017793230712413788,-0.00830810610204935,0.008308105170726776,-0.005377759225666523,0.005377759225666523,-0.0007154513150453568,0.0007154509075917304,-0.0033404179848730564,0.0033404179848730564,-0.003184978850185871,0.003184978850185871,-0.005295480601489544,0.005295480601489544,-0.0009697461500763893,0.0009697456262074411,-0.00023779684852343053,0.00023779690673109144,-0.0014278613962233067,0.0014278612798079848,-0.0018146572401747108,0.0018146572401747108,0.0005265990039333701,-0.0005265988875180483,0.0014343364164233208,-0.0014343360671773553,0.0002233857667306438,-0.00022338559210766107,0.0007936629699543118,-0.0007936629699543118,0.0003145341470371932,-0.0003145341179333627,-0.0037046405486762524,0.0037046405486762524,0.0005770422867499292,-0.0005770422285422683,0.0010032022837549448,-0.0010032022837549448,-0.00018497410928830504,0.00018497410928830504,-0.000806311029009521,0.000806311029009521,0.00036057422403246164,-0.00036057416582480073,8.599682769272476e-05,-8.599679858889431e-05,-0.001049606129527092,0.0010496060131117702,-6.627338007092476e-05,6.627332186326385e-05,-0.0009513319237157702,0.0009513319819234312],[0.00558479456230998,-0.00558479456230998,0.003321976400911808,-0.0033219773322343826,0.008308105170726776,-0.00830810610204935,0.0070139216259121895,-0.006013920065015554,0.002336133737117052,-0.0023361339699476957,0.0008156898547895253,-0.000815690029412508,0.0010292179649695754,-0.0010292178485542536,0.004622291773557663,-0.00462229223921895,0.00302904169075191,-0.0030290421564131975,0.0014277086593210697,-0.0014277086593210697,-0.0003880012664012611,0.0003880012664012611,0.00039994510007090867,-0.00039994510007090867,0.0040275598876178265,-0.0040275598876178265,0.001221195445396006,-0.0012211953289806843,0.0002247046650154516,-0.00022470457770396024,0.0004422656784299761,-0.00044226579484529793,5.140886059962213e-06,-5.140871508046985e-06,0.0003119040629826486,-0.00031190403387881815,0.0021802159026265144,-0.0021802159026265144,6.370269693434238e-05,-6.370271148625761e-05,-0.0007295046816579998,0.0007295046234503388,0.00017239755834452808,-0.00017239758744835854,9.963611955754459e-05,-9.963611955754459e-05,0.00019683720893226564,-0.000196837296243757,0.0003234852338209748,-0.00032348520471714437,0.0009476509876549244,-0.0009476509876549244,0.00015036927652545273,-0.00015036921831779182,0.0008769257692620158,-0.0008769257692620158],[-0.005584795027971268,0.005584795027971268,-0.003321976400911808,0.0033219773322343826,-0.008308105170726776,0.008308105170726776,-0.006013920065015554,0.00701391976326704,-0.002336133737117052,0.002336133737117052,-0.0008156899712048471,0.0008156903204508126,-0.0010292178485542536,0.0010292178485542536,-0.004622290842235088,0.004622291307896376,-0.003029042389243841,0.003029042389243841,-0.0014277086593210697,0.0014277087757363915,0.0003880003932863474,-0.0003880004514940083,-0.0003999452164862305,0.00039994518738240004,-0.0040275598876178265,0.0040275598876178265,-0.0012211949797347188,0.001221194863319397,-0.0002247047668788582,0.00022470467956736684,-0.00044226570753380656,0.00044226570753380656,-5.1410606829449534e-06,5.140929715707898e-06,-0.00031190409208647907,0.00031190409208647907,-0.0021802156697958708,0.0021802159026265144,-6.370258051902056e-05,6.370256596710533e-05,0.0007295046816579998,-0.0007295046816579998,-0.00017239745648112148,0.00017239744192920625,-9.963591583073139e-05,9.963588672690094e-05,-0.00019683716527651995,0.00019683731079567224,-0.0003234850591979921,0.000323485117405653,-0.0009476508712396026,0.0009476508130319417,-0.00015036927652545273,0.00015036923286970705,-0.0008769258856773376,0.0008769258856773376],[0.009713070467114449,-0.009713067673146725,0.008953090757131577,-0.008953090757131577,0.00537775969132781,-0.005377759225666523,0.002336133737117052,-0.002336133737117052,0.005343459080904722,-0.004343458916991949,0.0005873446352779865,-0.0005873446352779865,0.0006574054714292288,-0.0006574054132215679,0.0030304258689284325,-0.0030304258689284325,0.0011119530536234379,-0.0011119532864540815,0.0016121291555464268,-0.001612129039131105,0.0011237123981118202,-0.0011237123981118202,0.0013161636888980865,-0.0013161636888980865,0.0007303930469788611,-0.0007303929305635393,-0.0005922388518229127,0.0005922388518229127,-0.0013895512092858553,0.0013895512092858553,-8.591159712523222e-06,8.591159712523222e-06,-0.0007692897925153375,0.0007692897925153375,-0.00043506428482942283,0.00043506428482942283,0.00041712011443451047,-0.0004171201435383409,-0.0005776587058790028,0.0005776587640866637,-0.0007671678904443979,0.0007671679486520588,-0.00032743849442340434,0.00032743849442340434,-0.0005112523213028908,0.0005112522630952299,-0.00039749895222485065,0.00039749895222485065,-0.00015619146870449185,0.00015619148325640708,-4.392254049889743e-05,4.392254049889743e-05,-0.00034375005634501576,0.00034375005634501576,-0.00033016351517289877,0.0003301635733805597],[-0.009713070467114449,0.009713069535791874,-0.008953090757131577,0.008953089825809002,-0.00537775969132781,0.005377759225666523,-0.0023361339699476957,0.002336133737117052,-0.004343458916991949,0.005343458615243435,-0.0005873446352779865,0.0005873446352779865,-0.0006574054714292288,0.0006574054132215679,-0.0030304258689284325,0.0030304258689284325,-0.0011119530536234379,0.0011119532864540815,-0.0016121291555464268,0.001612129039131105,-0.0011237123981118202,0.0011237123981118202,-0.0013161636888980865,0.0013161636888980865,-0.0007303930469788611,0.0007303929305635393,0.0005922388518229127,-0.0005922388518229127,0.0013895512092858553,-0.0013895512092858553,8.591159712523222e-06,-8.591159712523222e-06,0.0007692897925153375,-0.0007692897925153375,0.00043506428482942283,-0.00043506428482942283,-0.00041712011443451047,0.0004171201435383409,0.0005776587058790028,-0.0005776587640866637,0.0007671678904443979,-0.0007671679486520588,0.00032743849442340434,-0.00032743849442340434,0.0005112523213028908,-0.0005112522630952299,0.00039749895222485065,-0.00039749895222485065,0.00015619146870449185,-0.00015619148325640708,4.392254049889743e-05,-4.392254049889743e-05,0.00034375005634501576,-0.00034375005634501576,0.00033016351517289877,-0.0003301635733805597],[0.001176831079646945,-0.0011768311960622668,0.0025608274154365063,-0.0025608274154365063,0.0007154506747610867,-0.0007154513150453568,0.0008156898547895253,-0.0008156899712048471,0.0005873446352779865,-0.0005873446352779865,0.0022696969099342823,-0.0012696976773440838,-7.695532985962927e-05,7.695521344430745e-05,0.0013623327249661088,-0.0013623327249661088,0.00020594176021404564,-0.00020594161469489336,-0.00028828627546317875,0.0002882863045670092,0.00028845659107901156,-0.0002884567657019943,0.0005135847604833543,-0.0005135847604833543,0.0015693174209445715,-0.0015693173045292497,0.0009224486420862377,-0.0009224485838785768,0.0003708529402501881,-0.00037085291114635766,0.0004941201186738908,-0.0004941200604662299,0.00018991640536114573,-0.0001899164344649762,0.0004146943974774331,-0.00041469442658126354,0.00016895579756237566,-0.00016895579756237566,0.00022285104205366224,-0.00022285105660557747,0.0002270019322168082,-0.00022700190311297774,-0.00010185977589571849,0.00010185980499954894,9.723277617013082e-05,-9.72328198258765e-05,0.00013736569962929934,-0.00013736571418121457,0.00029808375984430313,-0.0002980837889481336,-0.00016070999845396727,0.00016070999845396727,-0.00021946908964309841,0.00021946910419501364,-0.00015727509162388742,0.00015727509162388742],[-0.0011768300319090486,0.0011768301483243704,-0.002560826949775219,0.0025608274154365063,-0.0007154506165534258,0.0007154509075917304,-0.000815690029412508,0.0008156903204508126,-0.0005873446352779865,0.0005873446352779865,-0.0012696976773440838,0.002269698539748788,7.695532985962927e-05,-7.695521344430745e-05,-0.0013623327249661088,0.0013623327249661088,-0.00020594176021404564,0.00020594161469489336,0.00028828627546317875,-0.0002882863045670092,-0.00028845659107901156,0.0002884567657019943,-0.0005135847604833543,0.0005135847604833543,-0.0015693174209445715,0.0015693173045292497,-0.0009224486420862377,0.0009224485838785768,-0.0003708529402501881,0.00037085291114635766,-0.0004941201186738908,0.0004941200604662299,-0.00018991640536114573,0.0001899164344649762,-0.0004146943974774331,0.00041469442658126354,-0.00016895579756237566,0.00016895579756237566,-0.00022285104205366224,0.00022285105660557747,-0.0002270019322168082,0.00022700190311297774,0.00010185977589571849,-0.00010185980499954894,-9.723277617013082e-05,9.72328198258765e-05,-0.00013736569962929934,0.00013736571418121457,-0.00029808375984430313,0.0002980837889481336,0.00016070999845396727,-0.00016070999845396727,0.00021946908964309841,-0.00021946910419501364,0.00015727509162388742,-0.00015727509162388742],[0.005188517272472382,-0.005188516341149807,0.0013853908749297261,-0.0013853899436071515,0.003340417519211769,-0.0033404179848730564,0.0010292179649695754,-0.0010292178485542536,0.0006574054714292288,-0.0006574054714292288,-7.695532985962927e-05,7.695532985962927e-05,0.004924831911921501,-0.003924831282347441,0.00021910063514951617,-0.00021910062059760094,0.0011354924645274878,-0.0011354924645274878,0.0012653646990656853,-0.0012653645826503634,-0.0007427454111166298,0.0007427454111166298,0.00147116684820503,-0.00147116684820503,-0.0002907027374021709,0.00029070267919451,-0.0001227556203957647,0.0001227556203957647,-0.0006862423033453524,0.0006862421287223697,-2.636830322444439e-05,2.636821591295302e-05,-0.00027419504476711154,0.00027419510297477245,0.00013511022552847862,-0.00013511022552847862,0.00044107798021286726,-0.0004410780093166977,-0.00024994893465191126,0.00024994887644425035,-0.0006840846035629511,0.0006840846035629511,0.0005998986307531595,-0.0005998986307531595,2.1052168449386954e-05,-2.1052168449386954e-05,-0.00017051538452506065,0.0001705152535578236,6.549152021761984e-05,-6.549150566570461e-05,0.0007241435814648867,-0.0007241435814648867,0.00045669256360270083,-0.00045669253449887037,0.0009632940636947751,-0.0009632940636947751],[-0.005188517272472382,0.005188516341149807,-0.0013853908749297261,0.0013853899436071515,-0.0033404179848730564,0.0033404179848730564,-0.0010292178485542536,0.0010292178485542536,-0.0006574054132215679,0.0006574054132215679,7.695521344430745e-05,-7.695521344430745e-05,-0.003924831282347441,0.004924831911921501,-0.00021910063514951617,0.00021910062059760094,-0.0011354924645274878,0.0011354924645274878,-0.0012653646990656853,0.0012653645826503634,0.0007427454111166298,-0.0007427454111166298,-0.00147116684820503,0.00147116684820503,0.0002907027374021709,-0.00029070267919451,0.0001227556203957647,-0.0001227556203957647,0.0006862423033453524,-0.0006862421287223697,2.636830322444439e-05,-2.636821591295302e-05,0.00027419504476711154,-0.00027419510297477245,-0.00013511022552847862,0.00013511022552847862,-0.00044107798021286726,0.0004410780093166977,0.00024994893465191126,-0.00024994887644425035,0.0006840846035629511,-0.0006840846035629511,-0.0005998986307531595,0.0005998986307531595,-2.1052168449386954e-05,2.1052168449386954e-05,0.00017051538452506065,-0.0001705152535578236,-6.549152021761984e-05,6.549150566570461e-05,-0.0007241435814648867,0.0007241435814648867,-0.00045669256360270083,0.00045669253449887037,-0.0009632940636947751,0.0009632940636947751],[0.00022853486007079482,-0.00022853640257380903,0.007340975571423769,-0.007340975571423769,0.003184978850185871,-0.003184978850185871,0.004622291773557663,-0.004622290842235088,0.0030304258689284325,-0.0030304258689284325,0.0013623327249661088,-0.0013623327249661088,0.00021910063514951617,-0.00021910063514951617,0.011055652052164078,-0.010055650025606155,0.0021729175932705402,-0.002172917826101184,-0.000979498028755188,0.000979498028755188,-0.0003444401081651449,0.0003444399335421622,0.0008178966818377376,-0.0008178967400453985,0.0001314551627729088,-0.00013145523553248495,0.0009995698928833008,-0.0009995698928833008,0.000296620448352769,-0.000296620448352769,0.0006555789732374251,-0.0006555789150297642,0.00013748533092439175,-0.00013748533092439175,0.0002105309977196157,-0.00021053101227153093,0.0008412224124185741,-0.000841222470626235,0.00016677920939400792,-0.00016677926760166883,-0.0008603112073615193,0.0008603112073615193,-0.0002084074221784249,0.0002084074221784249,-0.0009827854810282588,0.0009827854810282588,0.0001933692255988717,-0.0001933692692546174,0.00017695644055493176,-0.00017695642600301653,-9.712884639156982e-05,9.712885366752744e-05,-9.1398018412292e-05,9.139807661995292e-05,0.0001956922496901825,-0.0001956922496901825],[-0.00022853534028399736,0.00022853643167763948,-0.007340975571423769,0.007340975571423769,-0.003184978850185871,0.003184978850185871,-0.00462229223921895,0.004622291307896376,-0.0030304258689284325,0.0030304258689284325,-0.0013623327249661088,0.0013623327249661088,-0.00021910062059760094,0.00021910062059760094,-0.010055650025606155,0.011055650189518929,-0.0021729175932705402,0.002172917826101184,0.0009794982615858316,-0.0009794982615858316,0.0003444399044383317,-0.0003444399335421622,-0.0008178967400453985,0.0008178967400453985,-0.00013145507546141744,0.0001314551627729088,-0.0009995696600526571,0.0009995696600526571,-0.00029662056476809084,0.00029662062297575176,-0.0006555787986144423,0.0006555788568221033,-0.0001374853600282222,0.0001374853600282222,-0.00021053102682344615,0.00021053107047919184,-0.0008412227034568787,0.0008412227034568787,-0.00016677932580932975,0.00016677938401699066,0.0008603112655691803,-0.0008603113237768412,0.00020840740762650967,-0.00020840739307459444,0.0009827854810282588,-0.0009827854810282588,-0.00019336925470270216,0.00019336928380653262,-0.00017695632413960993,0.00017695632413960993,9.712880273582414e-05,-9.712879545986652e-05,9.1398018412292e-05,-9.139804751612246e-05,-0.00019569242431316525,0.0001956923952093348],[0.005147714167833328,-0.005147714167833328,0.005842722952365875,-0.005842722486704588,0.005295479670166969,-0.005295480601489544,0.00302904169075191,-0.003029042389243841,0.0011119530536234379,-0.0011119530536234379,0.00020594176021404564,-0.00020594176021404564,0.0011354924645274878,-0.0011354924645274878,0.0021729175932705402,-0.0021729175932705402,0.006132928654551506,-0.005132926627993584,-0.0006623901426792145,0.0006623903173021972,0.00015341312973760068,-0.00015341310063377023,0.00016855090507306159,-0.0001685509632807225,0.0009246064582839608,-0.0009246065164916217,0.0002997805131599307,-0.00029978042584843934,-0.0019453945569694042,0.0019453945569694042,0.00037871795939281583,-0.00037871795939281583,-0.0010546870762482285,0.0010546870762482285,-0.0002788514248095453,0.0002788514248095453,0.0005210497183725238,-0.0005210497765801847,-0.000814907718449831,0.0008149076020345092,-0.000616019475273788,0.000616019475273788,0.0004360346938483417,-0.0004360346938483417,9.013136150315404e-05,-9.01313906069845e-05,-0.0007127115968614817,0.0007127114804461598,-0.0002052806521533057,0.00020528063760139048,3.7425459595397115e-05,-3.742547414731234e-05,1.4379911590367556e-06,-1.4379911590367556e-06,0.00013359877630136907,-0.00013359877630136907],[-0.0051477146334946156,0.0051477146334946156,-0.005842722952365875,0.005842722486704588,-0.005295480135828257,0.005295480601489544,-0.0030290421564131975,0.003029042389243841,-0.0011119532864540815,0.0011119532864540815,-0.00020594161469489336,0.00020594161469489336,-0.0011354924645274878,0.0011354924645274878,-0.002172917826101184,0.002172917826101184,-0.005132926627993584,0.006132928654551506,0.0006623901426792145,-0.0006623903755098581,-0.00015341289690695703,0.00015341286780312657,-0.0001685510214883834,0.0001685510214883834,-0.0009246066911146045,0.0009246066329069436,-0.0002997808041982353,0.00029978074599057436,0.0019453945569694042,-0.0019453945569694042,-0.000378717842977494,0.00037871787208132446,0.0010546869598329067,-0.0010546869598329067,0.0002788515412248671,-0.0002788515412248671,-0.0005210497765801847,0.0005210498347878456,0.000814907718449831,-0.000814907718449831,0.0006160195916891098,-0.0006160195916891098,-0.0004360346356406808,0.0004360346356406808,-9.013121598400176e-05,9.013121598400176e-05,0.0007127115968614817,-0.0007127115968614817,0.0002052806958090514,-0.0002052806958090514,-3.7425532354973257e-05,3.7425532354973257e-05,-1.4377583283931017e-06,1.437729224562645e-06,-0.00013359892182052135,0.00013359892182052135],[0.0012739045778289437,-0.001273904461413622,0.0029124533757567406,-0.0029124540742486715,0.000969745684415102,-0.0009697461500763893,0.0014277086593210697,-0.0014277086593210697,0.0016121291555464268,-0.0016121291555464268,-0.00028828627546317875,0.00028828627546317875,0.0012653646990656853,-0.0012653646990656853,-0.000979498028755188,0.0009794982615858316,-0.0006623901426792145,0.0006623901426792145,0.006533586420118809,-0.005533586256206036,-0.00028035056311637163,0.0002803505922202021,0.0011964468285441399,-0.0011964468285441399,-0.0022377644199877977,0.0022377646528184414,-0.0015430108178406954,0.0015430108178406954,-0.0010129528818652034,0.0010129528818652034,8.305656956508756e-05,-8.30565404612571e-05,-0.0006781982956454158,0.0006781982956454158,-0.0006713632610626519,0.0006713633192703128,-0.0003756586229428649,0.00037565859383903444,-0.0005752976285293698,0.0005752976285293698,-0.0003570745757315308,0.0003570745757315308,5.799755308544263e-05,-5.799755308544263e-05,0.0005996646359562874,-0.0005996646359562874,-0.0004966792184859514,0.0004966792184859514,-0.0004160309035796672,0.0004160308453720063,0.00025711412308737636,-0.0002571140939835459,0.0003662913222797215,-0.0003662913222797215,0.00023710753885097802,-0.00023710756795480847],[-0.0012739039957523346,0.0012739041121676564,-0.0029124533757567406,0.002912454307079315,-0.0009697454515844584,0.0009697456262074411,-0.0014277086593210697,0.0014277087757363915,-0.001612129039131105,0.001612129039131105,0.0002882863045670092,-0.0002882863045670092,-0.0012653645826503634,0.0012653645826503634,0.000979498028755188,-0.0009794982615858316,0.0006623903173021972,-0.0006623903755098581,-0.005533586256206036,0.006533587351441383,0.00028035067953169346,-0.000280350650427863,-0.0011964468285441399,0.0011964468285441399,0.0022377646528184414,-0.002237764885649085,0.00154301046859473,-0.00154301046859473,0.0010129528818652034,-0.0010129528818652034,-8.305630763061345e-05,8.30563367344439e-05,0.0006781982374377549,-0.0006781982956454158,0.0006713633192703128,-0.0006713632610626519,0.00037565871025435627,-0.0003756586811505258,0.0005752976285293698,-0.0005752976285293698,0.0003570744884200394,-0.00035707445931620896,-5.7997640396934e-05,5.799765494884923e-05,-0.0005996645777486265,0.0005996645777486265,0.0004966792766936123,-0.0004966792766936123,0.00041603101999498904,-0.0004160309908911586,-0.00025711412308737636,0.00025711406487971544,-0.0003662912640720606,0.0003662912640720606,-0.0002371074224356562,0.0002371074224356562],[8.077269740169868e-05,-8.077252277871594e-05,0.0007785477209836245,-0.0007785480702295899,0.00023779686307534575,-0.00023779684852343053,-0.0003880012664012611,0.0003880003932863474,0.0011237123981118202,-0.0011237123981118202,0.00028845659107901156,-0.00028845659107901156,-0.0007427454111166298,0.0007427454111166298,-0.0003444401081651449,0.0003444399044383317,0.00015341312973760068,-0.00015341289690695703,-0.00028035056311637163,0.00028035067953169346,0.001653302344493568,-0.0006533016567118466,0.0004527298442553729,-0.00045272978604771197,0.0009275668417103589,-0.0009275668417103589,-8.813259773887694e-05,8.81325759110041e-05,-3.104999632341787e-05,3.1049967219587415e-05,-0.0007201253902167082,0.0007201253902167082,-2.7892008802155033e-05,2.789203790598549e-05,-0.0002818108769133687,0.0002818108769133687,-0.00027648097602650523,0.0002764810051303357,-1.2765522114932537e-05,1.2765545761794783e-05,-0.00022958166664466262,0.00022958169574849308,-0.00019340013386681676,0.00019340013386681676,-0.00033478671684861183,0.00033478671684861183,3.3764526961022057e-06,-3.3764372346922755e-06,-0.00020844653772655874,0.0002084465086227283,-0.0003183637745678425,0.000318363745464012,-0.0005261406768113375,0.0005261406186036766,-0.0003812487702816725,0.0003812487702816725],[-8.077249367488548e-05,8.077243546722457e-05,-0.0007785479538142681,0.0007785479538142681,-0.00023779692128300667,0.00023779690673109144,0.0003880012664012611,-0.0003880004514940083,-0.0011237123981118202,0.0011237123981118202,-0.0002884567657019943,0.0002884567657019943,0.0007427454111166298,-0.0007427454111166298,0.0003444399335421622,-0.0003444399335421622,-0.00015341310063377023,0.00015341286780312657,0.0002803505922202021,-0.000280350650427863,-0.0006533016567118466,0.0016533032758161426,-0.0004527298442553729,0.00045272978604771197,-0.0009275668417103589,0.0009275668417103589,8.813259773887694e-05,-8.81325759110041e-05,3.104999632341787e-05,-3.1049967219587415e-05,0.0007201253902167082,-0.0007201253902167082,2.7892008802155033e-05,-2.789203790598549e-05,0.0002818108769133687,-0.0002818108769133687,0.00027648097602650523,-0.0002764810051303357,1.2765522114932537e-05,-1.2765545761794783e-05,0.00022958166664466262,-0.00022958169574849308,0.00019340013386681676,-0.00019340013386681676,0.00033478671684861183,-0.00033478671684861183,-3.3764526961022057e-06,3.3764372346922755e-06,0.00020844653772655874,-0.0002084465086227283,0.0003183637745678425,-0.000318363745464012,0.0005261406768113375,-0.0005261406186036766,0.0003812487702816725,-0.0003812487702816725],[0.0066275810822844505,-0.0066275810822844505,0.004002780187875032,-0.004002780187875032,0.0014278612798079848,-0.0014278613962233067,0.00039994510007090867,-0.0003999452164862305,0.0013161636888980865,-0.0013161636888980865,0.0005135847604833543,-0.0005135847604833543,0.00147116684820503,-0.00147116684820503,0.0008178966818377376,-0.0008178967400453985,0.00016855090507306159,-0.0001685510214883834,0.0011964468285441399,-0.0011964468285441399,0.0004527298442553729,-0.0004527298442553729,0.0023603441659361124,-0.0013603444676846266,-0.000726888538338244,0.000726888538338244,-0.0005780277424491942,0.0005780276260338724,-0.00014649733202531934,0.00014649730292148888,-7.061641372274607e-05,7.061638461891562e-05,5.267766391625628e-05,-5.267766391625628e-05,0.00019333373347762972,-0.00019333374802954495,4.306031041778624e-05,-4.306031041778624e-05,3.839573764707893e-05,-3.839575583697297e-05,-6.472959648817778e-05,6.472959648817778e-05,0.00023178871197160333,-0.0002317886974196881,0.00023105561558622867,-0.00023105561558622867,5.954492371529341e-05,-5.954494918114506e-05,0.00015852197248023003,-0.00015852197248023003,0.0002520599227864295,-0.00025205989368259907,0.00039605627534911036,-0.0003960563044529408,0.0004563062102533877,-0.0004563062102533877],[-0.0066275810822844505,0.0066275810822844505,-0.004002780187875032,0.004002779722213745,-0.0014278612798079848,0.0014278612798079848,-0.00039994510007090867,0.00039994518738240004,-0.0013161636888980865,0.0013161636888980865,-0.0005135847604833543,0.0005135847604833543,-0.00147116684820503,0.00147116684820503,-0.0008178967400453985,0.0008178967400453985,-0.0001685509632807225,0.0001685510214883834,-0.0011964468285441399,0.0011964468285441399,-0.00045272978604771197,0.00045272978604771197,-0.0013603444676846266,0.002360344398766756,0.000726888538338244,-0.000726888538338244,0.0005780277424491942,-0.0005780276260338724,0.00014649733202531934,-0.00014649730292148888,7.061641372274607e-05,-7.061638461891562e-05,-5.267766391625628e-05,5.267766391625628e-05,-0.00019333373347762972,0.00019333374802954495,-4.306031041778624e-05,4.306031041778624e-05,-3.839573764707893e-05,3.839575583697297e-05,6.472959648817778e-05,-6.472959648817778e-05,-0.00023178871197160333,0.0002317886974196881,-0.00023105561558622867,0.00023105561558622867,-5.954492371529341e-05,5.954494918114506e-05,-0.00015852197248023003,0.00015852197248023003,-0.0002520599227864295,0.00025205989368259907,-0.00039605627534911036,0.0003960563044529408,-0.0004563062102533877,0.0004563062102533877],[0.0019260242115706205,-0.0019260235130786896,0.002860098611563444,-0.002860098611563444,0.0018146574730053544,-0.0018146572401747108,0.0040275598876178265,-0.0040275598876178265,0.0007303930469788611,-0.0007303930469788611,0.0015693174209445715,-0.0015693174209445715,-0.0002907027374021709,0.0002907027374021709,0.0001314551627729088,-0.00013145507546141744,0.0009246064582839608,-0.0009246066911146045,-0.0022377644199877977,0.0022377646528184414,0.0009275668417103589,-0.0009275668417103589,-0.000726888538338244,0.000726888538338244,0.006334763020277023,-0.005334763787686825,0.001403318252414465,-0.001403318252414465,0.000811220845207572,-0.0008112207869999111,0.0016007247613742948,-0.001600724644958973,0.000326390378177166,-0.00032639040728099644,0.0010542129166424274,-0.0010542128002271056,0.0006453146343119442,-0.0006453146925196052,0.0003617899783421308,-0.0003617899492383003,0.0007292816881090403,-0.0007292816881090403,0.00044822186464443803,-0.00044822186464443803,-0.00023110792972147465,0.00023110792972147465,0.0002530062338337302,-0.0002530062338337302,0.00068381562596187,-0.00068381562596187,0.00026920385425910354,-0.00026920385425910354,-0.00045693229185417295,0.00045693229185417295,-0.0003093175473622978,0.0003093175473622978],[-0.0019260244444012642,0.0019260235130786896,-0.002860098611563444,0.002860098611563444,-0.0018146574730053544,0.0018146572401747108,-0.0040275598876178265,0.0040275598876178265,-0.0007303929305635393,0.0007303929305635393,-0.0015693173045292497,0.0015693173045292497,0.00029070267919451,-0.00029070267919451,-0.00013145523553248495,0.0001314551627729088,-0.0009246065164916217,0.0009246066329069436,0.0022377646528184414,-0.002237764885649085,-0.0009275668417103589,0.0009275668417103589,0.000726888538338244,-0.000726888538338244,-0.005334763787686825,0.006334763951599598,-0.001403318252414465,0.001403318252414465,-0.000811220845207572,0.0008112207869999111,-0.0016007247613742948,0.001600724644958973,-0.000326390378177166,0.00032639040728099644,-0.0010542129166424274,0.0010542128002271056,-0.0006453146343119442,0.0006453146925196052,-0.0003617899783421308,0.0003617899492383003,-0.0007292816881090403,0.0007292816881090403,-0.00044822186464443803,0.00044822186464443803,0.00023110792972147465,-0.00023110792972147465,-0.0002530062338337302,0.0002530062338337302,-0.00068381562596187,0.00068381562596187,-0.00026920385425910354,0.00026920385425910354,0.00045693229185417295,-0.00045693229185417295,0.0003093175473622978,-0.0003093175473622978],[-0.0009325207211077213,0.0009325204882770777,0.0004448527470231056,-0.00044485251419246197,-0.000526599062141031,0.0005265990039333701,0.001221195445396006,-0.0012211949797347188,-0.0005922388518229127,0.0005922388518229127,0.0009224486420862377,-0.0009224486420862377,-0.0001227556203957647,0.0001227556203957647,0.0009995698928833008,-0.0009995696600526571,0.0002997805131599307,-0.0002997808041982353,-0.0015430108178406954,0.00154301046859473,-8.813259773887694e-05,8.813259773887694e-05,-0.0005780277424491942,0.0005780277424491942,0.001403318252414465,-0.001403318252414465,0.004043851979076862,-0.003043851815164089,-9.353188215754926e-05,9.353196946904063e-05,-0.0007342161843553185,0.0007342161843553185,-0.00011043314589187503,0.00011043314589187503,0.00013236363884061575,-0.00013236362428870052,0.0012163720093667507,-0.0012163718929514289,5.826281267218292e-06,-5.82629581913352e-06,0.0002851422759704292,-0.0002851422759704292,0.00012079074804205447,-0.00012079070438630879,0.00031142885563895106,-0.0003114288847427815,8.089918992482126e-06,-8.089933544397354e-06,9.99073963612318e-05,-9.99073963612318e-05,0.0002149589272448793,-0.00021495894179679453,-0.000103407830465585,0.000103407830465585,-0.00010118949285242707,0.00010118949285242707],[0.0009325210703536868,-0.0009325208375230432,-0.00044485251419246197,0.00044485239777714014,0.0005265988875180483,-0.0005265988875180483,-0.0012211953289806843,0.001221194863319397,0.0005922388518229127,-0.0005922388518229127,-0.0009224485838785768,0.0009224485838785768,0.0001227556203957647,-0.0001227556203957647,-0.0009995698928833008,0.0009995696600526571,-0.00029978042584843934,0.00029978074599057436,0.0015430108178406954,-0.00154301046859473,8.81325759110041e-05,-8.81325759110041e-05,0.0005780276260338724,-0.0005780276260338724,-0.001403318252414465,0.001403318252414465,-0.003043851815164089,0.004043852910399437,9.353188215754926e-05,-9.353196946904063e-05,0.0007342161843553185,-0.0007342161843553185,0.00011043314589187503,-0.00011043314589187503,-0.00013236363884061575,0.00013236362428870052,-0.0012163720093667507,0.0012163718929514289,-5.826281267218292e-06,5.82629581913352e-06,-0.0002851422759704292,0.0002851422759704292,-0.00012079074804205447,0.00012079070438630879,-0.00031142885563895106,0.0003114288847427815,-8.089918992482126e-06,8.089933544397354e-06,-9.99073963612318e-05,9.99073963612318e-05,-0.0002149589272448793,0.00021495894179679453,0.000103407830465585,-0.000103407830465585,0.00010118949285242707,-0.00010118949285242707],[-0.0023823610972613096,0.0023823613300919533,-0.0021246830001473427,0.002124682767316699,-0.001434336300007999,0.0014343364164233208,0.0002247046650154516,-0.0002247047668788582,-0.0013895512092858553,0.0013895512092858553,0.0003708529402501881,-0.0003708529402501881,-0.0006862423033453524,0.0006862423033453524,0.000296620448352769,-0.00029662056476809084,-0.0019453945569694042,0.0019453945569694042,-0.0010129528818652034,0.0010129528818652034,-3.104999632341787e-05,3.104999632341787e-05,-0.00014649733202531934,0.00014649733202531934,0.000811220845207572,-0.000811220845207572,-9.353188215754926e-05,9.353188215754926e-05,0.002732507884502411,-0.001732508186250925,0.000557879451662302,-0.000557879451662302,0.0008689824026077986,-0.0008689824608154595,0.000735388370230794,-0.000735388312023133,0.00031725026201456785,-0.00031725026201456785,0.0007054444868117571,-0.0007054446032270789,0.0005382992676459253,-0.0005382992676459253,1.2158096069470048e-05,-1.2158052413724363e-05,-0.0004997604410164058,0.0004997604992240667,0.0006011443911120296,-0.0006011443911120296,0.0005144161405041814,-0.0005144161405041814,-0.0004994944902136922,0.0004994944902136922,-9.469955693930387e-05,9.469955693930387e-05,-0.0003671549493446946,0.0003671549493446946],[0.002382360864430666,-0.0023823613300919533,0.0021246830001473427,-0.0021246825344860554,0.0014343360671773553,-0.0014343360671773553,-0.00022470457770396024,0.00022470467956736684,0.0013895512092858553,-0.0013895512092858553,-0.00037085291114635766,0.00037085291114635766,0.0006862421287223697,-0.0006862421287223697,-0.000296620448352769,0.00029662062297575176,0.0019453945569694042,-0.0019453945569694042,0.0010129528818652034,-0.0010129528818652034,3.1049967219587415e-05,-3.1049967219587415e-05,0.00014649730292148888,-0.00014649730292148888,-0.0008112207869999111,0.0008112207869999111,9.353196946904063e-05,-9.353196946904063e-05,-0.001732508186250925,0.0027325074188411236,-0.0005578791024163365,0.0005578791024163365,-0.0008689824026077986,0.0008689824608154595,-0.0007353882538154721,0.000735388312023133,-0.00031725020380690694,0.00031725026201456785,-0.000705444545019418,0.000705444545019418,-0.0005382990930229425,0.0005382990930229425,-1.2158125173300505e-05,1.2158052413724363e-05,0.0004997604992240667,-0.0004997604992240667,-0.0006011443329043686,0.0006011442746967077,-0.0005144160240888596,0.0005144160240888596,0.0004994945484213531,-0.0004994944902136922,9.469944052398205e-05,-9.469944052398205e-05,0.0003671548911370337,-0.0003671548911370337],[-0.0020881418604403734,0.002088141394779086,0.0010197797091677785,-0.0010197797091677785,-0.00022338565031532198,0.0002233857667306438,0.0004422656784299761,-0.00044226570753380656,-8.591159712523222e-06,8.591159712523222e-06,0.0004941201186738908,-0.0004941201186738908,-2.636830322444439e-05,2.636830322444439e-05,0.0006555789732374251,-0.0006555787986144423,0.00037871795939281583,-0.000378717842977494,8.305656956508756e-05,-8.305630763061345e-05,-0.0007201253902167082,0.0007201253902167082,-7.061641372274607e-05,7.061641372274607e-05,0.0016007247613742948,-0.0016007247613742948,-0.0007342161843553185,0.0007342161843553185,0.000557879451662302,-0.0005578791024163365,0.002510464983060956,-0.001510464120656252,0.00024728639982640743,-0.00024728639982640743,0.0004920975770801306,-0.0004920975770801306,-0.0005515498341992497,0.0005515499506145716,0.00027070994838140905,-0.0002707099192775786,0.000421403965447098,-0.00042140393634326756,5.1520910346880555e-05,-5.15208812430501e-05,-0.0008172394009307027,0.0008172394009307027,0.00022101507056504488,-0.0002210149250458926,0.00036869788891635835,-0.0003686979180201888,-0.0006347589078359306,0.0006347587332129478,-0.00014203348837327212,0.00014203348837327212,-0.0003624415257945657,0.0003624415257945657],[0.0020881418604403734,-0.0020881416276097298,-0.0010197799419984221,0.0010197794763371348,0.00022338559210766107,-0.00022338559210766107,-0.00044226579484529793,0.00044226570753380656,8.591159712523222e-06,-8.591159712523222e-06,-0.0004941200604662299,0.0004941200604662299,2.636821591295302e-05,-2.636821591295302e-05,-0.0006555789150297642,0.0006555788568221033,-0.00037871795939281583,0.00037871787208132446,-8.30565404612571e-05,8.30563367344439e-05,0.0007201253902167082,-0.0007201253902167082,7.061638461891562e-05,-7.061638461891562e-05,-0.001600724644958973,0.001600724644958973,0.0007342161843553185,-0.0007342161843553185,-0.000557879451662302,0.0005578791024163365,-0.001510464120656252,0.002510464284569025,-0.00024728639982640743,0.00024728639982640743,-0.0004920975770801306,0.0004920975770801306,0.0005515498341992497,-0.0005515499506145716,-0.00027070994838140905,0.0002707099192775786,-0