{"epoch":0,"H":[[-0.003665381111204624,0.009694823995232582,-0.005029441323131323,-0.005859612952917814,1.7953072529053316e-05,0.005841659847646952,0.0020056371577084064,1.4351680874824524e-05,-0.0020199890714138746,-0.0017590719508007169,0.001461834297515452,0.0002972374204546213,-0.0011831907322630286,-0.0014589885249733925,0.002642179373651743,0.0017777904868125916,2.6289839297533035e-05,-0.0018040805589407682,-0.002337608952075243,-0.0003492591786198318,0.0026868684217333794,0.0012304503470659256,0.0024668751284480095,-0.003697325475513935,-0.0008864201372489333,0.0009341087425127625,-4.768825601786375e-05,0.002923054387792945,0.0011157079134136438,-0.0040387618355453014,-1.4809348613198381e-05,0.002483478281646967,-0.002468669321388006,-0.000504850409924984,-0.0003444832982495427,0.0008493337663821876,0.0005199292208999395,0.0008668939699418843,-0.0013868232490494847,0.0008279372123070061,0.0008484884165227413,-0.0016764255706220865,-0.001508886693045497,0.0008566592005081475,0.0006522274343296885,-0.0006046356284059584,0.0009619411430321634,-0.0003573054273147136,-0.0003288781445007771,-6.454979302361608e-05,0.00039342796662822366,-0.000881386746186763,0.001223928527906537,-0.0003425419272389263,0.0004106248670723289,0.00283808633685112,-0.0032487111166119576,0.0005720753106288612,0.001603700453415513,-0.002175775822252035,-0.0007200994878076017,0.00208046892657876,-0.0013603694969788194,0.0006961844628676772,0.0019097941694781184,-0.0026059786323457956,-0.0003341128758620471,9.264083200832829e-05,0.00024147203657776117,0.0008765194797888398,0.00044705794425681233,-0.001323577482253313,-0.0008964210283011198,0.0006616504397243261,0.00023477069044020027,0.00045177232823334634,0.0009118717862293124,-0.0013636440271511674,-0.00010871459380723536,-1.0562303941696882e-05,0.00011927686864510179,0.00032646505860611796,0.0018450028728693724,-0.0021714677568525076],[0.009694823995232582,0.006183536723256111,-0.01487836055457592,0.0002860490931198001,0.0036814315244555473,-0.003967480733990669,-0.00206647883169353,0.00743694044649601,-0.005370461381971836,0.0009474006947129965,0.0006275243358686566,-0.0015749249141663313,0.0006468465435318649,-0.005821550264954567,0.005174703896045685,-0.0002579808351583779,0.008062884211540222,-0.0078049032017588615,0.0013086955295875669,0.0015562425833195448,-0.00286493799649179,0.004086446017026901,-0.0023690692614763975,-0.0017173760570585728,0.0006201585056260228,0.0014972800854593515,-0.0021174384746700525,-0.004810680169612169,0.0019522312795743346,0.0028584483079612255,0.0020674727857112885,0.0023853802122175694,-0.0044528525322675705,0.0036071580834686756,0.001078464207239449,-0.00468562263995409,0.00269113015383482,0.002303588902577758,-0.004994719289243221,-0.0006972998380661011,-0.006463960744440556,0.007161260582506657,0.00164011400192976,0.0031957586761564016,-0.004835872910916805,-0.002245224779471755,-0.0010633181082084775,0.0033085430040955544,1.2188625987619162e-05,0.004183816723525524,-0.004196005407720804,0.002695612143725157,-0.0023849322460591793,-0.0003106796648353338,-0.001159177627414465,-0.0007624232675880194,0.0019216008950024843,0.00017011925228871405,0.0009199881460517645,-0.001090107369236648,-0.0003489381051622331,0.0007899805204942822,-0.00044104247353971004,-0.0019107206026092172,-0.002784162759780884,0.0046948837116360664,-3.254867624491453e-05,-0.0009582136990502477,0.0009907623752951622,0.0007714902749285102,-0.003646517638117075,0.002875027246773243,0.0023186339531093836,-0.0006752333138138056,-0.001643400639295578,-0.0006936043500900269,0.0006097785080783069,8.382584201171994e-05,0.0010411597322672606,-0.0005618726136162877,-0.00047928711865097284,-0.0018683100352063775,-0.0014027877477928996,0.0032710975501686335],[-0.005029441323131323,-0.01487836055457592,0.020907806232571602,0.005573563277721405,-0.003699383931234479,-0.0018741795793175697,6.084117922000587e-05,-0.007451290730386972,0.00739044975489378,0.0008116710232570767,-0.0020893579348921776,0.0012776869116351008,0.0005363452364690602,0.007280537858605385,-0.007816883735358715,-0.0015198097098618746,-0.008089171722531319,0.009608982130885124,0.0010289137717336416,-0.0012069817166775465,0.0001780676539056003,-0.005316894967108965,-9.78030584519729e-05,0.005414697341620922,0.0002662620972841978,-0.0024313852190971375,0.0021651233546435833,0.0018876255489885807,-0.003067938145250082,0.001180312829092145,-0.0020526647567749023,-0.004868856631219387,0.006921520456671715,-0.003102308139204979,-0.0007339799776673317,0.0038362876512110233,-0.003211059607565403,-0.0031704804860055447,0.00638153962790966,-0.0001306356571149081,0.005615475587546825,-0.005484839901328087,-0.00013122765813022852,-0.0040524182841181755,0.004183645825833082,0.0028498603496700525,0.00010137575736735016,-0.0029512359760701656,0.00031669018790125847,-0.004119266290217638,0.003802575869485736,-0.0018142255721613765,0.0011610027868300676,0.0006532226107083261,0.0007485522073693573,-0.0020756637677550316,0.0013271116185933352,-0.0007421942427754402,-0.002523689763620496,0.0032658837735652924,0.0010690377093851566,-0.0028704479336738586,0.0018014104571193457,0.0012145355576649308,0.0008743679500184953,-0.0020889034494757652,0.0003666608827188611,0.0008655728306621313,-0.0012322337133809924,-0.0016480101039633155,0.00319945951923728,-0.0015514495316892862,-0.0014222125755622983,1.358141889795661e-05,0.001408630982041359,0.00024183187633752823,-0.0015216493047773838,0.0012798173120245337,-0.000932445575017482,0.0005724344518966973,0.0003600111813284457,0.001541844685561955,-0.0004422143683768809,-0.0010996302589774132],[-0.005859612952917814,0.0002860490931198001,0.005573563277721405,0.015909602865576744,0.007048546336591244,-0.02195814810693264,-0.004726836923509836,-0.0028675803914666176,0.0075944168493151665,0.004077425692230463,-0.00023943453561514616,-0.0038379908073693514,0.0030066962353885174,-0.0027770460583269596,-0.00022965017706155777,-0.0029349292162805796,-0.0034355008974671364,0.006370429880917072,0.0026139281690120697,-0.0020380504429340363,-0.0005758780753239989,0.0015054543036967516,-0.005377317778766155,0.00387186324223876,-0.0009665319812484086,-0.004329316318035126,0.005295848473906517,-0.0010204886784777045,-0.0020189995411783457,0.003039488336071372,0.0008823310490697622,-0.0033881093841046095,0.0025057783350348473,0.004504237323999405,-0.003197962883859873,-0.0013062739744782448,-0.0008544663432985544,-0.003003140911459923,0.003857607487589121,0.00046985954395495355,-0.0033549463842064142,0.0028850866947323084,0.0013823948102071881,-0.0006696921773254871,-0.000712702632881701,-0.0008373625460080802,-0.001528752502053976,0.0023661148734390736,0.000362409686204046,0.0001750790688674897,-0.0005374887841753662,0.0001855038572102785,-0.0024556966964155436,0.002270192839205265,-0.00038746368954889476,-0.0014788236003369093,0.0018662873189896345,0.002096530981361866,-0.0016449044924229383,-0.0004516263725236058,0.0006784203578718007,-0.0014853720786049962,0.0008069518953561783,-0.000946897896938026,-0.0009052701643668115,0.0018521681195124984,-3.3205957151949406e-05,0.0005681868642568588,-0.0005349808488972485,-0.0006449037464335561,0.0002344566601095721,0.0004104471590835601,0.0005131703801453114,-0.0001660055131651461,-0.00034716486698016524,-0.000856899656355381,-0.0005763969384133816,0.0014332965947687626,-0.0004837912565562874,-0.0007332410896196961,0.001217032317072153,-1.7541125998832285e-05,-0.0026047364808619022,0.002622277708724141],[1.7953072529053316e-05,0.0036814315244555473,-0.003699383931234479,0.007048546336591244,0.016469202935695648,-0.02251775562763214,-0.002108248881995678,-8.825329132378101e-05,0.002196502173319459,0.0015631257556378841,0.00276994239538908,-0.0043330686166882515,-4.805374192073941e-05,-0.00679213460534811,0.006840188521891832,-0.0013837688602507114,-0.0007330722874030471,0.0021168412640690804,0.00020885193953290582,0.0034557506442070007,-0.003664602292701602,0.007567103020846844,0.0010021612979471684,-0.008569263853132725,-0.002861570566892624,-0.005041096359491348,0.007902666926383972,-0.000972641515545547,0.0003242198727093637,0.0006484215264208615,-0.0004274207167327404,0.0015738337533548474,-0.0011464131530374289,-0.002029054332524538,-0.004902269691228867,0.006931323558092117,0.0024334248155355453,0.0006806420860812068,-0.0031140667852014303,-0.000561361201107502,-0.0032615542877465487,0.003822915256023407,0.0017304165521636605,-0.002985015045851469,0.0012545986101031303,-0.0019474357832223177,0.004980087745934725,-0.0030326521955430508,0.000567089591640979,0.0012048480566591024,-0.0017719375900924206,-0.00031195528572425246,-0.002716795541346073,0.0030287508852779865,0.00012265268014743924,0.0005716201267205179,-0.000694272865075618,0.00014155787357594818,-0.0009774675127118826,0.0008359096245840192,-0.0009659803472459316,-0.0008562139701098204,0.0018221940845251083,-0.0005167748313397169,-0.0016931279096752405,0.0022099027410149574,-5.647004581987858e-05,-0.0013864081120118499,0.0014428781578317285,0.0009989297250285745,-0.0028297798708081245,0.001830850262194872,0.001005859929136932,-0.000940847909078002,-6.50119036436081e-05,-0.001141709159128368,0.00029106554575264454,0.0008506436715833843,-0.0006582333007827401,0.0007621662807650864,-0.00010393292177468538,1.913969754241407e-05,0.002354435157030821,-0.0023735747672617435],[0.005841659847646952,-0.003967480733990669,-0.0018741795793175697,-0.02195814810693264,-0.02251775562763214,0.04547590762376785,0.006835085339844227,0.002955837408080697,-0.00979092251509428,-0.005640552379190922,-0.0025305061135441065,0.00817105732858181,-0.0029586446471512318,0.009569184854626656,-0.006610540673136711,0.004318696912378073,0.004168577026575804,-0.008487275801599026,-0.0028227809816598892,-0.001417698571458459,0.0042404793202877045,-0.009072556160390377,0.00437516113743186,0.0046973940916359425,0.003828102955594659,0.009370414540171623,-0.013198518194258213,0.0019931287970393896,0.0016947814729064703,-0.00368791026994586,-0.0004549119621515274,0.0018142772605642676,-0.0013593656476587057,-0.002475184388458729,0.008100234903395176,-0.005625049117952585,-0.001578958472236991,0.00232250289991498,-0.000743543729186058,9.150130790658295e-05,0.006616504397243261,-0.006708006374537945,-0.0031128115952014923,0.0036547069903463125,-0.0005418957443907857,0.00278479908592999,-0.003451335709542036,0.0006665363907814026,-0.0009294991032220423,-0.0013799270382151008,0.002309426199644804,0.00012645224342122674,0.005172493867576122,-0.005298946052789688,0.0002648107474669814,0.0009072038810700178,-0.0011720145121216774,-0.002238089218735695,0.0026223715394735336,-0.00038428243715316057,0.00028755891253240407,0.0023415859322994947,-0.002629145048558712,0.00146367191337049,0.002598398830741644,-0.00406207051128149,8.967600297182798e-05,0.0008182204328477383,-0.0009078960283659399,-0.0003540256875567138,0.0025953231379389763,-0.0022412973921746016,-0.0015190306585282087,0.00110685417894274,0.0004121765960007906,0.001998608699068427,0.0002853312762454152,-0.0022839403245598078,0.0011420251103118062,-2.8925016522407532e-05,-0.0011130999773740768,-1.5979530871845782e-06,0.00025030202232301235,-0.00024870410561561584],[0.0020056371577084064,-0.00206647883169353,6.084117922000587e-05,-0.004726836923509836,-0.002108248881995678,0.006835085339844227,0.00227346271276474,0.009155397303402424,-0.010428858920931816,-0.002541628200560808,-0.0009943465702235699,0.0035359738394618034,-0.001975875347852707,0.0010880642803385854,0.0008878111839294434,0.0027308338321745396,-0.0008347248658537865,-0.001896109082736075,-0.0019161577802151442,-0.001188717782497406,0.00310487556271255,-0.0011564833112061024,-0.00015100825112313032,0.0013074916787445545,0.0005831648013554513,-0.0011627771891653538,0.0005796124460175633,0.0029196590185165405,0.0016793821705505252,-0.004599040374159813,-0.0003423713496886194,0.001389684621244669,-0.0010473133297637105,-0.0017551227938383818,-0.0009756856015883386,0.0027308084536343813,0.0012938923900946975,-0.002076491480693221,0.0007825986249372363,9.853974916040897e-07,-0.001387858996167779,0.001386873540468514,0.00041390175465494394,0.0028633533511310816,-0.0032772549893707037,-0.0008779091294854879,0.002896890975534916,-0.002018981846049428,-0.00046893313992768526,-0.0011316421441733837,0.001600575284101069,-0.001089591416530311,0.0006851741927675903,0.00040441707824356854,0.0009184555965475738,0.00193925597704947,-0.002857711398974061,-5.887509905733168e-05,0.00012421546853147447,-6.534031126648188e-05,-0.00013068164116702974,0.0008605545153841376,-0.0007298729615285993,0.0005330860731191933,0.0011326064122840762,-0.0016656925436109304,-0.00015557819278910756,-7.876798918005079e-05,0.0002343461528653279,0.0007072254666127264,0.000826382776722312,-0.0015336083015426993,-0.0013337364653125405,0.0002904559951275587,0.0010432805866003036,0.0004453535075299442,0.00017963346908800304,-0.0006249870639294386,-3.529328387230635e-05,0.0010608562733978033,-0.001025562989525497,0.00023366761161014438,0.00048580282600596547,-0.0007194704376161098],[1.4351680874824524e-05,0.00743694044649601,-0.007451290730386972,-0.0028675803914666176,-8.825329132378101e-05,0.002955837408080697,0.009155397303402424,0.005239640362560749,-0.01339503563940525,-0.0008659077575430274,-0.000617766403593123,0.0014836740447208285,-0.0004781823081430048,0.0009348986204713583,-0.0004567155847325921,0.0010791614186018705,0.007894353941082954,-0.008973516523838043,0.001148099428974092,0.0032963030971586704,-0.004444402642548084,0.0010925504611805081,0.0036793542094528675,-0.004771905019879341,0.00532272644340992,-0.003343125805258751,-0.001979600638151169,-0.0034095407463610172,0.0038573802448809147,-0.00044783984776586294,-0.0008874452905729413,0.002812946680933237,-0.001925501273944974,-0.0033919112756848335,-0.00037485233042389154,0.0037667639553546906,0.005340687930583954,0.0001861469354480505,-0.005526834633201361,0.003742832224816084,-0.0018723196117207408,-0.001870512729510665,0.000312820659019053,0.002511022612452507,-0.002823843387886882,0.000376464071450755,0.003297463757917285,-0.0036739278584718704,-0.00012042580056004226,0.001339056994765997,-0.001218631281517446,0.0008812770829536021,0.0004917258629575372,-0.0013730030041188002,-0.00021882439614273608,0.0005287970998324454,-0.00030997273279353976,-0.001331321895122528,0.0013352531241253018,-3.931279934477061e-06,0.00038613544893451035,-0.0009624495287425816,0.0005763141671195626,-0.0010800141608342528,-0.0026264660991728306,0.0037064801435917616,0.0002623038599267602,-0.0010979456128552556,0.0008356418111361563,-1.2397882528603077e-05,-0.0013965137768536806,0.0014089117757976055,0.0009725155541673303,0.0010815260466188192,-0.0020540417172014713,-0.0001687465701252222,0.0005852909525856376,-0.00041654432425275445,0.0004421795310918242,0.0004601594991981983,-0.000902339001186192,-0.00018382305279374123,-0.0003727982984855771,0.0005566214094869792],[-0.0020199890714138746,-0.005370461381971836,0.00739044975489378,0.0075944168493151665,0.002196502173319459,-0.00979092251509428,-0.010428858920931816,-0.01339503563940525,0.024823898449540138,0.0034075367730110884,0.0016121113440021873,-0.005019648000597954,0.002454057103022933,-0.0020229651127010584,-0.00043109184480272233,-0.0038099968805909157,-0.0070596314035356045,0.010869629681110382,0.0007680589333176613,-0.0021075860131531954,0.0013395273126661777,6.393284274963662e-05,-0.0035283463075757027,0.0034644133411347866,-0.005905891768634319,0.004505901597440243,0.0013999893562868237,0.0004898819024674594,-0.005536762997508049,0.00504688173532486,0.0012298159999772906,-0.004202632233500481,0.0029728165827691555,0.005147033371031284,0.0013505372917279601,-0.006497571244835854,-0.0066345809027552605,0.0018903412856161594,0.004744240082800388,-0.003743818262591958,0.0032601789571344852,0.0004836397711187601,-0.0007267227629199624,-0.005374375730752945,0.0061010983772575855,0.0005014464259147644,-0.006194355897605419,0.005692909471690655,0.0005893589113838971,-0.00020741595653817058,-0.00038194292574189603,0.00020831404253840446,-0.0011768997646868229,0.0009685857803560793,-0.00069963070563972,-0.0024680523201823235,0.0031676830258220434,0.0013901968486607075,-0.0014594680396839976,6.92713656462729e-05,-0.000255453895078972,0.00010189611930400133,0.0001535577466711402,0.000546928436961025,0.0014938595704734325,-0.0020407880656421185,-0.00010672509233700112,0.0011767135001718998,-0.0010699883569031954,-0.0006948275840841234,0.0005701310001313686,0.00012469664216041565,0.00036122079472988844,-0.0013719818089157343,0.0010107611306011677,-0.00027660696650855243,-0.0007649242179468274,0.0010415313299745321,-0.00040688621811568737,-0.0015210151905193925,0.0019279015250504017,-4.984467523172498e-05,-0.00011300496407784522,0.0001628496975172311],[-0.0017590719508007169,0.0009474006947129965,0.0008116710232570767,0.004077425692230463,0.0015631257556378841,-0.005640552379190922,-0.002541628200560808,-0.0008659077575430274,0.0034075367730110884,0.000845686299726367,0.013076177798211575,-0.012921861372888088,0.0012825167505070567,-0.0006520326714962721,-0.0006304841372184455,-0.0023594836238771677,-0.0008792884182184935,0.003238772042095661,0.002812886144965887,0.0006956623983569443,-0.003508548252284527,0.001338406465947628,0.00023642892483621836,-0.0015748348087072372,0.0008771058055572212,-0.005172594916075468,0.00429548928514123,-0.0022212681360542774,-0.0006419606506824493,0.002863228553906083,0.002000400796532631,0.0001701304572634399,-0.0021705301478505135,0.0018570545362308621,0.000660091289319098,-0.002517146058380604,0.0036607994697988033,-0.00607979204505682,0.0024189921095967293,0.002331826603040099,-0.0016754540847614408,-0.0006563724018633366,8.4908795543015e-05,-0.0012997518060728908,0.0012148430105298758,-0.0004071668372489512,-0.002270568860694766,0.0026777356397360563,-0.0013628661399707198,0.001540186582133174,-0.00017732044216245413,0.0014285611687228084,0.0020708926022052765,-0.0034994538873434067,-0.0005887553561478853,0.00011714933498296887,0.00047160591930150986,0.0003658127970993519,0.0008915903745219111,-0.0012574032880365849,0.0020584336016327143,-0.0004518315545283258,-0.0016066018724814057,-0.001018431968986988,-0.0005492083146236837,0.001567640108987689,0.0006238312926143408,0.001017893198877573,-0.001641724375076592,-0.001886729383841157,-0.00042395765194669366,0.0023106869775801897,0.00042282429058104753,-0.0003739107633009553,-4.891341086477041e-05,-0.0010134761687368155,-0.0001582272379891947,0.0011717034503817558,0.00011647731298580766,-0.0005406819982454181,0.00042420474346727133,0.0010608767624944448,-0.0005968902260065079,-0.00046398647828027606],[0.001461834297515452,0.0006275243358686566,-0.0020893579348921776,-0.00023943453561514616,0.00276994239538908,-0.0025305061135441065,-0.0009943465702235699,-0.000617766403593123,0.0016121113440021873,0.013076177798211575,-0.005032883491367102,-0.0070432922802865505,-0.001642282702960074,-0.0023038804065436125,0.003946162760257721,-0.0006271479651331902,0.0012816371163353324,-0.0006544889765791595,0.0012802816927433014,0.004509142599999905,-0.005789424292743206,0.00019273482030257583,-1.3820783351548016e-05,-0.00017891400784719735,0.0028486158698797226,-0.00290679931640625,5.818391218781471e-05,-0.0021286066621541977,0.0006537677254527807,0.001474838936701417,0.001751924166455865,0.0026608246844261885,-0.004412748385220766,0.00062436459120363,-0.0003866783808916807,-0.00023768621031194925,0.006322469096630812,0.0007576579228043556,-0.007080127485096455,0.001288123894482851,-0.0027340641245245934,0.0014459405792877078,-0.00035965596907772124,-0.00295244250446558,0.003312098328024149,-0.00020922179101035,-0.0029218816198408604,0.0031311034690588713,-0.0008492246270179749,0.0011905832216143608,-0.00034135847818106413,0.0018542418256402016,0.00029078201623633504,-0.002145023550838232,0.0003641651710495353,0.0017749913968145847,-0.002139156451448798,-0.001127075171098113,-0.002459399402141571,0.0035864748060703278,7.912459841463715e-05,-0.0008227818761952221,0.0007436572341248393,-0.0008879536762833595,0.0002512375940568745,0.0006367161404341459,0.00028216512873768806,-0.001128088915720582,0.0008459239033982158,-0.0005325557431206107,-0.0008722057100385427,0.0014047614531591535,0.0012186242965981364,0.00035548649611882865,-0.0015741108218207955,-0.0013213674537837505,0.000541417277418077,0.0007799503509886563,-0.00026048472500406206,0.00036500979331322014,-0.00010452506830915809,-0.0003141325432807207,0.002065550535917282,-0.0017514178762212396],[0.0002972374204546213,-0.0015749249141663313,0.0012776869116351008,-0.0038379908073693514,-0.0043330686166882515,0.00817105732858181,0.0035359738394618034,0.0014836740447208285,-0.005019648000597954,-0.012921861372888088,-0.0070432922802865505,0.020965153351426125,0.0003597653703764081,0.00295591214671731,-0.0033156774006783962,0.0029866306576877832,-0.00040235152118839324,-0.0025842790491878986,-0.004093167372047901,-0.005204805172979832,0.009297972545027733,-0.0015311426250264049,-0.00022260844707489014,0.0017537507228553295,-0.003725722897797823,0.008079394698143005,-0.004353672731667757,0.004349874332547188,-1.1807642295025289e-05,-0.0043380665592849255,-0.0037523244973272085,-0.0028309549670666456,0.006583278998732567,-0.0024814200587570667,-0.00027341360691934824,0.0027548333164304495,-0.009983270429074764,0.00532213319092989,0.004661135375499725,-0.0036199502646923065,0.004409518558532,-0.0007895672461017966,0.00027474737726151943,0.004252193495631218,-0.004526940640062094,0.0006163896177895367,0.005192449316382408,-0.005808839108794928,0.002212090650573373,-0.0027307700365781784,0.0005186793860048056,-0.0032828031107783318,-0.0023616759572178125,0.005644478369504213,0.00022459024330601096,-0.0018921412993222475,0.0016675508813932538,0.0007612630142830312,0.00156780902761966,-0.00232907198369503,-0.0021375578362494707,0.0012746122665703297,0.0008629452786408365,0.0019063848303630948,0.0002979702840093523,-0.0022043550852686167,-0.000905997003428638,0.00011019664816558361,0.0007958001224324107,0.002419285010546446,0.0012961637694388628,-0.0037154487799853086,-0.001641448587179184,1.8424325389787555e-05,0.0016230241162702441,0.0023348438553512096,-0.0003831899957731366,-0.0019516542088240385,0.00014400773216038942,0.0001756716228555888,-0.00031967932591214776,-0.000746743637137115,-0.0014686605427414179,0.002215404063463211],[-0.0011831907322630286,0.0006468465435318649,0.0005363452364690602,0.0030066962353885174,-4.805374192073941e-05,-0.0029586446471512318,-0.001975875347852707,-0.0004781823081430048,0.002454057103022933,0.0012825167505070567,-0.001642282702960074,0.0003597653703764081,0.0045296503230929375,0.002598349004983902,-0.006127999164164066,-0.0006558034801855683,0.00036021240521222353,0.0002955910167656839,1.9628088921308517e-05,0.00015210499987006187,-0.00017173303058370948,0.00051269237883389,0.0010086469119414687,-0.0015213394071906805,0.0010437285527586937,-0.0013530892319977283,0.00030936062103137374,0.0004121355013921857,-0.000533833634108305,0.00012169825640739873,0.00017135357484221458,-0.0010888585820794106,0.0009175048326142132,0.001278662821277976,0.00039900344563648105,-0.001677666325122118,0.0031434993725270033,-0.0034264959394931793,0.0002829964505508542,0.0012627050746232271,-0.00044585741125047207,-0.0008168478962033987,-0.000523989787325263,-0.0004020651977043599,0.0009260550141334534,0.0001782310428097844,-6.9273984991014e-05,-0.00010895705781877041,-0.0003289188607595861,-0.001415151171386242,0.001744070090353489,-0.000629168062005192,0.00024131982354447246,0.00038784818025305867,-0.00043931303662247956,-0.0003729062154889107,0.0008122192812152207,0.0006230605067685246,-0.0004557279753498733,-0.00016733247321099043,0.0003410233184695244,2.0489998860284686e-05,-0.00036151325912214816,0.00043502901098690927,0.0007837962475605309,-0.0012188253458589315,-0.0007851178525015712,0.0004741176380775869,0.0003110002144239843,0.0005335028981789947,-0.0006419254932552576,0.0001084225659724325,0.00041697086999192834,-0.0005778957856819034,0.00016092488658614457,0.000257978739682585,0.0008720318437553942,-0.001130010699853301,0.00012988163507543504,0.000638848461676389,-0.0007687300676479936,-0.0011782359797507524,-0.0010580123635008931,0.0022362482268363237],[-0.0014589885249733925,-0.005821550264954567,0.007280537858605385,-0.0027770460583269596,-0.00679213460534811,0.009569184854626656,0.0010880642803385854,0.0009348986204713583,-0.0020229651127010584,-0.0006520326714962721,-0.0023038804065436125,0.00295591214671731,0.002598349004983902,0.008152957074344158,-0.009751303121447563,-0.00010072212899103761,0.002164173871278763,-0.002063451800495386,0.0004930187715217471,0.0024092707317322493,-0.002902289619669318,0.00045841734390705824,0.00223134970292449,-0.0026897673960775137,0.0003405738389119506,-0.00024342525284737349,-9.71485860645771e-05,-0.00208479561842978,2.795158070512116e-05,0.002056843601167202,-0.0010906588286161423,0.0007137382053770125,0.0003769203322008252,-0.0008748726104386151,0.0009470325894653797,-7.216003723442554e-05,0.000626237248070538,-0.0007168169831857085,9.057950228452682e-05,6.587689858861268e-05,0.0011188259813934565,-0.0011847028508782387,0.00014533747162204236,-0.0012838225811719894,0.001138485036790371,0.0014139505801722407,-0.00141173938754946,-2.211309038102627e-06,-0.0004057993064634502,-0.0006470800144597888,0.0010528793791309,0.00038584513822570443,0.000607391120865941,-0.0009932363172993064,-0.0005348694394342601,-0.001240772777236998,0.0017756421584635973,-0.000889787741471082,-0.0011281766928732395,0.002017964143306017,-0.00017828270210884511,-0.0005443786503747106,0.0007226612651720643,0.00010037507308879867,-0.0007871018024161458,0.0006867265910841525,-0.00020587359904311597,0.0005901501281186938,-0.00038427652907557786,3.283354453742504e-05,-0.00046257927897386253,0.00042974576354026794,0.0008050617761909962,-0.0002952370559796691,-0.0005098246620036662,-1.6036865417845547e-06,1.857032475527376e-05,-1.696663093753159e-05,0.00010146342538064346,0.0010132759343832731,-0.0011147393379360437,-0.0012371687917038798,2.689971006475389e-05,0.0012102690525352955],[0.002642179373651743,0.005174703896045685,-0.007816883735358715,-0.00022965017706155777,0.006840188521891832,-0.006610540673136711,0.0008878111839294434,-0.0004567155847325921,-0.00043109184480272233,-0.0006304841372184455,0.003946162760257721,-0.0033156774006783962,-0.006127999164164066,-0.009751303121447563,0.016879301518201828,0.000756526249460876,-0.0025243875570595264,0.0017678611911833286,-0.0005126476753503084,-0.002561376430094242,0.003074024338275194,-0.0009711093734949827,-0.003239997895434499,0.0042111072689294815,-0.0013843020424246788,0.0015965137863531709,-0.00021221162751317024,0.0016726601170375943,0.0005058826645836234,-0.0021785423159599304,0.0009193051373586059,0.0003751204931177199,-0.0012944256886839867,-0.00040379026904702187,-0.0013460357440635562,0.0017498258966952562,-0.0037697344087064266,0.00414331303909421,-0.0003735779318958521,-0.001328582176938653,-0.0006729681044816971,0.0020015505142509937,0.00037865262129344046,0.0016858875751495361,-0.0020645400509238243,-0.0015921818558126688,0.0014810122083872557,0.00011116941459476948,0.0007347172941081226,0.002062232466414571,-0.0027969495858997107,0.00024332304019480944,-0.0008487117011100054,0.0006053887773305178,0.0009741821559146047,0.0016136796912178397,-0.0025878618471324444,0.0002667271764948964,0.00158390321303159,-0.00185063062235713,-0.0001627405872568488,0.0005238885642029345,-0.0003611480351537466,-0.0005354044842533767,3.304972779005766e-06,0.0005320993950590491,0.0009909914806485176,-0.0010642674751579762,7.327593630179763e-05,-0.0005663364427164197,0.0011045039864256978,-0.000538167601916939,-0.0012220324715599418,0.0008731328416615725,0.0003488997172098607,-0.0002563746238593012,-0.0008906021830625832,0.0011469768360257149,-0.00023134509683586657,-0.001652125152759254,0.0018834701040759683,0.0024154046550393105,0.0010311142541468143,-0.003446518676355481],[0.0017777904868125916,-0.0002579808351583779,-0.0015198097098618746,-0.0029349292162805796,-0.0013837688602507114,0.004318696912378073,0.0027308338321745396,0.0010791614186018705,-0.0038099968805909157,-0.0023594836238771677,-0.0006271479651331902,0.0029866306576877832,-0.0006558034801855683,-0.00010072212899103761,0.000756526249460876,0.011824971064925194,0.0058960700407624245,-0.01672104001045227,-0.0010026770178228617,-0.0004030985292047262,0.001405775430612266,-0.0013294831151142716,-0.0008090556366369128,0.0021385387517511845,0.0012227509869262576,0.00024435477098450065,-0.0014671056997030973,0.0030479382257908583,0.0019134462345391512,-0.0049613844603300095,-0.0021345382556319237,-0.00022269319742918015,0.002357231453061104,-0.0013034471776336432,-0.0003138328902423382,0.0016172800678759813,0.00020372201106511056,0.00010327610652893782,-0.00030699814669787884,0.001170009607449174,0.0003969938843511045,-0.0015670035500079393,-0.002193021820858121,0.0011477397056296468,0.0010452823480591178,0.0014897871296852827,-0.0003692261525429785,-0.0011205608025193214,-0.00039529011701233685,-0.0009039609576575458,0.0012992511037737131,-0.0002135324466507882,0.0013525940012186766,-0.001139061525464058,0.0009182991925626993,0.0018227041000500321,-0.0027410031761974096,-0.0007689637714065611,0.0018439830746501684,-0.00107501947786659,-0.0011274766875430942,0.0015696748159825802,-0.00044219818664714694,0.0002903561689890921,0.00017531824414618313,-0.0004656743840314448,0.0008539548143744469,0.000600707542616874,-0.00145466229878366,-0.0001836418523453176,0.00012027969933114946,6.336216756608337e-05,3.826746251434088e-06,-0.0016081922221928835,0.0016043654177337885,7.556761556770653e-05,3.6045239539816976e-06,-7.917215407360345e-05,5.8208941482007504e-05,0.00010980603110510856,-0.0001680149871390313,0.0009573050774633884,0.0010799061274155974,-0.0020372113212943077],[2.6289839297533035e-05,0.008062884211540222,-0.008089171722531319,-0.0034355008974671364,-0.0007330722874030471,0.004168577026575804,-0.0008347248658537865,0.007894353941082954,-0.0070596314035356045,-0.0008792884182184935,0.0012816371163353324,-0.00040235152118839324,0.00036021240521222353,0.002164173871278763,-0.0025243875570595264,0.0058960700407624245,0.010171712376177311,-0.015067782253026962,0.0004407075175549835,0.0033756669145077467,-0.003816374344751239,-0.0006283565890043974,0.0035990658216178417,-0.002970709465444088,0.0024453054647892714,0.0037494939751923084,-0.006194799207150936,-0.0018730508163571358,0.004190610256046057,-0.0023175596725195646,5.023786798119545e-06,0.001667317934334278,-0.0016723419539630413,-0.0014138410333544016,0.0015995744615793228,-0.00018573354464024305,0.002685864921659231,0.002828598953783512,-0.005514464341104031,0.0055637843906879425,-0.0014545643934980035,-0.004109220579266548,-0.0012174249859526753,0.001633870298974216,-0.00041644525481387973,0.001702873152680695,-0.0012042057933285832,-0.0004986671265214682,-0.0009933282854035497,0.0021750826854258776,-0.0011817545164376497,0.0013284932356327772,0.000667553162202239,-0.0019960463978350163,0.0001995886559598148,-0.0006961331237107515,0.0004965444677509367,-0.0027299378998577595,0.0027056336402893066,2.4303531972691417e-05,-0.0002749178383965045,-0.00012988370144739747,0.0004048014816362411,-0.0004313030221965164,-0.002038731472566724,0.002470034407451749,0.0009580969926901162,0.00014165521133691072,-0.0010997520294040442,2.9503207770176232e-05,-0.0012966986978426576,0.0012671954464167356,0.0021982849575579166,-0.0008255646098405123,-0.0013727203477174044,-0.00013381446478888392,4.311568773118779e-05,9.069880616152659e-05,0.00030922715086489916,3.6572368117049336e-05,-0.00034579948987811804,-2.3778644390404224e-05,0.00048700085608288646,-0.00046322226990014315],[-0.0018040805589407682,-0.0078049032017588615,0.009608982130885124,0.006370429880917072,0.0021168412640690804,-0.008487275801599026,-0.001896109082736075,-0.008973516523838043,0.010869629681110382,0.003238772042095661,-0.0006544889765791595,-0.0025842790491878986,0.0002955910167656839,-0.002063451800495386,0.0017678611911833286,-0.01672104001045227,-0.015067782253026962,0.032788824290037155,0.0005619693547487259,-0.002972567221149802,0.0024105976335704327,0.0019578388892114162,-0.002790010068565607,0.0008321709465235472,-0.0036680561024695635,-0.003993848338723183,0.007661903742700815,-0.0011748864781111479,-0.006104056723415852,0.007278943434357643,0.002129514468833804,-0.0014446238055825233,-0.0006848906632512808,0.002717288676649332,-0.0012857404071837664,-0.0014315485022962093,-0.0028895875439047813,-0.002931874943897128,0.005821462720632553,-0.006733795162290335,0.0010575728956609964,0.005676222965121269,0.003410446224734187,-0.0027816100046038628,-0.0006288363365456462,-0.003192660165950656,0.0015734318876639009,0.0016192279290407896,0.001388617674820125,-0.0012711216695606709,-0.00011749565601348877,-0.0011149612255394459,-0.002020146930590272,0.003135107923299074,-0.001117887906730175,-0.0011265709763392806,0.002244458766654134,0.003498901380226016,-0.004549616482108831,0.0010507154511287808,0.0014023943804204464,-0.0014397904742509127,3.7396239349618554e-05,0.00014094682410359383,0.0018634134903550148,-0.0020043603144586086,-0.0018120520981028676,-0.0007423636270686984,0.0025544154923409224,0.00015413833898492157,0.0011764202499762177,-0.0013305585598573089,-0.0022021117620170116,0.002433756599202752,-0.00023164483718574047,5.8247158449376e-05,-4.672005889005959e-05,-1.1527066817507148e-05,-0.0003674359468277544,-0.00014637892309110612,0.0005138149135746062,-0.000933526549488306,-0.0015669070417061448,0.002500433474779129],[-0.002337608952075243,0.0013086955295875669,0.0010289137717336416,0.0026139281690120697,0.00020885193953290582,-0.0028227809816598892,-0.0019161577802151442,0.001148099428974092,0.0007680589333176613,0.002812886144965887,0.0012802816927433014,-0.004093167372047901,1.9628088921308517e-05,0.0004930187715217471,-0.0005126476753503084,-0.0010026770178228617,0.0004407075175549835,0.0005619693547487259,0.001214611460454762,0.013717381283640862,-0.013931992463767529,0.00046338821994140744,-8.450393215753138e-05,-0.0003788841422647238,0.0007861091289669275,-0.0006582762580364943,-0.00012783275451511145,-0.0011167485499754548,0.00020828988635912538,0.0009084586054086685,0.0014190252404659986,0.0006569327088072896,-0.0020759578328579664,0.0010089513380080462,0.0005174961988814175,-0.0015264477115124464,0.0007169062737375498,8.021597750484943e-05,-0.000797122425865382,0.0040214406326413155,-0.003535242984071374,-0.0004861978814005852,-0.00013914838200435042,5.1306793466210365e-05,8.784159581409767e-05,-0.00018379534594714642,-0.0016040261834859848,0.001787821645848453,0.00015114607231225818,-0.0008273044950328767,0.0006761583499610424,0.0008546542376279831,-0.0006328575545921922,-0.00022179659572429955,-0.0006338668172247708,-0.0007330880034714937,0.0013669547624886036,0.00024345723795704544,-0.0009323443518951535,0.0006888872012495995,0.0012073891703039408,-0.00029635033570230007,-0.000911038601770997,-0.0002721177297644317,-0.0007664520526304841,0.001038569724187255,-0.0001486713590566069,0.00026550181792117655,-0.00011683051707223058,-0.0006766655715182424,0.000530774355866015,0.00014589118654839694,0.00043318665120750666,-0.00039000529795885086,-4.3181353248655796e-05,-0.0005525383166968822,-0.00014857164933346212,0.0007011099951341748,7.710021600360051e-05,-0.0008342604851350188,0.0007571602473035455,0.00026953109772875905,-0.0010318950517103076,0.0007623641868121922],[-0.0003492591786198318,0.0015562425833195448,-0.0012069817166775465,-0.0020380504429340363,0.0034557506442070007,-0.001417698571458459,-0.001188717782497406,0.0032963030971586704,-0.0021075860131531954,0.0006956623983569443,0.004509142599999905,-0.005204805172979832,0.00015210499987006187,0.0024092707317322493,-0.002561376430094242,-0.0004030985292047262,0.0033756669145077467,-0.002972567221149802,0.013717381283640862,0.0024349400773644447,-0.015152320265769958,-0.0012978834565728903,0.0014230855740606785,-0.00012520200107246637,0.0009868091437965631,0.0022611343301832676,-0.0032479437068104744,-0.0022253617644309998,-0.00010889454279094934,0.0023342559579759836,0.0003959538880735636,0.004138271324336529,-0.004534225910902023,0.0013844440691173077,0.002097482793033123,-0.0034819263964891434,0.0032036127522587776,0.001890383311547339,-0.005093995947390795,0.003302693832665682,0.0006755453068763018,-0.003978239372372627,-0.00039457500679418445,-0.0021252662409096956,0.0025198415387421846,0.0009397147805429995,-0.001500474289059639,0.0005607594503089786,0.0003611463471315801,-0.0007432905258610845,0.00038214417872950435,0.0005430408054962754,-0.0004817535518668592,-6.128742825239897e-05,4.7787558287382126e-05,-0.0003765595320146531,0.0003287720319349319,-0.0009005105821415782,-0.0021882986184209585,0.003088809084147215,0.0001203978608828038,-0.0015209759585559368,0.0014005780685693026,-0.00012152556155342609,-0.0008926226291805506,0.0010141481179744005,-0.0004506528202909976,-0.0005451900651678443,0.0009958427399396896,0.0007142722606658936,-0.000840062159113586,0.00012578981113620102,0.0005495850346051157,-0.00016869831597432494,-0.00038088674773462117,-0.0006238651694729924,-0.0002646616194397211,0.0008885267889127135,0.00019216570944990963,1.2742966646328568e-05,-0.0002049086324404925,-0.0007259680423885584,-0.0003739599487744272,0.0010999279329553246],[0.0026868684217333794,-0.00286493799649179,0.0001780676539056003,-0.0005758780753239989,-0.003664602292701602,0.0042404793202877045,0.00310487556271255,-0.004444402642548084,0.0013395273126661777,-0.003508548252284527,-0.005789424292743206,0.009297972545027733,-0.00017173303058370948,-0.002902289619669318,0.003074024338275194,0.001405775430612266,-0.003816374344751239,0.0024105976335704327,-0.013931992463767529,-0.015152320265769958,0.030084317550063133,0.000834494479931891,-0.0013385817874222994,0.0005040873074904084,-0.0017729185055941343,-0.001602856325916946,0.0033757754135876894,0.00334211066365242,-9.939429583027959e-05,-0.003242715960368514,-0.0018149814568459988,-0.00479520671069622,0.0066101886332035065,-0.002393397968262434,-0.0026149810291826725,0.005008378531783819,-0.003920520655810833,-0.001970600336790085,0.005891121923923492,-0.007324137259274721,0.0028596939519047737,0.004464443773031235,0.0005337249021977186,0.0020739580504596233,-0.002607682254165411,-0.0007559182122349739,0.003104502335190773,-0.002348584122955799,-0.0005122931906953454,0.001570594497025013,-0.0010583014227449894,-0.0013976950431242585,0.001114611979573965,0.00028308306355029345,0.0005860789678990841,0.0011096467496827245,-0.0016957257175818086,0.0006570540135726333,0.00312064285390079,-0.0037776969838887453,-0.001327787060290575,0.0018173260614275932,-0.0004895390011370182,0.0003936437424272299,0.001659074448980391,-0.0020527183078229427,0.0005993235972709954,0.0002796887420117855,-0.00087901228107512,-3.760671825148165e-05,0.00030928710475564003,-0.00027168041560798883,-0.0009827716276049614,0.0005587029736489058,0.00042406877037137747,0.0011764033697545528,0.0004132328322157264,-0.001589636318385601,-0.00026926648570224643,0.0008215178386308253,-0.0005522512947209179,0.0004564373230095953,0.0014058544766157866,-0.0018622919451445341],[0.0012304503470659256,0.004086446017026901,-0.005316894967108965,0.0015054543036967516,0.007567103020846844,-0.009072556160390377,-0.0011564833112061024,0.0010925504611805081,6.393284274963662e-05,0.001338406465947628,0.00019273482030257583,-0.0015311426250264049,0.00051269237883389,0.00045841734390705824,-0.0009711093734949827,-0.0013294831151142716,-0.0006283565890043974,0.0019578388892114162,0.00046338821994140744,-0.0012978834565728903,0.000834494479931891,0.007135089486837387,0.0031279376707971096,-0.009263026528060436,-0.001785919419489801,-0.003220444777980447,0.005006363615393639,-0.0003385296440683305,0.0010825319914147258,-0.0007440022891387343,0.000