{"epoch":0,"H":[[0.02056039683520794,-0.019560398533940315,0.003864692058414221,-0.003864692524075508,0.006123872008174658,-0.006123872473835945,0.003023903351277113,-0.0030239035841077566,0.002926827408373356,-0.0029268276412039995,-0.001162756117992103,0.0011627556523308158,0.001948223216459155,-0.001948223216459155,0.004500205162912607,-0.00450020469725132,0.00515106413513422,-0.0051510632038116455,0.002808620920404792,-0.002808620920404792,0.0002637233701534569,-0.0002637227298691869,0.0038632352370768785,-0.0038632352370768785,0.0005457043880596757,-0.0005457043880596757,-0.0029390323907136917,0.0029390319250524044,-0.00028443237533792853,0.00028443237533792853,-0.0007898722542449832,0.0007898723124526441,-0.000373290095012635,0.000373290095012635,-0.0010408512316644192,0.0010408511152490973,0.001053104642778635,-0.001053104642778635,-0.00038188521284610033,0.00038188521284610033,0.0004896466271020472,-0.0004896466271020472,0.0002458046074025333,-0.00024580463650636375,0.0013122610980644822,-0.001312261214479804,-0.00020321813644841313,0.00020321807824075222,-0.0009493974503129721,0.0009493975667282939,0.0005386359989643097,-0.0005386359989643097,0.0017831046134233475,-0.0017831046134233475,0.0017538848333060741,-0.0017538848333060741],[-0.019560398533940315,0.02056039869785309,-0.003864692058414221,0.003864692524075508,-0.006123872008174658,0.006123872473835945,-0.003023903351277113,0.0030239035841077566,-0.002926827408373356,0.0029268276412039995,0.001162756117992103,-0.0011627556523308158,-0.001948223216459155,0.001948223216459155,-0.004500205162912607,0.00450020469725132,-0.00515106413513422,0.0051510632038116455,-0.002808620920404792,0.002808620920404792,-0.0002637233701534569,0.0002637227298691869,-0.0038632352370768785,0.0038632352370768785,-0.0005457043880596757,0.0005457043880596757,0.0029390323907136917,-0.0029390319250524044,0.00028443237533792853,-0.00028443237533792853,0.0007898722542449832,-0.0007898723124526441,0.000373290095012635,-0.000373290095012635,0.0010408512316644192,-0.0010408511152490973,-0.001053104642778635,0.001053104642778635,0.00038188521284610033,-0.00038188521284610033,-0.0004896466271020472,0.0004896466271020472,-0.0002458046074025333,0.00024580463650636375,-0.0013122610980644822,0.001312261214479804,0.00020321813644841313,-0.00020321807824075222,0.0009493974503129721,-0.0009493975667282939,-0.0005386359989643097,0.0005386359989643097,-0.0017831046134233475,0.0017831046134233475,-0.0017538848333060741,0.0017538848333060741],[0.003864692058414221,-0.003864692058414221,0.027588099241256714,-0.02658809721469879,0.003791952272877097,-0.003791952505707741,0.0034006035421043634,-0.0034006035421043634,0.004967052955180407,-0.004967052955180407,0.0013532178709283471,-0.0013532176380977035,0.003309271764010191,-0.003309271764010191,0.003814867464825511,-0.0038148672319948673,0.004092873074114323,-0.004092873074114323,0.001803735038265586,-0.001803734921850264,0.0011966684833168983,-0.0011966668535023928,0.006071084178984165,-0.006071084178984165,-0.0010772163514047861,0.0010772163514047861,0.0027397216763347387,-0.0027397226076573133,-0.0002466783334966749,0.00024667821708135307,0.0004584371636155993,-0.00045843725092709064,-0.0005760430358350277,0.0005760429776273668,-0.0021494333632290363,0.0021494333632290363,1.838988100644201e-05,-1.8389750039204955e-05,-0.0005334795569069684,0.0005334795569069684,8.460308890789747e-06,-8.460308890789747e-06,-0.0002271633711643517,0.00022716340026818216,0.0022675266955047846,-0.0022675266955047846,-0.00033387518487870693,0.0003338752139825374,-0.0011938659008592367,0.0011938659008592367,-0.0004314218822401017,0.0004314218822401017,0.0017739059403538704,-0.0017739059403538704,-0.0004030514392070472,0.0004030513809993863],[-0.003864692524075508,0.003864692524075508,-0.02658809721469879,0.027588099241256714,-0.003791952272877097,0.003791952505707741,-0.003400602610781789,0.003400602610781789,-0.004967052489519119,0.004967052489519119,-0.0013532181037589908,0.0013532181037589908,-0.0033092715311795473,0.003309271764010191,-0.0038148676976561546,0.003814867464825511,-0.004092874005436897,0.004092874005436897,-0.0018037351546809077,0.001803735038265586,-0.0011966683669015765,0.0011966685997322202,-0.0060710846446454525,0.006071084178984165,0.0010772163514047861,-0.001077216467820108,-0.0027397212106734514,0.0027397226076573133,0.00024667810066603124,-0.00024667821708135307,-0.000458437018096447,0.00045843736734241247,0.0005760429194197059,-0.000576042861212045,0.0021494333632290363,-0.0021494333632290363,-1.8389822798781097e-05,1.8389633623883128e-05,0.0005334794986993074,-0.0005334796151146293,-8.46027978695929e-06,8.46027978695929e-06,0.00022716342937201262,-0.00022716344392392784,-0.0022675269283354282,0.0022675269283354282,0.0003338750684633851,-0.00033387509756721556,0.0011938659008592367,-0.0011938659008592367,0.0004314218822401017,-0.0004314218822401017,-0.001773906173184514,0.001773906173184514,0.0004030514392070472,-0.0004030513809993863],[0.006123872008174658,-0.006123872008174658,0.003791952272877097,-0.003791952272877097,0.01075546070933342,-0.009755459614098072,0.003107269760221243,-0.003107269760221243,0.0013194686034694314,-0.0013194687198847532,0.0008155802497640252,-0.0008155805990099907,0.00025627121794968843,-0.00025627127615734935,0.0008924915455281734,-0.0008924914291128516,0.004603503737598658,-0.00460350327193737,0.0009275977499783039,-0.0009275975171476603,-9.841388964559883e-05,9.841378778219223e-05,-5.9332385717425495e-05,5.933239663136192e-05,0.0011451950995251536,-0.0011451952159404755,0.0008646307978779078,-0.0008646310889162123,-2.3919856175780296e-05,2.391982707194984e-05,0.000584166671615094,-0.000584166613407433,-0.00019010441610589623,0.0001901044452097267,-0.0004988681757822633,0.0004988681175746024,9.465165203437209e-05,-9.465162293054163e-05,-0.00017581513384357095,0.00017581513384357095,0.0004048009868711233,-0.0004048009868711233,7.204353460110724e-05,-7.204353460110724e-05,0.00147323589771986,-0.00147323589771986,-0.0001768770453054458,0.0001768770453054458,-0.00029718276346102357,0.0002971828216686845,-4.988285945728421e-05,4.988287400919944e-05,0.0010762454476207495,-0.0010762454476207495,0.00015555844584014267,-0.00015555847494397312],[-0.006123872473835945,0.006123872473835945,-0.003791952505707741,0.003791952505707741,-0.009755459614098072,0.010755459778010845,-0.003107269760221243,0.003107269760221243,-0.0013194686034694314,0.0013194687198847532,-0.0008155802497640252,0.0008155805990099907,-0.00025627121794968843,0.00025627127615734935,-0.0008924915455281734,0.0008924914291128516,-0.004603503737598658,0.00460350327193737,-0.0009275977499783039,0.0009275975171476603,9.841388964559883e-05,-9.841378778219223e-05,5.9332385717425495e-05,-5.933239663136192e-05,-0.0011451950995251536,0.0011451952159404755,-0.0008646307978779078,0.0008646310889162123,2.3919856175780296e-05,-2.391982707194984e-05,-0.000584166671615094,0.000584166613407433,0.00019010441610589623,-0.0001901044452097267,0.0004988681757822633,-0.0004988681175746024,-9.465165203437209e-05,9.465162293054163e-05,0.00017581513384357095,-0.00017581513384357095,-0.0004048009868711233,0.0004048009868711233,-7.204353460110724e-05,7.204353460110724e-05,-0.00147323589771986,0.00147323589771986,0.0001768770453054458,-0.0001768770453054458,0.00029718276346102357,-0.0002971828216686845,4.988285945728421e-05,-4.988287400919944e-05,-0.0010762454476207495,0.0010762454476207495,-0.00015555844584014267,0.00015555847494397312],[0.003023903351277113,-0.003023903351277113,0.0034006035421043634,-0.003400602610781789,0.003107269760221243,-0.003107269760221243,0.008106958121061325,-0.007106957957148552,0.002435964997857809,-0.002435964997857809,-0.0005189427174627781,0.000518942775670439,0.001979687949642539,-0.001979687949642539,0.0005312775610946119,-0.000531277502886951,0.001571744796819985,-0.001571744680404663,0.00043223873944953084,-0.00043223879765719175,-0.0005517890676856041,0.0005517891841009259,0.0001253984373761341,-0.00012539845192804933,0.0017063672421500087,-0.0017063671257346869,0.0011677100555971265,-0.001167710404843092,-0.0003376196837052703,0.0003376196254976094,0.0002368853020016104,-0.00023688534565735608,-0.0002823263930622488,0.0002823264221660793,-0.00031491986010223627,0.0003149198309984058,-0.0004900086205452681,0.0004900086205452681,-0.00019256933592259884,0.00019256933592259884,-9.720730304252356e-05,9.720730304252356e-05,-0.00020026389393024147,0.0002002639084821567,0.0002299816842423752,-0.00022998171334620565,-0.00014591726358048618,0.00014591726358048618,-0.00017576735990587622,0.00017576735990587622,-0.0004398698511067778,0.00043986982200294733,-0.0004108581051696092,0.00041085813427343965,-0.0009512701071798801,0.0009512701071798801],[-0.0030239035841077566,0.0030239035841077566,-0.0034006035421043634,0.003400602610781789,-0.003107269760221243,0.003107269760221243,-0.007106957957148552,0.008106958121061325,-0.002435964997857809,0.002435964997857809,0.0005189427174627781,-0.000518942775670439,-0.001979687949642539,0.001979687949642539,-0.0005312775610946119,0.000531277502886951,-0.001571744796819985,0.001571744680404663,-0.00043223873944953084,0.00043223879765719175,0.0005517890676856041,-0.0005517891841009259,-0.0001253984373761341,0.00012539845192804933,-0.0017063672421500087,0.0017063671257346869,-0.0011677100555971265,0.001167710404843092,0.0003376196837052703,-0.0003376196254976094,-0.0002368853020016104,0.00023688534565735608,0.0002823263930622488,-0.0002823264221660793,0.00031491986010223627,-0.0003149198309984058,0.0004900086205452681,-0.0004900086205452681,0.00019256933592259884,-0.00019256933592259884,9.720730304252356e-05,-9.720730304252356e-05,0.00020026389393024147,-0.0002002639084821567,-0.0002299816842423752,0.00022998171334620565,0.00014591726358048618,-0.00014591726358048618,0.00017576735990587622,-0.00017576735990587622,0.0004398698511067778,-0.00043986982200294733,0.0004108581051696092,-0.00041085813427343965,0.0009512701071798801,-0.0009512701071798801],[0.002926827408373356,-0.002926827408373356,0.004967052955180407,-0.004967052489519119,0.0013194686034694314,-0.0013194686034694314,0.002435964997857809,-0.002435964997857809,0.005625818856060505,-0.004625819157809019,-0.00023061480897013098,0.0002306149253854528,0.0009737716754898429,-0.0009737716754898429,0.0016106064431369305,-0.0016106064431369305,0.0002809434663504362,-0.0002809434081427753,8.086809248197824e-05,-8.086812886176631e-05,-0.00023211422376334667,0.00023211428197100759,0.0007888249820098281,-0.0007888249238021672,1.7271420801989734e-05,-1.7271420801989734e-05,-0.0002330630086362362,0.00023306297953240573,-0.0004377633158583194,0.00043776334496214986,-0.0002194068511016667,0.00021940686565358192,-0.00039182871114462614,0.00039182876935228705,-0.0005502617568708956,0.0005502617568708956,0.00013276681420393288,-0.00013276678510010242,-0.0003280782257206738,0.0003280782257206738,-6.169746484374627e-05,6.169746484374627e-05,-1.4020526577951387e-05,1.4020519301993772e-05,0.00023083816631697118,-0.00023083816631697118,-0.00024613371351733804,0.00024613371351733804,-0.0002732460852712393,0.0002732460852712393,0.00013329590728972107,-0.00013329590728972107,0.00026290753157809377,-0.00026290753157809377,8.964634616859257e-07,-8.96474375622347e-07],[-0.0029268276412039995,0.0029268276412039995,-0.004967052955180407,0.004967052489519119,-0.0013194687198847532,0.0013194687198847532,-0.002435964997857809,0.002435964997857809,-0.004625819157809019,0.005625818856060505,0.00023061489628162235,-0.00023061467800289392,-0.0009737716754898429,0.0009737716754898429,-0.0016106069087982178,0.0016106069087982178,-0.0002809430006891489,0.0002809430588968098,-8.086823800113052e-05,8.086825982900336e-05,0.00023211410734802485,-0.00023211428197100759,-0.0007888251566328108,0.0007888251566328108,-1.7271260730922222e-05,1.7271318938583136e-05,0.00023306283401325345,-0.0002330628631170839,0.00043776334496214986,-0.0004377633740659803,0.00021940679289400578,-0.00021940677834209055,0.00039182876935228705,-0.00039182876935228705,0.0005502615822479129,-0.0005502615822479129,-0.00013276681420393288,0.00013276675599627197,0.0003280781675130129,-0.0003280781675130129,6.16974793956615e-05,-6.16974793956615e-05,1.4020562957739457e-05,-1.402055931976065e-05,-0.00023083800624590367,0.00023083803534973413,0.0002461337426211685,-0.0002461337426211685,0.0002732460852712393,-0.0002732460852712393,-0.0001332958636339754,0.0001332958636339754,-0.00026290753157809377,0.00026290753157809377,-8.964780136011541e-07,8.964852895587683e-07],[-0.001162756117992103,0.001162756117992103,0.0013532178709283471,-0.0013532181037589908,0.0008155802497640252,-0.0008155802497640252,-0.0005189427174627781,0.0005189427174627781,-0.00023061480897013098,0.00023061489628162235,0.005317530129104853,-0.004317530430853367,0.00014330376870930195,-0.00014330376870930195,6.948222289793193e-05,-6.948222289793193e-05,0.0008153395028784871,-0.0008153393282555044,-0.00017875316552817822,0.000178753150976263,0.001718410523608327,-0.001718410407193005,9.702295938041061e-05,-9.702293027658015e-05,0.00017341782222501934,-0.0001734178513288498,0.000326128036249429,-0.000326128036249429,0.0009924976620823145,-0.0009924976620823145,0.0005975125241093338,-0.0005975125241093338,0.0006764510762877762,-0.0006764511344954371,0.000788328587077558,-0.0007883285288698971,-0.0005363075761124492,0.0005363074596971273,0.000522397633176297,-0.000522397633176297,-2.692395355552435e-07,2.692395355552435e-07,-3.844389721052721e-05,3.84438899345696e-05,0.00011752550926757976,-0.00011752553837141022,0.00042438015225343406,-0.0004243801231496036,0.0005128089105710387,-0.0005128089105710387,-0.0002584580797702074,0.0002584580797702074,0.0002095868403557688,-0.00020958686945959926,8.018039079615846e-05,-8.018039807211608e-05],[0.0011627556523308158,-0.0011627556523308158,-0.0013532176380977035,0.0013532181037589908,-0.0008155805990099907,0.0008155805990099907,0.000518942775670439,-0.000518942775670439,0.0002306149253854528,-0.00023061467800289392,-0.004317530430853367,0.00531753059476614,-0.00014330391422845423,0.00014330391422845423,-6.948242662474513e-05,6.948239752091467e-05,-0.0008153400267474353,0.0008153398521244526,0.00017875297635328025,-0.00017875296180136502,-0.001718410407193005,0.0017184101743623614,-9.702299576019868e-05,9.702297393232584e-05,-0.00017341729835607111,0.00017341729835607111,-0.0003261279780417681,0.00032612812356092036,-0.0009924976620823145,0.0009924976620823145,-0.0005975126405246556,0.0005975126405246556,-0.0006764510762877762,0.0006764511344954371,-0.0007883287034928799,0.000788328645285219,0.0005363073432818055,-0.0005363073432818055,-0.0005223976913839579,0.0005223976913839579,2.691049303393811e-07,-2.691049303393811e-07,3.844379534712061e-05,-3.8443788071163e-05,-0.00011752577847801149,0.00011752580030588433,-0.00042438023956492543,0.00042438023956492543,-0.0005128089105710387,0.0005128089105710387,0.0002584580215625465,-0.0002584580215625465,-0.00020958718960173428,0.00020958721870556474,-8.018062362680212e-05,8.018062362680212e-05],[0.001948223216459155,-0.001948223216459155,0.003309271764010191,-0.0033092715311795473,0.00025627121794968843,-0.00025627121794968843,0.001979687949642539,-0.001979687949642539,0.0009737716754898429,-0.0009737716754898429,0.00014330376870930195,-0.00014330391422845423,0.0030251233838498592,-0.002025123918429017,0.0005005847197026014,-0.0005005846032872796,0.000969248590990901,-0.0009692485327832401,0.0004536614869721234,-0.00045366142876446247,0.0003689989971462637,-0.00036899856058880687,0.00036892740172334015,-0.0003689274308271706,-0.0003692084865178913,0.0003692084283102304,0.0007196075166575611,-0.0007196078076958656,-0.0005144311580806971,0.0005144311580806971,-0.00023167782637756318,0.00023167779727373272,-0.00037096161395311356,0.00037096161395311356,-0.0006519282469525933,0.0006519282469525933,3.4818222047761083e-06,-3.4818222047761083e-06,-0.0002915507648140192,0.0002915507648140192,-0.00016494472220074385,0.00016494472220074385,-9.708180732559413e-05,9.708181460155174e-05,0.0001473640586482361,-0.00014736407320015132,-0.00022300252749118954,0.00022300254204310477,-0.0004421296762302518,0.0004421296762302518,-9.003107697935775e-05,9.003106970340014e-05,0.00019179987430106848,-0.00019179987430106848,-0.0001033273947541602,0.00010332738747820258],[-0.001948223216459155,0.001948223216459155,-0.003309271764010191,0.003309271764010191,-0.00025627127615734935,0.00025627127615734935,-0.001979687949642539,0.001979687949642539,-0.0009737716754898429,0.0009737716754898429,-0.00014330376870930195,0.00014330391422845423,-0.002025123918429017,0.0030251238495111465,-0.0005005847197026014,0.0005005846032872796,-0.000969248590990901,0.0009692485327832401,-0.0004536614869721234,0.00045366142876446247,-0.0003689989971462637,0.00036899856058880687,-0.00036892740172334015,0.0003689274308271706,0.0003692084865178913,-0.0003692084283102304,-0.0007196075166575611,0.0007196078076958656,0.0005144311580806971,-0.0005144311580806971,0.00023167782637756318,-0.00023167779727373272,0.00037096161395311356,-0.00037096161395311356,0.0006519282469525933,-0.0006519282469525933,-3.4818222047761083e-06,3.4818222047761083e-06,0.0002915507648140192,-0.0002915507648140192,0.00016494472220074385,-0.00016494472220074385,9.708180732559413e-05,-9.708181460155174e-05,-0.0001473640586482361,0.00014736407320015132,0.00022300252749118954,-0.00022300254204310477,0.0004421296762302518,-0.0004421296762302518,9.003107697935775e-05,-9.003106970340014e-05,-0.00019179987430106848,0.00019179987430106848,0.0001033273947541602,-0.00010332738747820258],[0.004500205162912607,-0.004500205162912607,0.003814867464825511,-0.0038148676976561546,0.0008924915455281734,-0.0008924915455281734,0.0005312775610946119,-0.0005312775610946119,0.0016106064431369305,-0.0016106069087982178,6.948222289793193e-05,-6.948242662474513e-05,0.0005005847197026014,-0.0005005847197026014,0.003121734596788883,-0.0021217339672148228,0.001534309471026063,-0.001534309471026063,0.00012394128134474158,-0.00012394126679282635,-0.00033346624695695937,0.000333466159645468,0.0004577389336191118,-0.0004577389336191118,0.00043121533235535026,-0.00043121527414768934,-0.00036139035364612937,0.00036139044095762074,-0.0006143933860585093,0.0006143933860585093,-0.0002254896826343611,0.00022548969718627632,-0.0004188355233054608,0.0004188355233054608,-0.0002522272407077253,0.0002522272407077253,0.00023814105952624232,-0.0002381410449743271,-0.0003412999794818461,0.0003412999794818461,-4.524869655142538e-05,4.524869655142538e-05,4.6245375415310264e-05,-4.624538269126788e-05,0.0002524405426811427,-0.0002524405426811427,-0.000263282039668411,0.00026328201056458056,-0.00014622531307395548,0.0001462253276258707,0.0001438900362700224,-0.0001438900362700224,0.00014194325194694102,-0.0001419432373950258,0.0001922960509546101,-0.0001922960509546101],[-0.00450020469725132,0.00450020469725132,-0.0038148672319948673,0.003814867464825511,-0.0008924914291128516,0.0008924914291128516,-0.000531277502886951,0.000531277502886951,-0.0016106064431369305,0.0016106069087982178,-6.948222289793193e-05,6.948239752091467e-05,-0.0005005846032872796,0.0005005846032872796,-0.0021217339672148228,0.003121734829619527,-0.0015343097038567066,0.0015343099366873503,-0.00012394138320814818,0.0001239413977600634,0.00033346618874929845,-0.00033346624695695937,-0.00045773887541145086,0.0004577389918267727,-0.00043121533235535026,0.00043121527414768934,0.00036139029543846846,-0.00036139029543846846,0.0006143933860585093,-0.0006143933860585093,0.00022548969718627632,-0.00022548969718627632,0.00041883549420163035,-0.00041883549420163035,0.00025222712429240346,-0.00025222712429240346,-0.00023814107407815754,0.0002381410449743271,0.0003412999794818461,-0.0003412999794818461,4.524869655142538e-05,-4.524869655142538e-05,-4.624533903552219e-05,4.624533903552219e-05,-0.00025244042626582086,0.00025244042626582086,0.000263282039668411,-0.000263282039668411,0.00014622534217778593,-0.00014622535672970116,-0.00014388997806236148,0.00014388997806236148,-0.00014194316463544965,0.00014194317918736488,-0.00019229583267588168,0.0001922958472277969],[0.00515106413513422,-0.00515106413513422,0.004092873074114323,-0.004092874005436897,0.004603503737598658,-0.004603503737598658,0.001571744796819985,-0.001571744796819985,0.0002809434663504362,-0.0002809430006891489,0.0008153395028784871,-0.0008153400267474353,0.000969248590990901,-0.000969248590990901,0.001534309471026063,-0.0015343097038567066,0.006483043543994427,-0.005483043380081654,0.0009027689811773598,-0.0009027689811773598,7.771782111376524e-05,-7.7717391832266e-05,0.0010280865244567394,-0.0010280865244567394,-9.612675057724118e-05,9.61267069214955e-05,-0.0013708453625440598,0.0013708448968827724,-0.0005930543411523104,0.0005930543411523104,-0.0005810402799397707,0.0005810402799397707,-0.00019700208213180304,0.00019700202392414212,-0.0003376977692823857,0.0003376978274900466,0.0013304251478984952,-0.0013304251478984952,-0.0001455233432352543,0.0001455233432352543,0.00018477511184755713,-0.00018477511184755713,0.00028479425236582756,-0.000284794281469658,0.0006388911860994995,-0.0006388912443071604,-3.6634766729548573e-05,3.663479583337903e-05,-0.0001458157494198531,0.00014581572031602263,0.0005765684763900936,-0.0005765684763900936,0.001171084470115602,-0.001171084470115602,0.0009174070437438786,-0.0009174071019515395],[-0.0051510632038116455,0.0051510632038116455,-0.004092873074114323,0.004092874005436897,-0.00460350327193737,0.00460350327193737,-0.001571744680404663,0.001571744680404663,-0.0002809434081427753,0.0002809430588968098,-0.0008153393282555044,0.0008153398521244526,-0.0009692485327832401,0.0009692485327832401,-0.001534309471026063,0.0015343099366873503,-0.005483043380081654,0.006483043078333139,-0.0009027689811773598,0.0009027689811773598,-7.771776290610433e-05,7.771760283503681e-05,-0.0010280862916260958,0.001028086175210774,9.612676512915641e-05,-9.612676512915641e-05,0.0013708450132980943,-0.0013708448968827724,0.0005930541665293276,-0.0005930541665293276,0.0005810402799397707,-0.0005810402799397707,0.00019700205302797258,-0.00019700202392414212,0.00033769774017855525,-0.00033769779838621616,-0.0013304251478984952,0.0013304250314831734,0.00014552338689099997,-0.00014552338689099997,-0.00018477512639947236,0.00018477512639947236,-0.0002847942232619971,0.00028479425236582756,-0.0006388911278918386,0.0006388911860994995,3.663482493720949e-05,-3.663481038529426e-05,0.00014581586583517492,-0.00014581589493900537,-0.0005765684181824327,0.0005765684181824327,-0.001171084470115602,0.0011710845865309238,-0.0009174071019515395,0.0009174071019515395],[0.002808620920404792,-0.002808620920404792,0.001803735038265586,-0.0018037351546809077,0.0009275977499783039,-0.0009275977499783039,0.00043223873944953084,-0.00043223873944953084,8.086809248197824e-05,-8.086823800113052e-05,-0.00017875316552817822,0.00017875297635328025,0.0004536614869721234,-0.0004536614869721234,0.00012394128134474158,-0.00012394138320814818,0.0009027689811773598,-0.0009027689811773598,0.002494700253009796,-0.0014946996234357357,0.0003978584718424827,-0.0003978585882578045,0.0007312665111385286,-0.0007312664529308677,-0.0005436401115730405,0.0005436399951577187,-0.00026263322797603905,0.00026263308245688677,-0.00018292861932422966,0.00018292867753189057,-5.214015254750848e-05,5.2140181651338935e-05,-0.00016868581587914377,0.000168685830431059,-0.0003533071430865675,0.00035330705577507615,0.0006584482034668326,-0.0006584481452591717,-0.0001502823579357937,0.00015028234338387847,0.00021983744227327406,-0.00021983744227327406,0.00011341054050717503,-0.00011341055505909026,0.00027811070322059095,-0.00027811070322059095,-9.812456119107082e-05,9.812453208724037e-05,-0.0002819086075760424,0.00028190863667987287,0.0004169509920757264,-0.0004169509920757264,0.0006184525554999709,-0.0006184525554999709,0.0006941166357137263,-0.0006941165775060654],[-0.002808620920404792,0.002808620920404792,-0.001803734921850264,0.001803735038265586,-0.0009275975171476603,0.0009275975171476603,-0.00043223879765719175,0.00043223879765719175,-8.086812886176631e-05,8.086825982900336e-05,0.000178753150976263,-0.00017875296180136502,-0.00045366142876446247,0.00045366142876446247,-0.00012394126679282635,0.0001239413977600634,-0.0009027689811773598,0.0009027689811773598,-0.0014946996234357357,0.0024946986231952906,-0.0003978583845309913,0.00039785823901183903,-0.0007312665111385286,0.0007312665111385286,0.0005436401115730405,-0.0005436399951577187,0.0002626332570798695,-0.00026263308245688677,0.00018292864842806011,-0.00018292864842806011,5.2140094339847565e-05,-5.214012344367802e-05,0.00016868588863871992,-0.00016868591774255037,0.000353307172190398,-0.0003533070266712457,-0.0006584481452591717,0.0006584480870515108,0.00015028240159153938,-0.0001502824161434546,-0.00021983742772135884,0.00021983742772135884,-0.00011341049685142934,0.00011341050412738696,-0.0002781106741167605,0.0002781106741167605,9.812452481128275e-05,-9.812451025936753e-05,0.00028190863667987287,-0.0002819086948875338,-0.000416950904764235,0.000416950904764235,-0.0006184524390846491,0.00061845249729231,-0.0006941163446754217,0.0006941163446754217],[0.0002637233701534569,-0.0002637233701534569,0.0011966684833168983,-0.0011966683669015765,-9.841388964559883e-05,9.841388964559883e-05,-0.0005517890676856041,0.0005517890676856041,-0.00023211422376334667,0.00023211410734802485,0.001718410523608327,-0.001718410407193005,0.0003689989971462637,-0.0003689989971462637,-0.00033346624695695937,0.00033346618874929845,7.771782111376524e-05,-7.771776290610433e-05,0.0003978584718424827,-0.0003978583845309913,0.003768129739910364,-0.0027681286446750164,0.0002835920313373208,-0.0002835920313373208,-0.0012050061486661434,0.0012050061486661434,4.0763989090919495e-06,-4.0763989090919495e-06,0.00048595364205539227,-0.00048595364205539227,0.00019057851750403643,-0.00019057853205595165,0.00026164203882217407,-0.00026164206792600453,0.0002885050780605525,-0.0002885050780605525,0.0003914219851139933,-0.0003914219851139933,0.00021641152852680534,-0.00021641152852680534,-7.028041000012308e-05,7.028041000012308e-05,3.4690725442487746e-05,-3.4690729080466554e-05,-0.00011984127195319161,0.00011984127195319161,0.00014960119733586907,-0.00014960118278395385,0.00019391352543607354,-0.00019391358364373446,0.00010605678835418075,-0.00010605678835418075,-3.889818617608398e-05,3.889818617608398e-05,0.00027683249209076166,-0.00027683249209076166],[-0.0002637227298691869,0.0002637227298691869,-0.0011966668535023928,0.0011966685997322202,9.841378778219223e-05,-9.841378778219223e-05,0.0005517891841009259,-0.0005517891841009259,0.00023211428197100759,-0.00023211428197100759,-0.001718410407193005,0.0017184101743623614,-0.00036899856058880687,0.00036899856058880687,0.000333466159645468,-0.00033346624695695937,-7.7717391832266e-05,7.771760283503681e-05,-0.0003978585882578045,0.00039785823901183903,-0.0027681286446750164,0.003768129274249077,-0.0002835917111951858,0.00028359174029901624,0.0012050061486661434,-0.0012050060322508216,-4.076428012922406e-06,4.076369805261493e-06,-0.00048595364205539227,0.00048595364205539227,-0.00019057848840020597,0.0001905785029521212,-0.00026164206792600453,0.00026164203882217407,-0.00028850501985289156,0.00028850501985289156,-0.00039142181049101055,0.00039142181049101055,-0.0002164115576306358,0.00021641157218255103,7.028041000012308e-05,-7.028041000012308e-05,-3.469069633865729e-05,3.46906999766361e-05,0.00011984128650510684,-0.00011984128650510684,-0.00014960119733586907,0.00014960118278395385,-0.00019391353998798877,0.000193913554539904,-0.00010605678835418075,0.00010605679563013837,3.8898280763532966e-05,-3.8898280763532966e-05,-0.00027683243388310075,0.0002768324047792703],[0.0038632352370768785,-0.0038632352370768785,0.006071084178984165,-0.0060710846446454525,-5.9332385717425495e-05,5.9332385717425495e-05,0.0001253984373761341,-0.0001253984373761341,0.0007888249820098281,-0.0007888251566328108,9.702295938041061e-05,-9.702299576019868e-05,0.00036892740172334015,-0.00036892740172334015,0.0004577389336191118,-0.00045773887541145086,0.0010280865244567394,-0.0010280862916260958,0.0007312665111385286,-0.0007312665111385286,0.0002835920313373208,-0.0002835917111951858,0.002228859346359968,-0.0012288592988625169,-0.0008717511664144695,0.0008717511664144695,0.0002383021783316508,-0.0002383022801950574,-0.0002092692448059097,0.0002092692448059097,-0.0001983215188374743,0.00019832153338938951,-0.0001485149987274781,0.00014851494051981717,-0.00012290113954804838,0.00012290118320379406,0.0005048550665378571,-0.0005048550665378571,-0.0001246001775143668,0.00012460019206628203,-7.787137292325497e-06,7.787137292325497e-06,9.448814671486616e-05,-9.448816126678139e-05,2.0085484720766544e-05,-2.0085484720766544e-05,-8.619901927886531e-05,8.619900472695008e-05,-0.00011567551700863987,0.00011567555338842794,0.00028473144629970193,-0.00028473144629970193,0.00029123475542292,-0.00029123475542292,0.0005477156373672187,-0.0005477156373672187],[-0.0038632352370768785,0.0038632352370768785,-0.006071084178984165,0.006071084178984165,5.933239663136192e-05,-5.933239663136192e-05,-0.00012539845192804933,0.00012539845192804933,-0.0007888249238021672,0.0007888251566328108,-9.702293027658015e-05,9.702297393232584e-05,-0.0003689274308271706,0.0003689274308271706,-0.0004577389336191118,0.0004577389918267727,-0.0010280865244567394,0.001028086175210774,-0.0007312664529308677,0.0007312665111385286,-0.0002835920313373208,0.00028359174029901624,-0.0012288592988625169,0.002228859346359968,0.0008717511664144695,-0.0008717511664144695,-0.0002383021783316508,0.0002383022801950574,0.0002092692448059097,-0.0002092692448059097,0.0001983215188374743,-0.00019832153338938951,0.0001485149987274781,-0.00014851494051981717,0.00012290113954804838,-0.00012290118320379406,-0.0005048550665378571,0.0005048550665378571,0.0001246001775143668,-0.00012460019206628203,7.787137292325497e-06,-7.787137292325497e-06,-9.448814671486616e-05,9.448816126678139e-05,-2.0085484720766544e-05,2.0085484720766544e-05,8.619901927886531e-05,-8.619900472695008e-05,0.00011567551700863987,-0.00011567555338842794,-0.00028473144629970193,0.00028473144629970193,-0.00029123475542292,0.00029123475542292,-0.0005477156373672187,0.0005477156373672187],[0.0005457043880596757,-0.0005457043880596757,-0.0010772163514047861,0.0010772163514047861,0.0011451950995251536,-0.0011451950995251536,0.0017063672421500087,-0.0017063672421500087,1.7271420801989734e-05,-1.7271260730922222e-05,0.00017341782222501934,-0.00017341729835607111,-0.0003692084865178913,0.0003692084865178913,0.00043121533235535026,-0.00043121533235535026,-9.612675057724118e-05,9.612676512915641e-05,-0.0005436401115730405,0.0005436401115730405,-0.0012050061486661434,0.0012050061486661434,-0.0008717511664144695,0.0008717511664144695,0.005266624037176371,-0.0042666238732635975,0.0001181684056064114,-0.00011816836922662333,0.000805822666734457,-0.000805822666734457,0.0003838669217657298,-0.00038386695086956024,0.0005788251291960478,-0.0005788251291960478,0.0004026454407721758,-0.00040264541166834533,-0.0007001850754022598,0.0007001850754022598,0.0004499448696151376,-0.0004499448696151376,2.8825292247347534e-05,-2.8825292247347534e-05,-0.0001316249545197934,0.00013162496907170862,-0.00015380707918666303,0.00015380707918666303,0.0003774558426812291,-0.0003774558426812291,0.00029565999284386635,-0.0002956600219476968,-0.0004179149109404534,0.0004179149109404534,-0.0005173056852072477,0.0005173056852072477,-0.0006775929359719157,0.0006775929941795766],[-0.0005457043880596757,0.0005457043880596757,0.0010772163514047861,-0.001077216467820108,-0.0011451952159404755,0.0011451952159404755,-0.0017063671257346869,0.0017063671257346869,-1.7271420801989734e-05,1.7271318938583136e-05,-0.0001734178513288498,0.00017341729835607111,0.0003692084283102304,-0.0003692084283102304,-0.00043121527414768934,0.00043121527414768934,9.61267069214955e-05,-9.612676512915641e-05,0.0005436399951577187,-0.0005436399951577187,0.0012050061486661434,-0.0012050060322508216,0.0008717511664144695,-0.0008717511664144695,-0.0042666238732635975,0.005266624037176371,-0.0001181684056064114,0.00011816836922662333,-0.000805822666734457,0.000805822666734457,-0.0003838669217657298,0.00038386695086956024,-0.0005788251291960478,0.0005788251291960478,-0.0004026454407721758,0.00040264541166834533,0.0007001850754022598,-0.0007001850754022598,-0.0004499448696151376,0.0004499448696151376,-2.8825292247347534e-05,2.8825292247347534e-05,0.0001316249545197934,-0.00013162496907170862,0.00015380707918666303,-0.00015380707918666303,-0.0003774558426812291,0.0003774558426812291,-0.00029565999284386635,0.0002956600219476968,0.0004179149109404534,-0.0004179149109404534,0.0005173056852072477,-0.0005173056852072477,0.0006775929359719157,-0.0006775929941795766],[-0.0029390323907136917,0.0029390323907136917,0.0027397216763347387,-0.0027397212106734514,0.0008646307978779078,-0.0008646307978779078,0.0011677100555971265,-0.0011677100555971265,-0.0002330630086362362,0.00023306283401325345,0.000326128036249429,-0.0003261279780417681,0.0007196075166575611,-0.0007196075166575611,-0.00036139035364612937,0.00036139029543846846,-0.0013708453625440598,0.0013708450132980943,-0.00026263322797603905,0.0002626332570798695,4.0763989090919495e-06,-4.076428012922406e-06,0.0002383021783316508,-0.0002383021783316508,0.0001181684056064114,-0.0001181684056064114,0.005132648162543774,-0.004132646601647139,-0.00027331963065080345,0.000273319601546973,0.00011933256610063836,-0.00011933255154872313,-0.00023783145297784358,0.00023783148208167404,0.00010877579188672826,-0.0001087758137146011,-0.0011473377235233784,0.0011473376071080565,-0.00024083862081170082,0.00024083864991553128,8.088009781204164e-05,-8.088009781204164e-05,-0.0002248773816972971,0.00022487742535304278,-1.8837323295883834e-05,1.883735239971429e-05,-0.0001999540691031143,0.00019995405455119908,1.115544728236273e-05,-1.1155440006405115e-05,-0.0003973024431616068,0.0003973024431616068,-0.0005822820239700377,0.0005822820239700377,-0.0009315012721344829,0.0009315012721344829],[0.0029390319250524044,-0.0029390319250524044,-0.0027397226076573133,0.0027397226076573133,-0.0008646310889162123,0.0008646310889162123,-0.001167710404843092,0.001167710404843092,0.00023306297953240573,-0.0002330628631170839,-0.000326128036249429,0.00032612812356092036,-0.0007196078076958656,0.0007196078076958656,0.00036139044095762074,-0.00036139029543846846,0.0013708448968827724,-0.0013708448968827724,0.00026263308245688677,-0.00026263308245688677,-4.0763989090919495e-06,4.076369805261493e-06,-0.0002383022801950574,0.0002383022801950574,-0.00011816836922662333,0.00011816836922662333,-0.004132646601647139,0.005132646299898624,0.0002733196597546339,-0.0002733196597546339,-0.00011933265341212973,0.00011933265341212973,0.00023783159849699587,-0.0002378316130489111,-0.00010877568274736404,0.00010877566819544882,0.0011473378399387002,-0.0011473377235233784,0.0002408387663308531,-0.0002408387663308531,-8.088009781204164e-05,8.088009781204164e-05,0.00022487746900878847,-0.00022487751266453415,1.8837381503544748e-05,-1.8837381503544748e-05,0.0001999541709665209,-0.00019995415641460568,-1.115539635065943e-05,1.1155410902574658e-05,0.00039730241405777633,-0.00039730241405777633,0.0005822819657623768,-0.0005822820821776986,0.000931501155719161,-0.000931501155719161],[-0.00028443237533792853,0.00028443237533792853,-0.0002466783334966749,0.00024667810066603124,-2.3919856175780296e-05,2.3919856175780296e-05,-0.0003376196837052703,0.0003376196837052703,-0.0004377633158583194,0.00043776334496214986,0.0009924976620823145,-0.0009924976620823145,-0.0005144311580806971,0.0005144311580806971,-0.0006143933860585093,0.0006143933860585093,-0.0005930543411523104,0.0005930541665293276,-0.00018292861932422966,0.00018292864842806011,0.00048595364205539227,-0.00048595364205539227,-0.0002092692448059097,0.0002092692448059097,0.000805822666734457,-0.000805822666734457,-0.00027331963065080345,0.0002733196597546339,0.0018536853604018688,-0.0008536850800737739,0.0007955189794301987,-0.0007955189794301987,0.0006356307421810925,-0.0006356307421810925,0.0006764887366443872,-0.0006764887366443872,-0.0008735567680560052,0.0008735566516406834,0.0005007486324757338,-0.0005007485742680728,0.0002745160018093884,-0.0002745160018093884,-6.33221716270782e-05,6.332216435112059e-05,-6.155145820230246e-05,6.155144365038723e-05,0.00039065704913809896,-0.0003906570782419294,0.00045230297837406397,-0.00045230297837406397,-0.0008265525102615356,0.0008265525102615356,-4.30590589530766e-05,4.305905167711899e-05,-0.000689209729898721,0.000689209729898721],[0.00028443237533792853,-0.00028443237533792853,0.00024667821708135307,-0.00024667821708135307,2.391982707194984e-05,-2.391982707194984e-05,0.0003376196254976094,-0.0003376196254976094,0.00043776334496214986,-0.0004377633740659803,-0.0009924976620823145,0.0009924976620823145,0.0005144311580806971,-0.0005144311580806971,0.0006143933860585093,-0.0006143933860585093,0.0005930543411523104,-0.0005930541665293276,0.00018292867753189057,-0.00018292864842806011,-0.00048595364205539227,0.00048595364205539227,0.0002092692448059097,-0.0002092692448059097,-0.000805822666734457,0.000805822666734457,0.000273319601546973,-0.0002733196597546339,-0.0008536850800737739,0.0018536851275712252,-0.0007955189794301987,0.0007955189794301987,-0.0006356307421810925,0.0006356307421810925,-0.0006764887366443872,0.0006764887366443872,0.0008735567680560052,-0.0008735566516406834,-0.0005007486324757338,0.0005007485742680728,-0.0002745160018093884,0.0002745160018093884,6.33221716270782e-05,-6.332216435112059e-05,6.155145820230246e-05,-6.155144365038723e-05,-0.00039065704913809896,0.0003906570782419294,-0.00045230297837406397,0.00045230297837406397,0.0008265525102615356,-0.0008265525102615356,4.30590589530766e-05,-4.305905167711899e-05,0.000689209729898721,-0.000689209729898721],[-0.0007898722542449832,0.0007898722542449832,0.0004584371636155993,-0.000458437018096447,0.000584166671615094,-0.000584166671615094,0.0002368853020016104,-0.0002368853020016104,-0.0002194068511016667,0.00021940679289400578,0.0005975125241093338,-0.0005975126405246556,-0.00023167782637756318,0.00023167782637756318,-0.0002254896826343611,0.00022548969718627632,-0.0005810402799397707,0.0005810402799397707,-5.214015254750848e-05,5.2140094339847565e-05,0.00019057851750403643,-0.00019057848840020597,-0.0001983215188374743,0.0001983215188374743,0.0003838669217657298,-0.0003838669217657298,0.00011933256610063836,-0.00011933265341212973,0.0007955189794301987,-0.0007955189794301987,0.003228023648262024,-0.002228023251518607,0.0005124896997585893,-0.0005124895833432674,0.0007454430451616645,-0.0007454431615769863,-0.0004189455066807568,0.00041894553578458726,0.0004080727812834084,-0.00040807275217957795,0.0005987769109196961,-0.0005987769109196961,-6.039158324711025e-05,6.039156869519502e-05,-0.00016780334408394992,0.00016780334408394992,0.00033796680509112775,-0.0003379668341949582,0.0004365865606814623,-0.0004365865024738014,-0.00015207313117571175,0.0001520731602795422,-3.101912443526089e-05,3.101915353909135e-05,-0.0006629995768889785,0.0006629995768889785],[0.0007898723124526441,-0.0007898723124526441,-0.00045843725092709064,0.00045843736734241247,-0.000584166613407433,0.000584166613407433,-0.00023688534565735608,0.00023688534565735608,0.00021940686565358192,-0.00021940677834209055,-0.0005975125241093338,0.0005975126405246556,0.00023167779727373272,-0.00023167779727373272,0.00022548969718627632,-0.00022548969718627632,0.0005810402799397707,-0.0005810402799397707,5.2140181651338935e-05,-5.214012344367802e-05,-0.00019057853205595165,0.0001905785029521212,0.00019832153338938951,-0.00019832153338938951,-0.00038386695086956024,0.00038386695086956024,-0.00011933255154872313,0.00011933265341212973,-0.0007955189794301987,0.0007955189794301987,-0.002228023251518607,0.003228023182