{"epoch":0,"H":[[0.02741057425737381,-0.026410579681396484,0.016078295186161995,-0.016078295186161995,0.00743575906381011,-0.007435759529471397,0.0012474986724555492,-0.001247498905286193,0.006496104411780834,-0.006496104411780834,0.0005343568627722561,-0.0005343590164557099,0.0013071262510493398,-0.001307126716710627,0.0002718911855481565,-0.0002718909236136824,0.003854217939078808,-0.003854217939078808,0.0034619385842233896,-0.0034619388170540333,0.0020369815174490213,-0.0020369808189570904,-0.000499135407153517,0.0004991352907381952,-0.0024390111211687326,0.0024390111211687326,0.00042739463970065117,-0.0004273944068700075,-0.0020619994029402733,0.0020619994029402733,-8.00282577984035e-05,8.002819959074259e-05,-0.0012510028900578618,0.0012510028900578618,-0.0007394092390313745,0.0007394092390313745,0.0016932871658354998,-0.0016932873986661434,-0.0011550472117960453,0.0011550472117960453,-0.0004537938511930406,0.00045379382208921015,0.0004032556025777012,-0.00040325563168153167,0.0012175276642665267,-0.0012175275478512049,-0.0008188452920876443,0.0008188453502953053,-0.0004658368416130543,0.0004658368125092238,0.0006367276655510068,-0.0006367276655510068,0.0015768699813634157,-0.0015768699813634157,0.0015828823670744896,-0.0015828825999051332],[-0.026410579681396484,0.02741057798266411,-0.016078293323516846,0.016078295186161995,-0.0074357581324875355,0.007435758598148823,-0.0012474990217015147,0.0012474990217015147,-0.006496104411780834,0.006496104411780834,-0.0005343563971109688,0.0005343580851331353,-0.0013071275316178799,0.0013071272987872362,-0.00027189182583242655,0.00027189162210561335,-0.003854217939078808,0.003854217939078808,-0.0034619388170540333,0.0034619388170540333,-0.002036981051787734,0.0020369812846183777,0.0004991355235688388,-0.000499135407153517,0.0024390111211687326,-0.0024390111211687326,-0.000427394756115973,0.0004273948725312948,0.0020619994029402733,-0.0020619991701096296,8.00282577984035e-05,-8.002808317542076e-05,0.00125100277364254,-0.00125100277364254,0.0007394092390313745,-0.0007394092390313745,-0.0016932873986661434,0.0016932873986661434,0.001155047444626689,-0.0011550475610420108,0.0004537939094007015,-0.0004537939094007015,-0.00040325563168153167,0.0004032556607853621,-0.0012175275478512049,0.001217527431435883,0.0008188452338799834,-0.0008188453502953053,0.0004658368416130543,-0.0004658368416130543,-0.0006367277819663286,0.0006367277819663286,-0.0015768699813634157,0.0015768699813634157,-0.0015828822506591678,0.0015828823670744896],[0.016078295186161995,-0.016078293323516846,0.040465276688337326,-0.039465274661779404,0.006451484747231007,-0.006451484747231007,0.004970868583768606,-0.0049708690494298935,-0.0030289022251963615,0.0030289022251963615,0.002564571565017104,-0.0025645731948316097,0.004418967757374048,-0.0044189682230353355,-0.00024184619542211294,0.00024184503126889467,0.0006431910442188382,-0.00064319116063416,-0.0001763439504429698,0.00017634406685829163,0.001728877774439752,-0.001728877192363143,-0.0031830701045691967,0.0031830701045691967,0.00031004968332126737,-0.0003100495378021151,0.003921864554286003,-0.003921864554286003,7.233483484014869e-05,-7.233477663248777e-05,0.0013958192430436611,-0.0013958192430436611,6.749562453478575e-05,-6.749568274244666e-05,-0.00016216665972024202,0.00016216689255088568,0.0012158555909991264,-0.0012158557074144483,-8.951105701271445e-05,8.951102790888399e-05,0.0006079079466871917,-0.0006079078884795308,0.00038253312231972814,-0.0003825331514235586,0.0017039035446941853,-0.0017039035446941853,0.00019026160589419305,-0.00019026164954993874,-0.000227700627874583,0.00022770074428990483,0.000657244585454464,-0.000657244585454464,0.0010430472902953625,-0.0010430474067106843,0.0019173440523445606,-0.0019173440523445606],[-0.016078295186161995,0.016078295186161995,-0.039465274661779404,0.040465280413627625,-0.006451484747231007,0.006451485212892294,-0.004970868118107319,0.004970868583768606,0.0030289022251963615,-0.0030289022251963615,-0.002564571797847748,0.002564572962000966,-0.004418967757374048,0.004418967757374048,0.00024184538051486015,-0.00024184444919228554,-0.0006431902293115854,0.0006431904039345682,0.00017634418327361345,-0.00017634418327361345,-0.0017288783565163612,0.0017288770759478211,0.0031830701045691967,-0.003183070570230484,-0.0003100494504906237,0.00031004942138679326,-0.003921864554286003,0.003921864554286003,-7.23351477063261e-05,7.23351477063261e-05,-0.0013958194758743048,0.001395819359458983,-6.749591557309031e-05,6.74958573654294e-05,0.00016216677613556385,-0.00016216692165471613,-0.0012158555909991264,0.0012158557074144483,8.95107805263251e-05,-8.951076597440988e-05,-0.0006079078884795308,0.0006079078884795308,-0.00038253318052738905,0.00038253318052738905,-0.0017039042431861162,0.0017039042431861162,-0.00019026166410185397,0.00019026166410185397,0.0002277005696669221,-0.00022770068608224392,-0.000657244527246803,0.000657244527246803,-0.0010430474067106843,0.0010430474067106843,-0.0019173442851752043,0.001917344401590526],[0.00743575906381011,-0.0074357581324875355,0.006451484747231007,-0.006451484747231007,0.00850924476981163,-0.007509245071560144,-0.002055917866528034,0.0020559183321893215,-0.0007376285502687097,0.000737628317438066,0.0016004054341465235,-0.0016004071803763509,0.0003681039088405669,-0.0003681039088405669,0.0007244540029205382,-0.0007244540029205382,-0.00023718609008938074,0.00023718643933534622,0.0012979571474716067,-0.0012979571474716067,0.0010926112299785018,-0.0010926113463938236,-0.00018969379016198218,0.00018969377561006695,0.0009417622350156307,-0.0009417618275620043,0.0008057415252551436,-0.0008057415252551436,-0.0005873022018931806,0.0005873021436855197,-0.00025582502712495625,0.00025582502712495625,-0.0004366705543361604,0.0004366705543361604,1.8535138224251568e-06,-1.8535320123191923e-06,0.0013412436237558722,-0.0013412436237558722,-0.00040023113251663744,0.000400231103412807,-2.1257663320284337e-05,2.1257663320284337e-05,0.0005504557047970593,-0.0005504557047970593,0.0018426417373120785,-0.0018426417373120785,-0.00024252984439954162,0.0002425299899186939,7.237602403620258e-06,-7.237569661810994e-06,0.0008044189307838678,-0.0008044189889915287,0.0019457240123301744,-0.0019457240123301744,0.001849259017035365,-0.0018492589006200433],[-0.007435759529471397,0.007435758598148823,-0.006451484747231007,0.006451485212892294,-0.007509245071560144,0.00850924663245678,0.002055918099358678,-0.002055918099358678,0.0007376288995146751,-0.000737628957722336,-0.0016004054341465235,0.00160040648188442,-0.00036810353049077094,0.0003681035595946014,-0.0007244540029205382,0.0007244540029205382,0.00023718655575066805,-0.0002371863229200244,-0.001297957031056285,0.001297957031056285,-0.0010926113463938236,0.0010926113463938236,0.00018969389202538878,-0.00018969389202538878,-0.0009417624096386135,0.0009417621186003089,-0.0008057414088398218,0.0008057412924245,0.0005873023765161633,-0.0005873023183085024,0.00025582508533261716,-0.0002558250562287867,0.00043667061254382133,-0.00043667061254382133,-1.8535465642344207e-06,1.8535647541284561e-06,-0.0013412436237558722,0.001341243740171194,0.0004002312198281288,-0.00040023127803578973,2.1257714251987636e-05,-2.125772152794525e-05,-0.0005504558212123811,0.0005504558212123811,-0.0018426418537274003,0.0018426419701427221,0.00024252997536677867,-0.00024253001902252436,-7.23747507436201e-06,7.237482350319624e-06,-0.0008044189307838678,0.0008044189307838678,-0.0019457238959148526,0.0019457240123301744,-0.001849259017035365,0.001849259133450687],[0.0012474986724555492,-0.0012474990217015147,0.004970868583768606,-0.004970868118107319,-0.002055917866528034,0.002055918099358678,0.007469092030078173,-0.006469090934842825,-1.9765677279792726e-05,1.976563362404704e-05,0.0002301124477526173,-0.00023011215671431273,0.0016522299265488982,-0.00165223004296422,-0.001932265586219728,0.0019322658190503716,-0.0011540603591129184,0.0011540603591129184,0.0007239659898914397,-0.0007239659898914397,-3.113771526841447e-05,3.113775164820254e-05,2.853135811164975e-05,-2.853135811164975e-05,-0.0019070522394031286,0.0019070522394031286,0.003520919708535075,-0.003520919708535075,-0.00043601979268714786,0.00043601979268714786,-0.0006905538612045348,0.0006905538029968739,-0.00026176663232035935,0.00026176663232035935,-0.0005621234886348248,0.0005621234886348248,-0.0008408239809796214,0.0008408239809796214,-0.00025307401665486395,0.0002530739875510335,-0.0005050541367381811,0.0005050541367381811,-0.0002886233851313591,0.0002886233851313591,-0.001657895976677537,0.001657895976677537,-0.00018525824998505414,0.00018525822088122368,-0.00025863642804324627,0.0002586363407317549,-0.00048337894259020686,0.0004833789716940373,-0.0012268568389117718,0.0012268568389117718,-0.0013116436311975121,0.001311643747612834],[-0.001247498905286193,0.0012474990217015147,-0.0049708690494298935,0.004970868583768606,0.0020559183321893215,-0.002055918099358678,-0.006469090934842825,0.007469092030078173,1.9765677279792726e-05,-1.976563362404704e-05,-0.0002301124477526173,0.00023011215671431273,-0.0016522299265488982,0.00165223004296422,0.001932265586219728,-0.0019322658190503716,0.0011540603591129184,-0.0011540603591129184,-0.0007239659898914397,0.0007239659898914397,3.113771526841447e-05,-3.113775164820254e-05,-2.853135811164975e-05,2.853135811164975e-05,0.0019070522394031286,-0.0019070522394031286,-0.003520919708535075,0.003520919708535075,0.00043601979268714786,-0.00043601979268714786,0.0006905538612045348,-0.0006905538029968739,0.00026176663232035935,-0.00026176663232035935,0.0005621234886348248,-0.0005621234886348248,0.0008408239809796214,-0.0008408239809796214,0.00025307401665486395,-0.0002530739875510335,0.0005050541367381811,-0.0005050541367381811,0.0002886233851313591,-0.0002886233851313591,0.001657895976677537,-0.001657895976677537,0.00018525824998505414,-0.00018525822088122368,0.00025863642804324627,-0.0002586363407317549,0.00048337894259020686,-0.0004833789716940373,0.0012268568389117718,-0.0012268568389117718,0.0013116436311975121,-0.001311643747612834],[0.006496104411780834,-0.006496104411780834,-0.0030289022251963615,0.0030289022251963615,-0.0007376285502687097,0.0007376288995146751,-1.9765677279792726e-05,1.9765677279792726e-05,0.00444255955517292,-0.0034425591584295034,0.0004321718297433108,-0.00043217185884714127,8.5516890976578e-05,-8.5516890976578e-05,0.0019498644396662712,-0.0019498642068356276,0.0026270062662661076,-0.0026270062662661076,0.0009097657748498023,-0.0009097660076804459,0.0006801036070100963,-0.0006801034323871136,0.0015722595853731036,-0.0015722595853731036,-0.000861892884131521,0.000861892884131521,0.0002708736283238977,-0.0002708737156353891,0.0003245280822739005,-0.00032452811137773097,-0.00024113569816108793,0.0002411356836091727,0.00014256240683607757,-0.00014256240683607757,-0.0003120071196462959,0.0003120071778539568,0.00037881123716942966,-0.0003788112662732601,9.953934932127595e-05,-9.953934204531834e-05,-0.00014676568389404565,0.00014676566934213042,7.853520946810022e-05,-7.853522402001545e-05,3.203813685104251e-05,-3.203813685104251e-05,4.1668929043225944e-05,-4.1668914491310716e-05,-0.00016485160449519753,0.00016485160449519753,0.0002716107410378754,-0.0002716107410378754,0.0001615568035049364,-0.00016155684716068208,0.00023254813277162611,-0.00023254814732354134],[-0.006496104411780834,0.006496104411780834,0.0030289022251963615,-0.0030289022251963615,0.000737628317438066,-0.000737628957722336,1.976563362404704e-05,-1.976563362404704e-05,-0.0034425591584295034,0.004442558623850346,-0.0004321718297433108,0.00043217185884714127,-8.5516890976578e-05,8.5516890976578e-05,-0.0019498644396662712,0.0019498642068356276,-0.0026270062662661076,0.0026270062662661076,-0.0009097657748498023,0.0009097660076804459,-0.0006801036070100963,0.0006801034323871136,-0.0015722595853731036,0.0015722595853731036,0.000861892884131521,-0.000861892884131521,-0.0002708736283238977,0.0002708737156353891,-0.0003245280822739005,0.00032452811137773097,0.00024113569816108793,-0.0002411356836091727,-0.00014256240683607757,0.00014256240683607757,0.0003120071196462959,-0.0003120071778539568,-0.00037881123716942966,0.0003788112662732601,-9.953934932127595e-05,9.953934204531834e-05,0.00014676568389404565,-0.00014676566934213042,-7.853520946810022e-05,7.853522402001545e-05,-3.203813685104251e-05,3.203813685104251e-05,-4.1668929043225944e-05,4.1668914491310716e-05,0.00016485160449519753,-0.00016485160449519753,-0.0002716107410378754,0.0002716107410378754,-0.0001615568035049364,0.00016155684716068208,-0.00023254813277162611,0.00023254814732354134],[0.0005343568627722561,-0.0005343563971109688,0.002564571565017104,-0.002564571797847748,0.0016004054341465235,-0.0016004054341465235,0.0002301124477526173,-0.0002301124477526173,0.0004321718297433108,-0.0004321718297433108,0.0027337155770510435,-0.0017337144818156958,0.0010893621947616339,-0.0010893621947616339,0.0003681961097754538,-0.000368195993360132,0.0019507070537656546,-0.0019507072865962982,-0.00045384938130155206,0.0004538494104053825,0.00039807381108403206,-0.00039807389839552343,-0.0004135330964345485,0.0004135330964345485,-0.0001198547615786083,0.00011985473247477785,-0.0005908976891078055,0.0005908975726924837,0.0007357524591498077,-0.0007357524591498077,0.0001489879359724,-0.00014898792142048478,0.000509034376591444,-0.0005090343183837831,0.00012188943946966901,-0.00012188941764179617,0.0005894459900446236,-0.0005894459318369627,0.0004013852740172297,-0.0004013852449133992,8.914418140193447e-05,-8.914417412597686e-05,0.00014435293269343674,-0.0001443529181415215,3.4816519473679364e-05,-3.4816519473679364e-05,0.0002965856692753732,-0.0002965856692753732,5.094677544548176e-05,-5.0946771807502955e-05,0.00019644724670797586,-0.00019644723215606064,3.535643918439746e-05,-3.535643918439746e-05,0.0002004590060096234,-0.0002004590060096234],[-0.0005343590164557099,0.0005343580851331353,-0.0025645731948316097,0.002564572962000966,-0.0016004071803763509,0.00160040648188442,-0.00023011215671431273,0.00023011215671431273,-0.00043217185884714127,0.00043217185884714127,-0.0017337144818156958,0.002733715809881687,-0.0010893621947616339,0.0010893621947616339,-0.00036819573142565787,0.00036819567321799695,-0.0019507083343341947,0.0019507083343341947,0.0004538490902632475,-0.00045384911936707795,-0.0003980741021223366,0.00039807416032999754,0.00041353312553837895,-0.00041353318374603987,0.00011985485616605729,-0.00011985485616605729,0.0005908976891078055,-0.0005908976309001446,-0.0007357523427344859,0.0007357524009421468,-0.0001489877759013325,0.00014898781955707818,-0.0005090341437608004,0.0005090341437608004,-0.00012188910477561876,0.0001218891266034916,-0.00058944639749825,0.00058944639749825,-0.0004013851284980774,0.0004013851284980774,-8.914410136640072e-05,8.91440940904431e-05,-0.00014435307821258903,0.00014435307821258903,-3.4816846891772e-05,3.4816846891772e-05,-0.0002965856110677123,0.0002965856110677123,-5.094671723782085e-05,5.094671359984204e-05,-0.00019644743588287383,0.0001964474213309586,-3.535668656695634e-05,3.535668656695634e-05,-0.00020045938435941935,0.00020045938435941935],[0.0013071262510493398,-0.0013071275316178799,0.004418967757374048,-0.004418967757374048,0.0003681039088405669,-0.00036810353049077094,0.0016522299265488982,-0.0016522299265488982,8.5516890976578e-05,-8.5516890976578e-05,0.0010893621947616339,-0.0010893621947616339,0.0030332382302731276,-0.0020332387648522854,-0.00027641624910756946,0.00027641624910756946,0.0010224066209048033,-0.0010224066209048033,-0.000396554620238021,0.000396554620238021,0.0005704506766051054,-0.0005704505601897836,-0.000427726045018062,0.000427726045018062,-0.0005508583271875978,0.0005508583271875978,-4.4894986785948277e-05,4.489487037062645e-05,0.0002188468788517639,-0.0002188469225075096,0.0006586649105884135,-0.0006586648523807526,7.754652324365452e-05,-7.754649413982406e-05,-0.0003331676125526428,0.0003331677580717951,0.0003361637063790113,-0.0003361637645866722,8.484310092171654e-05,-8.48430790938437e-05,0.0003665162657853216,-0.00036651623668149114,0.00010477150499355048,-0.00010477150499355048,0.0007589019369333982,-0.0007589018205180764,0.00011539716797415167,-0.00011539722618181258,-0.0001339891750831157,0.0001339892332907766,0.00032111682230606675,-0.00032111682230606675,0.0006326340953819454,-0.0006326340953819454,0.0006897824932821095,-0.0006897825514897704],[-0.001307126716710627,0.0013071272987872362,-0.0044189682230353355,0.004418967757374048,-0.0003681039088405669,0.0003681035595946014,-0.00165223004296422,0.00165223004296422,-8.5516890976578e-05,8.5516890976578e-05,-0.0010893621947616339,0.0010893621947616339,-0.0020332387648522854,0.003033238695934415,0.00027641630731523037,-0.00027641630731523037,-0.0010224066209048033,0.0010224065044894814,0.00039655464934185147,-0.0003965547075495124,-0.0005704506766051054,0.0005704505601897836,0.00042772601591423154,-0.00042772601591423154,0.0005508583853952587,-0.0005508583271875978,4.489475395530462e-05,-4.4894812162965536e-05,-0.00021884695161134005,0.00021884686429984868,-0.0006586648523807526,0.0006586647941730917,-7.754649413982406e-05,7.754645048407838e-05,0.00033316752524115145,-0.00033316767076030374,-0.00033616373548284173,0.00033616373548284173,-8.4843130025547e-05,8.484313730150461e-05,-0.00036651623668149114,0.0003665162075776607,-0.00010477152682142332,0.00010477152682142332,-0.0007589019951410592,0.0007589019369333982,-0.00011539716797415167,0.00011539716797415167,0.00013398914597928524,-0.00013398926239460707,-0.0003211167932022363,0.0003211167932022363,-0.0006326340371742845,0.0006326340371742845,-0.0006897824350744486,0.0006897824932821095],[0.0002718911855481565,-0.00027189182583242655,-0.00024184619542211294,0.00024184538051486015,0.0007244540029205382,-0.0007244540029205382,-0.001932265586219728,0.001932265586219728,0.0019498644396662712,-0.0019498644396662712,0.0003681961097754538,-0.00036819573142565787,-0.00027641624910756946,0.00027641630731523037,0.007373535539954901,-0.006373533513396978,0.0007204406429082155,-0.0007204405264928937,0.0007939198985695839,-0.000793919840361923,0.0021944716572761536,-0.0021944711916148663,0.0012627947144210339,-0.0012627947144210339,0.0009732830803841352,-0.0009732830221764743,-0.0009890140499919653,0.0009890138171613216,0.0014477581717073917,-0.0014477581717073917,3.1138304620981216e-05,-3.1138304620981216e-05,0.000989072723314166,-0.000989072723314166,0.0009769906755536795,-0.0009769906755536795,0.000522207235917449,-0.000522207235917449,0.0007838825113140047,-0.0007838824531063437,5.306606908561662e-05,-5.3066061809659004e-05,0.00016265656449832022,-0.00016265656449832022,-0.0002170239167753607,0.00021702393132727593,0.0005386904813349247,-0.0005386904813349247,0.0005862574907951057,-0.0005862575490027666,9.467048948863521e-05,-9.467051131650805e-05,-0.00020021329692099243,0.00020021329692099243,0.00015715521294623613,-0.00015715521294623613],[-0.0002718909236136824,0.00027189162210561335,0.00024184503126889467,-0.00024184444919228554,-0.0007244540029205382,0.0007244540029205382,0.0019322658190503716,-0.0019322658190503716,-0.0019498642068356276,0.0019498642068356276,-0.000368195993360132,0.00036819567321799695,0.00027641624910756946,-0.00027641630731523037,-0.006373533513396978,0.007373532745987177,-0.0007204406429082155,0.0007204405264928937,-0.0007939197821542621,0.0007939197821542621,-0.0021944716572761536,0.0021944716572761536,-0.0012627944815903902,0.001262794598005712,-0.0009732831967994571,0.0009732831385917962,0.0009890141664072871,-0.0009890140499919653,-0.0014477584045380354,0.0014477584045380354,-3.11382464133203e-05,3.11382464133203e-05,-0.0009890729561448097,0.0009890729561448097,-0.0009769907919690013,0.0009769909083843231,-0.0005222073523327708,0.0005222073523327708,-0.0007838826859369874,0.0007838826859369874,-5.306609091348946e-05,5.306608363753185e-05,-0.00016265657905023545,0.00016265659360215068,0.0002170238585676998,-0.00021702384401578456,-0.0005386905977502465,0.0005386905395425856,-0.0005862576654180884,0.0005862576072104275,-9.467046766076237e-05,9.467048948863521e-05,0.00020021325326524675,-0.00020021325326524675,-0.0001571554457768798,0.00015715547488071024],[0.003854217939078808,-0.003854217939078808,0.0006431910442188382,-0.0006431902293115854,-0.00023718609008938074,0.00023718655575066805,-0.0011540603591129184,0.0011540603591129184,0.0026270062662661076,-0.0026270062662661076,0.0019507070537656546,-0.0019507083343341947,0.0010224066209048033,-0.0010224066209048033,0.0007204406429082155,-0.0007204406429082155,0.006707180291414261,-0.005707180593162775,0.0005332401487976313,-0.0005332401487976313,0.0018866929458454251,-0.0018866927130147815,0.0007516458863392472,-0.0007516459445469081,-0.0010631924960762262,0.0010631924960762262,-0.0027947304770350456,0.0027947304770350456,-0.0007107721175998449,0.0007107722340151668,0.0002730375272221863,-0.0002730376727413386,-0.0004638350219465792,0.00046383508015424013,-0.0007018676260486245,0.0007018677424639463,0.0008306691888719797,-0.0008306693052873015,-0.0003210294235032052,0.00032102951081469655,-2.663517079781741e-05,2.663517079781741e-05,6.180057971505448e-05,-6.18005869910121e-05,0.0006864456227049232,-0.0006864456227049232,-0.00024553952971473336,0.0002455395879223943,-0.00046210765140131116,0.00046210770960897207,0.00029835785971954465,-0.00029835785971954465,0.0007002600468695164,-0.0007002601632848382,0.0007794091943651438,-0.0007794091943651438],[-0.003854217939078808,0.003854217939078808,-0.00064319116063416,0.0006431904039345682,0.00023718643933534622,-0.0002371863229200244,0.0011540603591129184,-0.0011540603591129184,-0.0026270062662661076,0.0026270062662661076,-0.0019507072865962982,0.0019507083343341947,-0.0010224066209048033,0.0010224065044894814,-0.0007204405264928937,0.0007204405264928937,-0.005707180593162775,0.0067071812227368355,-0.0005332401487976313,0.0005332401487976313,-0.0018866927130147815,0.0018866925965994596,-0.0007516458863392472,0.0007516458863392472,0.0010631922632455826,-0.0010631924960762262,0.002794730942696333,-0.0027947304770350456,0.0007107723504304886,-0.0007107723504304886,-0.0002730376145336777,0.00027303764363750815,0.00046383513836190104,-0.00046383508015424013,0.0007018675096333027,-0.0007018675096333027,-0.0008306690724566579,0.0008306691888719797,0.0003210294817108661,-0.00032102951081469655,2.6635141693986952e-05,-2.6635141693986952e-05,-6.180060881888494e-05,6.180060881888494e-05,-0.0006864455644972622,0.0006864455644972622,0.0002455395006109029,-0.0002455395588185638,0.00046210765140131116,-0.00046210770960897207,-0.0002983578306157142,0.0002983578306157142,-0.0007002600468695164,0.0007002600468695164,-0.0007794089615345001,0.0007794091361574829],[0.0034619385842233896,-0.0034619388170540333,-0.0001763439504429698,0.00017634418327361345,0.0012979571474716067,-0.001297957031056285,0.0007239659898914397,-0.0007239659898914397,0.0009097657748498023,-0.0009097657748498023,-0.00045384938130155206,0.0004538490902632475,-0.000396554620238021,0.00039655464934185147,0.0007939198985695839,-0.0007939197821542621,0.0005332401487976313,-0.0005332401487976313,0.0026213887613266706,-0.0016213888302445412,0.00047057794290594757,-0.00047057794290594757,0.0003090163809247315,-0.00030901641002856195,-0.00023143537691794336,0.00023143549333326519,0.0005997820990160108,-0.0005997820408083498,-2.1661697246599942e-05,2.1661697246599942e-05,7.757150160614401e-05,-7.757153070997447e-05,7.266605098266155e-05,-7.266605098266155e-05,-0.00010623365960782394,0.00010623368143569678,6.968529487494379e-05,-6.968530942685902e-05,-3.0482471629511565e-05,3.0482455258606933e-05,-4.492827793001197e-05,4.4928274292033166e-05,-8.489446918247268e-05,8.489446918247268e-05,-0.0003163354704156518,0.00031633549951948225,1.3981953088659793e-06,-1.3982062228024006e-06,-7.878727046772838e-05,7.878729229560122e-05,3.749666939256713e-05,-3.7496662116609514e-05,8.355348109034821e-05,-8.35534738143906e-05,0.00013357620628084987,-0.00013357619172893465],[-0.0034619388170540333,0.0034619388170540333,0.00017634406685829163,-0.00017634418327361345,-0.0012979571474716067,0.001297957031056285,-0.0007239659898914397,0.0007239659898914397,-0.0009097660076804459,0.0009097660076804459,0.0004538494104053825,-0.00045384911936707795,0.000396554620238021,-0.0003965547075495124,-0.000793919840361923,0.0007939197821542621,-0.0005332401487976313,0.0005332401487976313,-0.0016213888302445412,0.0026213889941573143,-0.00047057794290594757,0.00047057788469828665,-0.00030901641002856195,0.0003090164391323924,0.0002314353478141129,-0.00023143552243709564,-0.0005997821572236717,0.0005997822154313326,2.1661609935108572e-05,-2.16616244870238e-05,-7.757141429465264e-05,7.75714433984831e-05,-7.266609463840723e-05,7.266610919032246e-05,0.00010623363050399348,-0.00010623365233186632,-6.968525121919811e-05,6.968525121919811e-05,3.048248436243739e-05,-3.0482475267490372e-05,4.492830339586362e-05,-4.4928299757884815e-05,8.489449101034552e-05,-8.489449101034552e-05,0.0003163355868309736,-0.00031633564503863454,-1.3982025848235935e-06,1.3982134987600148e-06,7.878729957155883e-05,-7.87873359513469e-05,-3.749667666852474e-05,3.749667666852474e-05,-8.355348836630583e-05,8.355348836630583e-05,-0.00013357623538468033,0.0001335762208327651],[0.0020369815174490213,-0.002036981051787734,0.001728877774439752,-0.0017288783565163612,0.0010926112299785018,-0.0010926113463938236,-3.113771526841447e-05,3.113771526841447e-05,0.0006801036070100963,-0.0006801036070100963,0.00039807381108403206,-0.0003980741021223366,0.0005704506766051054,-0.0005704506766051054,0.0021944716572761536,-0.0021944716572761536,0.0018866929458454251,-0.0018866927130147815,0.00047057794290594757,-0.00047057794290594757,0.0026026670821011066,-0.0016026680823415518,0.0001623074058443308,-0.00016230743494816124,8.152510417858139e-05,-8.152518421411514e-05,-0.0010512582957744598,0.001051258179359138,0.0004988668370060623,-0.0004988667787984014,0.0003725384594872594,-0.0003725384594872594,0.00039233354618772864,-0.00039233354618772864,0.0002631779934745282,-0.00026317796437069774,3.9424259739462286e-05,-3.942428884329274e-05,0.00026943712146021426,-0.0002694371505640447,0.00017547266907058656,-0.00017547265451867133,-5.078986578155309e-05,5.078986578155309e-05,-0.0005018830415792763,0.0005018830415792763,0.00026612760848365724,-0.0002661276375874877,0.00018631394777912647,-0.00018631394777912647,8.14180020825006e-06,-8.14180020825006e-06,-0.0001400351757183671,0.0001400351757183671,0.0002478904207237065,-0.0002478904207237065],[-0.0020369808189570904,0.0020369812846183777,-0.001728877192363143,0.0017288770759478211,-0.0010926113463938236,0.0010926113463938236,3.113775164820254e-05,-3.113775164820254e-05,-0.0006801034323871136,0.0006801034323871136,-0.00039807389839552343,0.00039807416032999754,-0.0005704505601897836,0.0005704505601897836,-0.0021944711916148663,0.0021944716572761536,-0.0018866927130147815,0.0018866925965994596,-0.00047057794290594757,0.00047057788469828665,-0.0016026680823415518,0.0026026670821011066,-0.00016230717301368713,0.0001623072021175176,-8.152516966219991e-05,8.152519149007276e-05,0.001051258179359138,-0.0010512582957744598,-0.0004988669534213841,0.0004988669534213841,-0.00037253822665661573,0.00037253822665661573,-0.00039233354618772864,0.00039233354618772864,-0.00026317816809751093,0.0002631781389936805,-3.94242160837166e-05,3.942423063563183e-05,-0.0002694371505640447,0.0002694371505640447,-0.00017547255265526474,0.00017547255265526474,5.0789894885383546e-05,-5.078989124740474e-05,0.0005018832162022591,-0.0005018832162022591,-0.0002661275793798268,0.00026612760848365724,-0.00018631387501955032,0.0001863138604676351,-8.141691068885848e-06,8.141683792928234e-06,0.00014003526302985847,-0.00014003526302985847,-0.00024789018789306283,0.00024789018789306283],[-0.000499135407153517,0.0004991355235688388,-0.0031830701045691967,0.0031830701045691967,-0.00018969379016198218,0.00018969389202538878,2.853135811164975e-05,-2.853135811164975e-05,0.0015722595853731036,-0.0015722595853731036,-0.0004135330964345485,0.00041353312553837895,-0.000427726045018062,0.00042772601591423154,0.0012627947144210339,-0.0012627944815903902,0.0007516458863392472,-0.0007516458863392472,0.0003090163809247315,-0.00030901641002856195,0.0001623074058443308,-0.00016230717301368713,0.002362021477892995,-0.001362021779641509,9.7379379440099e-05,-9.737943764775991e-05,-0.0005706766969524324,0.0005706766969524324,-4.248708137311041e-06,4.248766344971955e-06,0.0002566878101788461,-0.0002566876937635243,-2.3635926481802016e-05,2.3635926481802016e-05,-0.0001165224748547189,0.0001165225839940831,-0.00011012949835276231,0.00011012947652488947,-3.561502671800554e-05,3.561501580406912e-05,0.00018782480037771165,-0.00018782480037771165,-0.00014650596131104976,0.000146505975862965,-0.00026530493050813675,0.0002653049596119672,-3.2652809750288725e-05,3.2652798836352304e-05,-8.188898209482431e-05,8.18890766822733e-05,-0.00011040919343940914,0.00011040920799132437,-0.00023319898173213005,0.0002331990108359605,-0.00027022723224945366,0.00027022723224945366],[0.0004991352907381952,-0.000499135407153517,0.0031830701045691967,-0.003183070570230484,0.00018969377561006695,-0.00018969389202538878,-2.853135811164975e-05,2.853135811164975e-05,-0.0015722595853731036,0.0015722595853731036,0.0004135330964345485,-0.00041353318374603987,0.000427726045018062,-0.00042772601591423154,-0.0012627947144210339,0.001262794598005712,-0.0007516459445469081,0.0007516458863392472,-0.00030901641002856195,0.0003090164391323924,-0.00016230743494816124,0.0001623072021175176,-0.001362021779641509,0.002362021943554282,-9.7379379440099e-05,9.737943764775991e-05,0.0005706766969524324,-0.0005706766969524324,4.248708137311041e-06,-4.248766344971955e-06,-0.0002566878101788461,0.0002566876937635243,2.3635926481802016e-05,-2.3635926481802016e-05,0.0001165224748547189,-0.0001165225839940831,0.00011012949835276231,-0.00011012947652488947,3.561502671800554e-05,-3.561501580406912e-05,-0.00018782480037771165,0.00018782480037771165,0.00014650596131104976,-0.000146505975862965,0.00026530493050813675,-0.0002653049596119672,3.2652809750288725e-05,-3.2652798836352304e-05,8.188898209482431e-05,-8.18890766822733e-05,0.00011040919343940914,-0.00011040920799132437,0.00023319898173213005,-0.0002331990108359605,0.00027022723224945366,-0.00027022723224945366],[-0.0024390111211687326,0.0024390111211687326,0.00031004968332126737,-0.0003100494504906237,0.0009417622350156307,-0.0009417624096386135,-0.0019070522394031286,0.0019070522394031286,-0.000861892884131521,0.000861892884131521,-0.0001198547615786083,0.00011985485616605729,-0.0005508583271875978,0.0005508583853952587,0.0009732830803841352,-0.0009732831967994571,-0.0010631924960762262,0.0010631922632455826,-0.00023143537691794336,0.0002314353478141129,8.152510417858139e-05,-8.152516966219991e-05,9.7379379440099e-05,-9.7379379440099e-05,0.007175510749220848,-0.0061755096539855,0.0014467730652540922,-0.0014467730652540922,0.0009845243766903877,-0.0009845243766903877,1.7635145923122764e-05,-1.7635145923122764e-05,0.0007106873672455549,-0.0007106873672455549,0.0008730037370696664,-0.0008730037952773273,0.0004003728390671313,-0.0004003728099633008,0.0005194865516386926,-0.0005194865516386926,4.591706965584308e-05,-4.591706965584308e-05,0.00010770426160888746,-0.00010770426888484508,-6.157235475257039e-06,6.157239113235846e-06,0.00040666398126631975,-0.00040666392305865884,0.00043648245627991855,-0.00043648251448757946,0.00016800455341581255,-0.00016800456796772778,0.000531281519215554,-0.0005312815774232149,0.0007492105942219496,-0.0007492105942219496],[0.0024390111211687326,-0.0024390111211687326,-0.0003100495378021151,0.00031004942138679326,-0.0009417618275620043,0.0009417621186003089,0.0019070522394031286,-0.0019070522394031286,0.000861892884131521,-0.000861892884131521,0.00011985473247477785,-0.00011985485616605729,0.0005508583271875978,-0.0005508583271875978,-0.0009732830221764743,0.0009732831385917962,0.0010631924960762262,-0.0010631924960762262,0.00023143549333326519,-0.00023143552243709564,-8.152518421411514e-05,8.152519149007276e-05,-9.737943764775991e-05,9.737943764775991e-05,-0.0061755096539855,0.0071755098178982735,-0.001446773181669414,0.001446773181669414,-0.0009845243766903877,0.0009845243766903877,-1.7635116819292307e-05,1.7635116819292307e-05,-0.0007106873672455549,0.0007106873672455549,-0.0008730036788620055,0.0008730038534849882,-0.000400372693547979,0.00040037272265180945,-0.0005194865516386926,0.0005194865516386926,-4.591706965584308e-05,4.591706965584308e-05,-0.00010770424705697224,0.00010770424705697224,6.157291409181198e-06,-6.157291409181198e-06,-0.00040666383574716747,0.000406663806643337,-0.00043648239807225764,0.00043648245627991855,-0.00016800450976006687,0.00016800450976006687,-0.0005312814610078931,0.0005312814610078931,-0.0007492104778066278,0.0007492105360142887],[0.00042739463970065117,-0.000427394756115973,0.003921864554286003,-0.003921864554286003,0.0008057415252551436,-0.0008057414088398218,0.003520919708535075,-0.003520919708535075,0.0002708736283238977,-0.0002708736283238977,-0.0005908976891078055,0.0005908976891078055,-4.4894986785948277e-05,4.489475395530462e-05,-0.0009890140499919653,0.0009890141664072871,-0.0027947304770350456,0.002794730942696333,0.0005997820990160108,-0.0005997821572236717,-0.0010512582957744598,0.001051258179359138,-0.0005706766969524324,0.0005706766969524324,0.0014467730652540922,-0.001446773181669414,0.006415430922061205,-0.005415431223809719,0.0006481710588559508,-0.0006481710588559508,-0.0006448224885389209,0.0006448226049542427,0.0004158829106017947,-0.0004158829106017947,0.0005342272925190628,-0.0005342272925190628,0.00019564757531043142,-0.00019564757531043142,0.00018554054258856922,-0.000185540528036654,-0.00021194938744883984,0.00021194938744883984,0.00014324380026664585,-0.00014324378571473062,-0.0002612374955788255,0.0002612374955788255,7.238369289552793e-05,-7.238367106765509e-05,0.00015215604798868299,-0.0001521561061963439,8.895016799215227e-05,-8.89501825440675e-05,0.00021809048485010862,-0.00021809051395393908,0.00017202245362568647,-0.000172022424521856],[-0.0004273944068700075,0.0004273948725312948,-0.003921864554286003,0.003921864554286003,-0.0008057415252551436,0.0008057412924245,-0.003520919708535075,0.003520919708535075,-0.0002708737156353891,0.0002708737156353891,0.0005908975726924837,-0.0005908976309001446,4.489487037062645e-05,-4.4894812162965536e-05,0.0009890138171613216,-0.0009890140499919653,0.0027947304770350456,-0.0027947304770350456,-0.0005997820408083498,0.0005997822154313326,0.001051258179359138,-0.0010512582957744598,0.0005706766969524324,-0.0005706766969524324,-0.0014467730652540922,0.001446773181669414,-0.005415431223809719,0.006415430922061205,-0.0006481710588559508,0.0006481710588559508,0.0006448224885389209,-0.0006448226049542427,-0.0004158829106017947,0.0004158829106017947,-0.0005342272925190628,0.0005342272925190628,-0.00019564757531043142,0.00019564757531043142,-0.00018554054258856922,0.000185540528036654,0.00021194938744883984,-0.00021194938744883984,-0.00014324380026664585,0.00014324378571473062,0.0002612374955788255,-0.0002612374955788255,-7.238369289552793e-05,7.238367106765509e-05,-0.00015215604798868299,0.0001521561061963439,-8.895016799215227e-05,8.89501825440675e-05,-0.00021809048485010862,0.00021809051395393908,-0.00017202245362568647,0.000172022424521856],[-0.0020619994029402733,0.0020619994029402733,7.233483484014869e-05,-7.23351477063261e-05,-0.0005873022018931806,0.0005873023765161633,-0.00043601979268714786,0.00043601979268714786,0.0003245280822739005,-0.0003245280822739005,0.0007357524591498077,-0.0007357523427344859,0.0002188468788517639,-0.00021884695161134005,0.0014477581717073917,-0.0014477584045380354,-0.0007107721175998449,0.0007107723504304886,-2.1661697246599942e-05,2.1661609935108572e-05,0.0004988668370060623,-0.0004988669534213841,-4.248708137311041e-06,4.248708137311041e-06,0.0009845243766903877,-0.0009845243766903877,0.0006481710588559508,-0.0006481710588559508,0.0043572913855314255,-0.0033572916872799397,0.0015378138050436974,-0.0015378135722130537,0.0018462545704096556,-0.0018462545704096556,0.0014809040585532784,-0.0014809039421379566,-0.0021303335670381784,0.002130333334207535,0.001334276981651783,-0.001334276981651783,0.0007719618733972311,-0.0007719617569819093,-0.0010623220587149262,0.0010623220587149262,-2.9756338335573673e-06,2.9756338335573673e-06,0.0010371896205469966,-0.0010371895041316748,0.0008056552615016699,-0.0008056551450863481,-0.0006612021243199706,0.0006612022989429533,0.00015574971621390432,-0.0001557497016619891,0.000387936073821038,-0.000387936073821038],[0.0020619994029402733,-0.0020619991701096296,-7.233477663248777e-05,7.23351477063261e-05,0.0005873021436855197,-0.0005873023183085024,0.00043601979268714786,-0.00043601979268714786,-0.00032452811137773097,0.00032452811137773097,-0.0007357524591498077,0.0007357524009421468,-0.0002188469225075096,0.00021884686429984868,-0.0014477581717073917,0.0014477584045380354,0.0007107722340151668,-0.0007107723504304886,2.1661697246599942e-05,-2.16616244870238e-05,-0.0004988667787984014,0.0004988669534213841,4.248766344971955e-06,-4.248766344971955e-06,-0.0009845243766903877,0.0009845243766903877,-0.0006481710588559508,0.0006481710588559508,-0.0033572916872799397,0.0043572913855314255,-0.0015378138050436974,0.0015378135722130537,-0.0018462545704096556,0.0018462545704096556,-0.0014809040585532784,0.0014809039421379566,0.0021303335670381784,-0.002130333334207535,-0.001334276981651783,0.001334276981651783,-0.0007719618733972311,0.0007719617569819093,0.0010623220587149262,-0.0010623220587149262,2.9756338335573673e-06,-2.9756338335573673e-06,-0.0010371896205469966,0.0010371895041316748,-0.0008056552615016699,0.0008056551450863481,0.0006612021243199706,-0.0006612022989429533,-0.00015574971621390432,0.0001557497016619891,-0.000387936073821038,0.000387936073821038],[-8.00282577984035e-05,8.00282577984035e-05,0.0013958192430436611,-0.0013958194758743048,-0.00025582502712495625,0.00025582508533261716,-0.0006905538612045348,0.0006905538612045348,-0.00024113569816108793,0.00024113569816108793,0.0001489879359724,-0.0001489877759013325,0.0006586649105884135,-0.0006586648523807526,3.1138304620981216e-05,-3.11382464133203e-05,0.0002730375272221863,-0.0002730376145336777,7.757150160614401e-05,-7.757141429465264e-05,0.0003725384594872594,-0.00037253822665661573,0.0002566878101788461,-0.0002566878101788461,1.7635145923122764e-05,-1.7635116819292307e-05,-0.0006448224885389209,0.0006448224885389209,0.0015378138050436974,-0.0015378138050436974,0.003817617893218994,-0.0028176174964755774,0.0011879244120791554,-0.0011879244120791554,0.0012867178302258253,-0.0012867177138105035,-0.0009358641691505909,0.00093586411094293,0.0007664015865884721,-0.000766401644796133,0.0009709072182886302,-0.0009709071600809693,-0.0007488002302125096,0.0007488002884201705,-0.0005587087944149971,0.0005587087944149971,0.0005067691672593355,-0.0005067693418823183,0.0005329621490091085,-0.0005329619743861258,-0.000556765531655401,0.000556765531655401,-0.0006068202201277018,0.0006068203365430236,-0.0006420010467991233,0.0006420011632144451],[8.002819959074259e-05,-8.002808317542076e-05,-0.0013958192430436611,0.001395819359458983,0.00025582502712495625,-0.0002558250562287867,0.0006905538029968739,-0.0006905538029968739,0.0002411356836091727,-0.0002411356836091727,-0.00014898792142048478,0.00014898781955707818,-0.0006586648523807526,0.0006586647941730917,-3.1138304620981216e-05,3.11382464133203e-05,-0.0002730376727413386,0.00027303764363750815,-7.757153070997447e-05,7.75714433984831e-05,-0.0003725384594872594,0.00037253822665661573,-0.0002566876937635243,0.0002566876937635243,-1.7635145923122764e-05,1.7635116819292307e-05,0.0006448226049542427,-0.0006448226049542427,-0.0015378135722130537,0.0015378135722130537,-0.0028176174964755774,0.003817617893218994,-0.0011879242956638336,0.0011879242956638336,-0.001286717597395181