{"epoch":0,"H":[[0.009542575106024742,-0.008542574942111969,0.004311926197260618,-0.004311926197260618,0.0037992121651768684,-0.0037992121651768684,0.0006254193722270429,-0.0006254193722270429,-0.000992660759948194,0.0009926608763635159,0.0002777239424176514,-0.0002777237386908382,0.0003908809449058026,-0.0003908809449058026,-0.0009766505099833012,0.0009766505099833012,0.001982583664357662,-0.001982583897188306,0.0021194729488343,-0.0021194729488343,3.130134427919984e-05,-3.130203913315199e-05,0.0008696204167790711,-0.0008696203585714102,0.002215784741565585,-0.002215784741565585,0.0029790764674544334,-0.002979076001793146,-0.0009626534301787615,0.0009626534301787615,-0.0008205230114981532,0.0008205230697058141,-0.000652764574624598,0.0006527645164169371,-0.000794699415564537,0.000794699415564537,7.811384421074763e-06,-7.811384421074763e-06,-0.0005215097335167229,0.0005215097335167229,-0.00047370564425364137,0.00047370558604598045,-5.699656321667135e-05,5.6996555940713733e-05,0.00011902683036169037,-0.00011902681580977514,-0.00044953267206437886,0.0004495327011682093,-0.0005459272069856524,0.0005459272069856524,5.321940261637792e-05,-5.3219409892335534e-05,0.00016966949624475092,-0.00016966949624475092,0.0008805367979221046,-0.0008805368561297655],[-0.008542574942111969,0.009542574174702168,-0.004311925731599331,0.004311925731599331,-0.003799211932346225,0.003799211932346225,-0.0006254191976040602,0.0006254191976040602,0.0009926611091941595,-0.0009926611091941595,-0.00027772397152148187,0.0002777246118057519,-0.0003908806247636676,0.0003908806247636676,0.0009766509756445885,-0.0009766509756445885,-0.0019825834315270185,0.001982583664357662,-0.0021194727160036564,0.0021194727160036564,-3.130192999378778e-05,3.1302301067626104e-05,-0.0008696200675331056,0.0008696201257407665,-0.0022157845087349415,0.0022157845087349415,-0.00297907623462379,0.002979076001793146,0.0009626533137634397,-0.0009626533137634397,0.0008205228950828314,-0.0008205229532904923,0.000652764574624598,-0.0006527644582092762,0.000794699473772198,-0.000794699473772198,-7.81129529059399e-06,7.81129529059399e-06,0.000521509675309062,-0.000521509675309062,0.00047370564425364137,-0.00047370558604598045,5.6996628700289875e-05,-5.699662142433226e-05,-0.00011902672122232616,0.00011902669939445332,0.0004495327011682093,-0.0004495326429605484,0.0005459272069856524,-0.0005459272069856524,-5.321933713275939e-05,5.3219344408717006e-05,-0.00016966930706985295,0.00016966930706985295,-0.0008805366815067828,0.0008805367397144437],[0.004311926197260618,-0.004311925731599331,0.01059614960104227,-0.009596150368452072,0.0036445721052587032,-0.0036445721052587032,0.0023652228992432356,-0.0023652228992432356,0.003169795498251915,-0.003169795498251915,0.0009859638521447778,-0.0009859639685600996,0.0021151478867977858,-0.0021151478867977858,0.003507993882521987,-0.003507993882521987,0.0031668406445533037,-0.0031668406445533037,0.0027681756764650345,-0.0027681756764650345,0.0008557201363146305,-0.0008557209512218833,0.004322478547692299,-0.004322478547692299,0.006131972186267376,-0.006131972186267376,0.0038829310797154903,-0.003882930614054203,-0.00174934312235564,0.0017493432387709618,-0.0010256991954520345,0.0010256991954520345,-0.0011931941844522953,0.0011931941844522953,-0.0007224220898933709,0.00072242203168571,9.086375212064013e-05,-9.086375939659774e-05,-0.00095256173517555,0.00095256173517555,-0.0006271112943068147,0.0006271111778914928,5.137033440405503e-06,-5.13703707838431e-06,0.00024304127146024257,-0.00024304121325258166,-0.0008395861950702965,0.0008395862532779574,-0.0005032916087657213,0.0005032914923503995,0.000141517972224392,-0.00014151798677630723,0.00023840877111069858,-0.00023840874200686812,0.0017032823525369167,-0.0017032823525369167],[-0.004311926197260618,0.004311925731599331,-0.009596150368452072,0.01059615146368742,-0.0036445721052587032,0.0036445721052587032,-0.0023652228992432356,0.0023652228992432356,-0.0031697957310825586,0.0031697957310825586,-0.0009859638521447778,0.0009859638521447778,-0.0021151481196284294,0.0021151481196284294,-0.0035079936496913433,0.0035079936496913433,-0.003166841110214591,0.003166841110214591,-0.002768176142126322,0.002768176142126322,-0.000855720485560596,0.0008557203691452742,-0.0043224794790148735,0.0043224794790148735,-0.0061319731175899506,0.0061319731175899506,-0.0038829315453767776,0.0038829308468848467,0.0017493432387709618,-0.0017493433551862836,0.0010256993118673563,-0.0010256993118673563,0.0011931941844522953,-0.0011931941844522953,0.0007224221481010318,-0.0007224220898933709,-9.086372301680967e-05,9.086373029276729e-05,0.0009525617933832109,-0.0009525617933832109,0.0006271113525144756,-0.0006271112943068147,-5.136982508702204e-06,5.136986146681011e-06,-0.00024304122780449688,0.0002430411841487512,0.0008395862532779574,-0.0008395861368626356,0.0005032916087657213,-0.0005032916087657213,-0.00014151800132822245,0.00014151801588013768,-0.00023840874200686812,0.0002384087274549529,-0.0017032823525369167,0.0017032823525369167],[0.0037992121651768684,-0.003799211932346225,0.0036445721052587032,-0.0036445721052587032,0.006705664098262787,-0.005705663003027439,0.0012371367774903774,-0.0012371367774903774,0.0016929737757891417,-0.0016929737757891417,-0.00023027302813716233,0.000230272751650773,0.0006142500205896795,-0.0006142500205896795,0.0011596273398026824,-0.0011596273398026824,0.0009707010467536747,-0.0009707009303383529,0.001165218185633421,-0.001165218185633421,-0.0001371101097902283,0.00013710981875192374,0.0007877863827161491,-0.00078778644092381,0.002132799243554473,-0.002132799243554473,0.0030990969389677048,-0.0030990964733064175,-0.0005959771224297583,0.0005959771224297583,-0.000474995729746297,0.00047499575885012746,-0.000396833784179762,0.00039683375507593155,-0.0005601700395345688,0.0005601700395345688,-1.9380473531782627e-05,1.9380473531782627e-05,-0.00032287859357893467,0.0003228786226827651,-0.00028503284556791186,0.00028503278736025095,-4.838408494833857e-05,4.838408131035976e-05,7.577174983453006e-05,-7.577173528261483e-05,-0.00028000216116197407,0.00028000219026580453,-0.0003903378383256495,0.0003903378383256495,3.389398625586182e-05,-3.3893989893840626e-05,0.0001487302506575361,-0.00014873022155370563,0.0006924592889845371,-0.000692459347192198],[-0.0037992121651768684,0.003799211932346225,-0.0036445721052587032,0.0036445721052587032,-0.005705663003027439,0.006705664098262787,-0.0012371367774903774,0.0012371367774903774,-0.0016929737757891417,0.0016929737757891417,0.00023027302813716233,-0.000230272751650773,-0.0006142500205896795,0.0006142500205896795,-0.0011596273398026824,0.0011596273398026824,-0.0009707010467536747,0.0009707009303383529,-0.001165218185633421,0.001165218185633421,0.0001371101097902283,-0.00013710981875192374,-0.0007877863827161491,0.00078778644092381,-0.002132799243554473,0.002132799243554473,-0.0030990969389677048,0.0030990964733064175,0.0005959771224297583,-0.0005959771224297583,0.000474995729746297,-0.00047499575885012746,0.000396833784179762,-0.00039683375507593155,0.0005601700395345688,-0.0005601700395345688,1.9380473531782627e-05,-1.9380473531782627e-05,0.00032287859357893467,-0.0003228786226827651,0.00028503284556791186,-0.00028503278736025095,4.838408494833857e-05,-4.838408131035976e-05,-7.577174983453006e-05,7.577173528261483e-05,0.00028000216116197407,-0.00028000219026580453,0.0003903378383256495,-0.0003903378383256495,-3.389398625586182e-05,3.3893989893840626e-05,-0.0001487302506575361,0.00014873022155370563,-0.0006924592889845371,0.000692459347192198],[0.0006254193722270429,-0.0006254191976040602,0.0023652228992432356,-0.0023652228992432356,0.0012371367774903774,-0.0012371367774903774,0.00186407589353621,-0.0008640756132081151,0.0008451879257336259,-0.0008451879257336259,-0.0001021684511215426,0.00010216849477728829,0.0009215089958161116,-0.0009215089958161116,0.0009269448346458375,-0.0009269448346458375,0.0011132024228572845,-0.0011132025392726064,0.0005058367969468236,-0.0005058367969468236,0.00042627067887224257,-0.0004262709408067167,0.0008272172999568284,-0.0008272173581644893,0.0009110264363698661,-0.0009110264363698661,0.0010084559908136725,-0.0010084558743983507,-0.00037996756145730615,0.0003799675323534757,-7.493946031900123e-05,7.493946759495884e-05,-0.0002559922868385911,0.0002559922868385911,-6.152995047159493e-05,6.15299359196797e-05,2.8094867957406677e-05,-2.809486977639608e-05,-0.00020737566228490323,0.00020737566228490323,-6.285249401116744e-05,6.285248673520982e-05,1.2476302799768746e-06,-1.2476302799768746e-06,0.00012170840636827052,-0.00012170837726444006,-0.0001809026434784755,0.00018090262892656028,-4.055087629240006e-05,4.055087629240006e-05,5.2045812481082976e-05,-5.204581611906178e-05,9.057992429006845e-05,-9.057990973815322e-05,0.000602834508754313,-0.000602834508754313],[-0.0006254193722270429,0.0006254191976040602,-0.0023652228992432356,0.0023652228992432356,-0.0012371367774903774,0.0012371367774903774,-0.0008640756132081151,0.00186407589353621,-0.0008451879257336259,0.0008451879257336259,0.0001021684511215426,-0.00010216849477728829,-0.0009215089958161116,0.0009215089958161116,-0.0009269448346458375,0.0009269448346458375,-0.0011132024228572845,0.0011132025392726064,-0.0005058367969468236,0.0005058367969468236,-0.00042627067887224257,0.0004262709408067167,-0.0008272172999568284,0.0008272173581644893,-0.0009110264363698661,0.0009110264363698661,-0.0010084559908136725,0.0010084558743983507,0.00037996756145730615,-0.0003799675323534757,7.493946031900123e-05,-7.493946759495884e-05,0.0002559922868385911,-0.0002559922868385911,6.152995047159493e-05,-6.15299359196797e-05,-2.8094867957406677e-05,2.809486977639608e-05,0.00020737566228490323,-0.00020737566228490323,6.285249401116744e-05,-6.285248673520982e-05,-1.2476302799768746e-06,1.2476302799768746e-06,-0.00012170840636827052,0.00012170837726444006,0.0001809026434784755,-0.00018090262892656028,4.055087629240006e-05,-4.055087629240006e-05,-5.2045812481082976e-05,5.204581611906178e-05,-9.057992429006845e-05,9.057990973815322e-05,-0.000602834508754313,0.000602834508754313],[-0.000992660759948194,0.0009926611091941595,0.003169795498251915,-0.0031697957310825586,0.0016929737757891417,-0.0016929737757891417,0.0008451879257336259,-0.0008451879257336259,0.0029654228128492832,-0.0019654221832752228,-0.00016320354188792408,0.000163203600095585,0.0007002100464887917,-0.0007002100464887917,0.0009294426417909563,-0.0009294426417909563,6.393317016772926e-05,-6.393317016772926e-05,0.0004163884441368282,-0.0004163884441368282,0.0005413609906099737,-0.0005413611070252955,0.0006147042149677873,-0.0006147042149677873,0.001194592798128724,-0.001194592798128724,0.001540833036415279,-0.0015408328035846353,-0.00018476654076948762,0.00018476654076948762,3.135512088192627e-05,-3.135512815788388e-05,-0.0001283058663830161,0.00012830585183110088,-1.4259327144827694e-05,1.4259327144827694e-05,2.6244413675158285e-05,-2.6244415494147688e-05,-0.00010563682008069009,0.00010563681280473247,-3.948702214984223e-06,3.948698577005416e-06,-1.2805670849047601e-05,1.28056699395529e-05,5.951517596258782e-05,-5.95151650486514e-05,-8.024529961403459e-05,8.024529961403459e-05,-1.5782206901349127e-06,1.5782134141772985e-06,4.918324339087121e-05,-4.918324702885002e-05,9.146064257947728e-05,-9.146063530351967e-05,0.0005583768361248076,-0.0005583768361248076],[0.0009926608763635159,-0.0009926611091941595,-0.003169795498251915,0.0031697957310825586,-0.0016929737757891417,0.0016929737757891417,-0.0008451879257336259,0.0008451879257336259,-0.0019654221832752228,0.002965422347187996,0.00016320357099175453,-0.0001632033963687718,-0.0007002101046964526,0.0007002101046964526,-0.000929442816413939,0.000929442816413939,-6.393331568688154e-05,6.393331568688154e-05,-0.00041638847324065864,0.00041638847324065864,-0.0005413609906099737,0.0005413609906099737,-0.0006147040985524654,0.0006147040985524654,-0.0011945925652980804,0.0011945924488827586,-0.001540832919999957,0.001540832919999957,0.00018476654076948762,-0.00018476655532140285,-3.135512815788388e-05,3.13551354338415e-05,0.0001283058663830161,-0.0001283058663830161,1.4259312592912465e-05,-1.4259334420785308e-05,-2.6244435503031127e-05,2.624443732202053e-05,0.0001056368273566477,-0.0001056368273566477,3.948691301047802e-06,-3.948687663068995e-06,1.2805676306015812e-05,-1.280567539652111e-05,-5.9515241446206346e-05,5.9515230532269925e-05,8.024529233807698e-05,-8.024529961403459e-05,1.5782170521561056e-06,-1.5782425180077553e-06,-4.918326885672286e-05,4.9183276132680476e-05,-9.146066440735012e-05,9.146066440735012e-05,-0.0005583768943324685,0.0005583768943324685],[0.0002777239424176514,-0.00027772397152148187,0.0009859638521447778,-0.0009859638521447778,-0.00023027302813716233,0.00023027302813716233,-0.0001021684511215426,0.0001021684511215426,-0.00016320354188792408,0.00016320357099175453,0.002773868851363659,-0.0017738688038662076,-9.356716327602044e-05,9.356716327602044e-05,-0.0001852700370363891,0.0001852700370363891,-0.0002582250162959099,0.00025822495808824897,0.00010553434549365193,-0.00010553434549365193,0.0008835367625579238,-0.0008835367625579238,-0.0002654386917129159,0.00026543872081674635,-0.0004237749963067472,0.0004237749963067472,-0.0008874178165569901,0.0008874177001416683,-0.0004108846769668162,0.0004108846769668162,-0.00034020101884379983,0.0003402010479476303,-0.0002904755237977952,0.0002904755237977952,-0.0003349772305227816,0.00033497720141895115,-3.0466631869785488e-05,3.0466631869785488e-05,-0.0002190029335906729,0.0002190029335906729,-0.00018840297707356513,0.00018840294796973467,-1.6615558706689626e-08,1.6615558706689626e-08,0.00017691391985863447,-0.00017691391985863447,-0.00019508221885189414,0.00019508221885189414,-0.0002217338769696653,0.0002217338769696653,1.539434742880985e-05,-1.5394349247799255e-05,6.376696546794847e-05,-6.376695819199085e-05,0.00017251443932764232,-0.00017251443932764232],[-0.0002777237386908382,0.0002777246118057519,-0.0009859639685600996,0.0009859638521447778,0.000230272751650773,-0.000230272751650773,0.00010216849477728829,-0.00010216849477728829,0.000163203600095585,-0.0001632033963687718,-0.0017738688038662076,0.002773869317024946,9.356705413665622e-05,-9.356705413665622e-05,0.00018526980420574546,-0.00018526980420574546,0.00025822489988058805,-0.00025822495808824897,-0.00010553451284067705,0.00010553451284067705,-0.0008835369953885674,0.0008835370535962284,0.00026543851708993316,-0.0002654385461937636,0.0004237749963067472,-0.0004237750545144081,0.0008874175837263465,-0.0008874174673110247,0.000410884793382138,-0.000410884793382138,0.00034020113525912166,-0.0003402011643629521,0.00029047561110928655,-0.00029047561110928655,0.0003349772887304425,-0.00033497725962661207,3.0466620955849066e-05,-3.0466620955849066e-05,0.0002190030354540795,-0.0002190030354540795,0.00018840303528122604,-0.00018840300617739558,1.6611465980531648e-08,-1.6611465980531648e-08,-0.00017691394896246493,0.00017691391985863447,0.00019508221885189414,-0.0001950822479557246,0.00022173396428115666,-0.00022173394972924143,-1.5394360161735676e-05,1.539436198072508e-05,-6.376700184773654e-05,6.376699457177892e-05,-0.00017251451208721846,0.0001725145266391337],[0.0003908809449058026,-0.0003908806247636676,0.0021151478867977858,-0.0021151481196284294,0.0006142500205896795,-0.0006142500205896795,0.0009215089958161116,-0.0009215089958161116,0.0007002100464887917,-0.0007002101046964526,-9.356716327602044e-05,9.356705413665622e-05,0.0022444012574851513,-0.0012444012099877,0.0007170223398134112,-0.0007170223398134112,0.001170853152871132,-0.001170853152871132,0.0001647515600780025,-0.0001647515600780025,0.0003149885160382837,-0.0003149887779727578,0.0007531461887992918,-0.0007531461887992918,0.00140450953040272,-0.0014045096468180418,-8.030887693166733e-05,8.030910976231098e-05,-0.00032288391957990825,0.0003228838904760778,-5.230090027907863e-05,5.230090755503625e-05,-0.0002217768196715042,0.00022177679056767374,-4.1384286305401474e-05,4.138427902944386e-05,2.535347630328033e-05,-2.535347630328033e-05,-0.000179748865775764,0.000179748865775764,-5.2429288189159706e-05,5.24292845511809e-05,-7.688558980589733e-07,7.688540790695697e-07,8.6493935668841e-05,-8.649392839288339e-05,-0.00014882012328598648,0.0001488201378379017,-1.787742985470686e-05,1.7877435311675072e-05,4.3849337089341134e-05,-4.384934072731994e-05,7.010569970589131e-05,-7.010569970589131e-05,0.00046790490159764886,-0.00046790490159764886],[-0.0003908809449058026,0.0003908806247636676,-0.0021151478867977858,0.0021151481196284294,-0.0006142500205896795,0.0006142500205896795,-0.0009215089958161116,0.0009215089958161116,-0.0007002100464887917,0.0007002101046964526,9.356716327602044e-05,-9.356705413665622e-05,-0.0012444012099877,0.0022444012574851513,-0.0007170223398134112,0.0007170223398134112,-0.001170853152871132,0.001170853152871132,-0.0001647515600780025,0.0001647515600780025,-0.0003149885160382837,0.0003149887779727578,-0.0007531461887992918,0.0007531461887992918,-0.00140450953040272,0.0014045096468180418,8.030887693166733e-05,-8.030910976231098e-05,0.00032288391957990825,-0.0003228838904760778,5.230090027907863e-05,-5.230090755503625e-05,0.0002217768196715042,-0.00022177679056767374,4.1384286305401474e-05,-4.138427902944386e-05,-2.535347630328033e-05,2.535347630328033e-05,0.000179748865775764,-0.000179748865775764,5.2429288189159706e-05,-5.24292845511809e-05,7.688558980589733e-07,-7.688540790695697e-07,-8.6493935668841e-05,8.649392839288339e-05,0.00014882012328598648,-0.0001488201378379017,1.787742985470686e-05,-1.7877435311675072e-05,-4.3849337089341134e-05,4.384934072731994e-05,-7.010569970589131e-05,7.010569970589131e-05,-0.00046790490159764886,0.00046790490159764886],[-0.0009766505099833012,0.0009766509756445885,0.003507993882521987,-0.0035079936496913433,0.0011596273398026824,-0.0011596273398026824,0.0009269448346458375,-0.0009269448346458375,0.0009294426417909563,-0.000929442816413939,-0.0001852700370363891,0.00018526980420574546,0.0007170223398134112,-0.0007170223398134112,0.002040148712694645,-0.001040149014443159,0.0016630252357572317,-0.0016630253521725535,0.0002646283246576786,-0.0002646283246576786,0.0004597086226567626,-0.0004597088845912367,0.0009308757726103067,-0.0009308758308179677,0.0009269329020753503,-0.0009269329020753503,0.001634677522815764,-0.0016346771735697985,-0.0003691824385896325,0.0003691824385896325,-0.0002029611641773954,0.00020296119328122586,-0.000256155472015962,0.00025615544291213155,-0.00011927286686841398,0.00011927285959245637,2.7361395041225478e-05,-2.736139140324667e-05,-0.00020544503058772534,0.00020544503058772534,-0.00013253444922156632,0.00013253444922156632,1.7031070456141606e-06,-1.703105226624757e-06,0.0001473689917474985,-0.0001473689917474985,-0.00017014463082887232,0.00017014465993270278,-7.269353227457032e-05,7.269351044669747e-05,5.582139783655293e-05,-5.582140511251055e-05,8.232427353505045e-05,-8.232427353505045e-05,0.00047221954446285963,-0.00047221954446285963],[0.0009766505099833012,-0.0009766509756445885,-0.003507993882521987,0.0035079936496913433,-0.0011596273398026824,0.0011596273398026824,-0.0009269448346458375,0.0009269448346458375,-0.0009294426417909563,0.000929442816413939,0.0001852700370363891,-0.00018526980420574546,-0.0007170223398134112,0.0007170223398134112,-0.001040149014443159,0.0020401491783559322,-0.0016630252357572317,0.0016630253521725535,-0.0002646283246576786,0.0002646283246576786,-0.0004597086226567626,0.0004597088845912367,-0.0009308757726103067,0.0009308758308179677,-0.0009269329020753503,0.0009269329020753503,-0.001634677522815764,0.0016346771735697985,0.0003691824385896325,-0.0003691824385896325,0.0002029611641773954,-0.00020296119328122586,0.000256155472015962,-0.00025615544291213155,0.00011927286686841398,-0.00011927285959245637,-2.7361395041225478e-05,2.736139140324667e-05,0.00020544503058772534,-0.00020544503058772534,0.00013253444922156632,-0.00013253444922156632,-1.7031070456141606e-06,1.703105226624757e-06,-0.0001473689917474985,0.0001473689917474985,0.00017014463082887232,-0.00017014465993270278,7.269353227457032e-05,-7.269351044669747e-05,-5.582139783655293e-05,5.582140511251055e-05,-8.232427353505045e-05,8.232427353505045e-05,-0.00047221954446285963,0.00047221954446285963],[0.001982583664357662,-0.0019825834315270185,0.0031668406445533037,-0.003166841110214591,0.0009707010467536747,-0.0009707010467536747,0.0011132024228572845,-0.0011132024228572845,6.393317016772926e-05,-6.393331568688154e-05,-0.0002582250162959099,0.00025822489988058805,0.001170853152871132,-0.001170853152871132,0.0016630252357572317,-0.0016630252357572317,0.0036765565164387226,-0.002676556585356593,0.0007227959576994181,-0.0007227959576994181,0.0006489913794212043,-0.0006489915540441871,0.0012062021996825933,-0.001206202432513237,0.001335066044703126,-0.001335066044703126,0.003263411344960332,-0.0032634108792990446,-0.0006174886366352439,0.0006174886366352439,-0.0004398307646624744,0.00043983079376630485,-0.0004255093517713249,0.0004255093226674944,-0.00021592772100120783,0.000215927604585886,5.540436541195959e-05,-5.540436541195959e-05,-0.0003472601529210806,0.0003472601529210806,-0.0002734945446718484,0.00027349451556801796,7.350290616159327e-06,-7.350288797169924e-06,0.0001357143628410995,-0.00013571433373726904,-0.0002826520358212292,0.0002826520358212292,-0.0001354012783849612,0.00013540126383304596,7.406920485664159e-05,-7.40692121325992e-05,8.64516623551026e-05,-8.645164780318737e-05,0.0005823462270200253,-0.0005823462270200253],[-0.001982583897188306,0.001982583664357662,-0.0031668406445533037,0.003166841110214591,-0.0009707009303383529,0.0009707009303383529,-0.0011132025392726064,0.0011132025392726064,-6.393317016772926e-05,6.393331568688154e-05,0.00025822495808824897,-0.00025822495808824897,-0.001170853152871132,0.001170853152871132,-0.0016630253521725535,0.0016630253521725535,-0.002676556585356593,0.0036765567492693663,-0.0007227959576994181,0.0007227959576994181,-0.0006489913794212043,0.0006489915540441871,-0.0012062021996825933,0.001206202432513237,-0.001335066044703126,0.001335066044703126,-0.003263411344960332,0.0032634108792990446,0.0006174886366352439,-0.0006174886366352439,0.0004398307646624744,-0.00043983079376630485,0.0004255093517713249,-0.0004255093226674944,0.00021592772100120783,-0.000215927604585886,-5.540436541195959e-05,5.540436541195959e-05,0.0003472601529210806,-0.0003472601529210806,0.0002734945446718484,-0.00027349451556801796,-7.350290616159327e-06,7.350288797169924e-06,-0.0001357143628410995,0.00013571433373726904,0.0002826520358212292,-0.0002826520358212292,0.0001354012783849612,-0.00013540126383304596,-7.406920485664159e-05,7.40692121325992e-05,-8.64516623551026e-05,8.645164780318737e-05,-0.0005823462270200253,0.0005823462270200253],[0.0021194729488343,-0.0021194727160036564,0.0027681756764650345,-0.002768176142126322,0.001165218185633421,-0.001165218185633421,0.0005058367969468236,-0.0005058367969468236,0.0004163884441368282,-0.00041638847324065864,0.00010553434549365193,-0.00010553451284067705,0.0001647515600780025,-0.0001647515600780025,0.0002646283246576786,-0.0002646283246576786,0.0007227959576994181,-0.0007227959576994181,0.0021688821725547314,-0.0011688822414726019,8.852934115566313e-06,-8.853232429828495e-06,0.00020076111832167953,-0.0002007611037697643,0.0013096333714202046,-0.0013096333714202046,0.0011693594278767705,-0.001169359078630805,-0.00038776686415076256,0.00038776686415076256,-0.00038035144098103046,0.0003803514991886914,-0.00026775512378662825,0.00026775512378662825,-0.0003669836150947958,0.00036698358599096537,5.556950782192871e-06,-5.556950782192871e-06,-0.0002100924903061241,0.00021009250485803932,-0.00021773362823296338,0.00021773359912913293,-3.316844959044829e-05,3.316844595246948e-05,-3.949238816858269e-05,3.94923918065615e-05,-0.00018409648328088224,0.00018409645417705178,-0.0002584246394690126,0.00025842461036518216,1.3003506865061354e-05,-1.300350959354546e-05,5.928298196522519e-05,-5.928298196522519e-05,0.00035898899659514427,-0.00035898899659514427],[-0.0021194729488343,0.0021194727160036564,-0.0027681756764650345,0.002768176142126322,-0.001165218185633421,0.001165218185633421,-0.0005058367969468236,0.0005058367969468236,-0.0004163884441368282,0.00041638847324065864,-0.00010553434549365193,0.00010553451284067705,-0.0001647515600780025,0.0001647515600780025,-0.0002646283246576786,0.0002646283246576786,-0.0007227959576994181,0.0007227959576994181,-0.0011688822414726019,0.0021688821725547314,-8.852934115566313e-06,8.853232429828495e-06,-0.00020076111832167953,0.0002007611037697643,-0.0013096333714202046,0.0013096333714202046,-0.0011693594278767705,0.001169359078630805,0.00038776686415076256,-0.00038776686415076256,0.00038035144098103046,-0.0003803514991886914,0.00026775512378662825,-0.00026775512378662825,0.0003669836150947958,-0.00036698358599096537,-5.556950782192871e-06,5.556950782192871e-06,0.0002100924903061241,-0.00021009250485803932,0.00021773362823296338,-0.00021773359912913293,3.316844959044829e-05,-3.316844595246948e-05,3.949238816858269e-05,-3.94923918065615e-05,0.00018409648328088224,-0.00018409645417705178,0.0002584246394690126,-0.00025842461036518216,-1.3003506865061354e-05,1.300350959354546e-05,-5.928298196522519e-05,5.928298196522519e-05,-0.00035898899659514427,0.00035898899659514427],[3.130134427919984e-05,-3.130192999378778e-05,0.0008557201363146305,-0.000855720485560596,-0.0001371101097902283,0.0001371101097902283,0.00042627067887224257,-0.00042627067887224257,0.0005413609906099737,-0.0005413609906099737,0.0008835367625579238,-0.0008835369953885674,0.0003149885160382837,-0.0003149885160382837,0.0004597086226567626,-0.0004597086226567626,0.0006489913794212043,-0.0006489913794212043,8.852934115566313e-06,-8.852934115566313e-06,0.0023978203535079956,-0.001397821237333119,0.00038617232348769903,-0.00038617238169535995,-0.00010534765897318721,0.00010534765897318721,0.0006360940169543028,-0.000636093900538981,-3.5655284591484815e-06,3.5655284591484815e-06,-0.0001327688223682344,0.0001327688223682344,-1.363559567835182e-05,1.3635592040373012e-05,-0.0002150313084712252,0.00021503132302314043,-2.539626984798815e-05,2.539626984798815e-05,-3.299417585367337e-06,3.299421223346144e-06,-7.959738286444917e-05,7.959736831253394e-05,-1.0012974598794244e-05,1.0012974598794244e-05,0.00015375939256045967,-0.00015375937800854445,-3.5614957596408203e-06,3.5614957596408203e-06,-0.00014078698586672544,0.00014078700041864067,1.1576878023333848e-05,-1.157687893282855e-05,6.197841139510274e-05,-6.197840411914513e-05,0.00023215962573885918,-0.00023215965484268963],[-3.130203913315199e-05,3.1302301067626104e-05,-0.0008557209512218833,0.0008557203691452742,0.00013710981875192374,-0.00013710981875192374,-0.0004262709408067167,0.0004262709408067167,-0.0005413611070252955,0.0005413609906099737,-0.0008835367625579238,0.0008835370535962284,-0.0003149887779727578,0.0003149887779727578,-0.0004597088845912367,0.0004597088845912367,-0.0006489915540441871,0.0006489915540441871,-8.853232429828495e-06,8.853232429828495e-06,-0.001397821237333119,0.0023978210519999266,-0.00038617252721451223,0.0003861725563183427,0.00010534722241573036,-0.00010534722241573036,-0.0006360945990309119,0.0006360944826155901,3.5655975807458162e-06,-3.565583028830588e-06,0.00013276896788738668,-0.00013276896788738668,1.3635664799949154e-05,-1.363565752399154e-05,0.0002150313521269709,-0.00021503136667888612,2.5396288037882186e-05,-2.5396288037882186e-05,3.299457603134215e-06,-3.299464879091829e-06,7.95974483480677e-05,-7.959743379615247e-05,1.0012939128500875e-05,-1.0012938219006173e-05,-0.00015375936345662922,0.000153759348904714,3.561548510333523e-06,-3.561544872354716e-06,0.00014078700041864067,-0.0001407870149705559,-1.1576890756259672e-05,1.1576890756259672e-05,-6.197844777489081e-05,6.19784404989332e-05,-0.00023215981491375715,0.00023215982946567237],[0.0008696204167790711,-0.0008696200675331056,0.004322478547692299,-0.0043224794790148735,0.0007877863827161491,-0.0007877863827161491,0.0008272172999568284,-0.0008272172999568284,0.0006147042149677873,-0.0006147040985524654,-0.0002654386917129159,0.00026543851708993316,0.0007531461887992918,-0.0007531461887992918,0.0009308757726103067,-0.0009308757726103067,0.0012062021996825933,-0.0012062021996825933,0.00020076111832167953,-0.00020076111832167953,0.00038617232348769903,-0.00038617252721451223,0.002237862441688776,-0.0012378626270219684,0.0018624556250870228,-0.001862455508671701,0.00098467490170151,-0.0009846745524555445,-0.00018855731468647718,0.00018855731468647718,-0.00021994850249029696,0.0002199485170422122,-0.00012583137140609324,0.00012583132775034755,-4.8999958380591124e-05,4.899997293250635e-05,5.212901669437997e-05,-5.212901669437997e-05,-0.00011477286898298189,0.00011477289808681235,-0.00014164343883749098,0.00014164342428557575,1.3716906323679723e-05,-1.3716908142669126e-05,0.00010303956514690071,-0.00010303955059498549,-8.236094436142594e-05,8.236091525759548e-05,-2.9815291782142594e-05,2.9815288144163787e-05,6.949724047444761e-05,-6.949724775040522e-05,7.766045746393502e-05,-7.766045746393502e-05,0.0005914110224694014,-0.0005914110806770623],[-0.0008696203585714102,0.0008696201257407665,-0.004322478547692299,0.0043224794790148735,-0.00078778644092381,0.00078778644092381,-0.0008272173581644893,0.0008272173581644893,-0.0006147042149677873,0.0006147040985524654,0.00026543872081674635,-0.0002654385461937636,-0.0007531461887992918,0.0007531461887992918,-0.0009308758308179677,0.0009308758308179677,-0.001206202432513237,0.001206202432513237,-0.0002007611037697643,0.0002007611037697643,-0.00038617238169535995,0.0003861725563183427,-0.0012378626270219684,0.0022378626745194197,-0.001862455508671701,0.0018624553922563791,-0.0009846750181168318,0.0009846747852861881,0.00018855731468647718,-0.0001885573292383924,0.00021994853159412742,-0.00021994856069795787,0.000125831356854178,-0.00012583131319843233,4.899998748442158e-05,-4.899997293250635e-05,-5.21290312462952e-05,5.21290312462952e-05,0.0001147728762589395,-0.00011477286170702428,0.00014164340973366052,-0.00014164338062983006,-1.3716933608520776e-05,1.371693542751018e-05,-0.00010303956514690071,0.0001030395578709431,8.23609225335531e-05,-8.236095891334116e-05,2.9815302696079016e-05,-2.981528450618498e-05,-6.949724775040522e-05,6.949725502636284e-05,-7.766048656776547e-05,7.766047929180786e-05,-0.0005914110806770623,0.0005914111388847232],[0.002215784741565585,-0.0022157845087349415,0.006131972186267376,-0.0061319731175899506,0.002132799243554473,-0.002132799243554473,0.0009110264363698661,-0.0009110264363698661,0.001194592798128724,-0.0011945925652980804,-0.0004237749963067472,0.0004237749963067472,0.00140450953040272,-0.00140450953040272,0.0009269329020753503,-0.0009269329020753503,0.001335066044703126,-0.001335066044703126,0.0013096333714202046,-0.0013096333714202046,-0.00010534765897318721,0.00010534722241573036,0.0018624556250870228,-0.001862455508671701,0.010140829719603062,-0.009140828624367714,0.004824115429073572,-0.004824114963412285,-0.0004396000294946134,0.0004396000294946134,-0.000723633449524641,0.0007236335659399629,-0.00029439895297400653,0.0002943988947663456,-0.0005795858451165259,0.0005795859615318477,4.1173472709488124e-05,-4.117346543353051e-05,-0.00024021847639232874,0.00024021847639232874,-0.000432515109423548,0.0004325150803197175,-6.372203642968088e-06,6.372196367010474e-06,0.0002792055602185428,-0.0002792055602185428,-0.0002228379889857024,0.0002228380471933633,-0.00040734713547863066,0.0004073471645824611,0.00010865373769775033,-0.00010865375224966556,0.00020445621339604259,-0.00020445619884412736,0.0012606929522007704,-0.0012606929522007704],[-0.002215784741565585,0.0022157845087349415,-0.006131972186267376,0.0061319731175899506,-0.002132799243554473,0.002132799243554473,-0.0009110264363698661,0.0009110264363698661,-0.001194592798128724,0.0011945924488827586,0.0004237749963067472,-0.0004237750545144081,-0.0014045096468180418,0.0014045096468180418,-0.0009269329020753503,0.0009269329020753503,-0.001335066044703126,0.001335066044703126,-0.0013096333714202046,0.0013096333714202046,0.00010534765897318721,-0.00010534722241573036,-0.001862455508671701,0.0018624553922563791,-0.009140828624367714,0.010140828788280487,-0.004824115429073572,0.004824114963412285,0.0004396000294946134,-0.0004396000294946134,0.000723633449524641,-0.0007236335659399629,0.00029439895297400653,-0.0002943988947663456,0.0005795858451165259,-0.0005795859615318477,-4.1173472709488124e-05,4.117346543353051e-05,0.00024021847639232874,-0.00024021847639232874,0.000432515109423548,-0.0004325150803197175,6.372203642968088e-06,-6.372196367010474e-06,-0.0002792055602185428,0.0002792055602185428,0.0002228379889857024,-0.0002228380471933633,0.00040734713547863066,-0.0004073471645824611,-0.00010865373769775033,0.00010865375224966556,-0.00020445621339604259,0.00020445619884412736,-0.0012606929522007704,0.0012606929522007704],[0.0029790764674544334,-0.00297907623462379,0.0038829310797154903,-0.0038829315453767776,0.0030990969389677048,-0.0030990969389677048,0.0010084559908136725,-0.0010084559908136725,0.001540833036415279,-0.001540832919999957,-0.0008874178165569901,0.0008874175837263465,-8.030887693166733e-05,8.030887693166733e-05,0.001634677522815764,-0.001634677522815764,0.003263411344960332,-0.003263411344960332,0.0011693594278767705,-0.0011693594278767705,0.0006360940169543028,-0.0006360945990309119,0.00098467490170151,-0.0009846750181168318,0.004824115429073572,-0.004824115429073572,0.01067290734499693,-0.009672907181084156,-0.0004588891752064228,0.00045888920431025326,-0.0003734758938662708,0.0003734758938662708,-0.00032029542489908636,0.0003202953957952559,-0.000329651462379843,0.0003296514041721821,4.190162871964276e-05,-4.1901621443685144e-05,-0.0002334137388970703,0.0002334137388970703,-0.0002084517473122105,0.00020845173276029527,2.0412480807863176e-06,-2.0412553567439318e-06,0.00018537200230639428,-0.0001853719586506486,-0.0002364561369176954,0.0002364560787100345,-0.00023455180053133518,0.00023455172777175903,7.598443335155025e-05,-7.598444790346548e-05,0.00013258468243293464,-0.00013258468243293464,0.0009425181779079139,-0.0009425182361155748],[-0.002979076001793146,0.002979076001793146,-0.003882930614054203,0.0038829308468848467,-0.0030990964733064175,0.0030990964733064175,-0.0010084558743983507,0.0010084558743983507,-0.0015408328035846353,0.001540832919999957,0.0008874177001416683,-0.0008874174673110247,8.030910976231098e-05,-8.030910976231098e-05,-0.0016346771735697985,0.0016346771735697985,-0.0032634108792990446,0.0032634108792990446,-0.001169359078630805,0.001169359078630805,-0.000636093900538981,0.0006360944826155901,-0.0009846745524555445,0.0009846747852861881,-0.004824114963412285,0.004824114963412285,-0.009672907181084156,0.01067290734499693,0.00045888888416811824,-0.00045888888416811824,0.00037347577745094895,-0.00037347577745094895,0.0003202954540029168,-0.0003202953957952559,0.00032965134596452117,-0.00032965128775686026,-4.190156323602423e-05,4.1901555960066617e-05,0.00023341365158557892,-0.0002334136952413246,0.00020845170365646482,-0.00020845167455263436,-2.0412553567439318e-06,2.041262632701546e-06,-0.00018537197320256382,0.00018537194409873337,0.00023645609326194972,-0.00023645602050237358,0.00023455178597941995,-0.00023455180053133518,-7.598436786793172e-05,7.598438241984695e-05,-0.00013258462422527373,0.00013258462422527373,-0.0009425182361155748,0.0009425182361155748],[-0.0009626534301787615,0.0009626533137634397,-0.00174934312235564,0.0017493432387709618,-0.0005959771224297583,0.0005959771224297583,-0.00037996756145730615,0.00037996756145730615,-0.00018476654076948762,0.00018476654076948762,-0.0004108846769668162,0.000410884793382138,-0.00032288391957990825,0.00032288391957990825,-0.0003691824385896325,0.0003691824385896325,-0.0006174886366352439,0.0006174886366352439,-0.00038776686415076256,0.00038776686415076256,-3.5655284591484815e-06,3.5655975807458162e-06,-0.00018855731468647718,0.00018855731468647718,-0.0004396000294946134,0.0004396000294946134,-0.0004588891752064228,0.00045888888416811824,0.002116801217198372,-0.001116800820454955,0.0005604638135991991,-0.00056046387180686,0.0005703818751499057,-0.0005703819333575666,0.0004423224600031972,-0.0004423224017955363,-0.0006063699256628752,0.0006063699256628752,0.00045029487228021026,-0.00045029481407254934,0.00031109031988307834,-0.0003110902907792479,-0.0005118303815834224,0.0005118303815834224,4.401674232212827e-06,-4.401681508170441e-06,0.0003851773217320442,-0.0003851773217320442,0.00029664329485967755,-0.0002966432657558471,-0.0003934511623810977,0.00039345119148492813,3.6040612030774355e-05,-3.6040612030774355e-05,0.00010636479419190437,-0.00010636479419190437],[0.0009626534301787615,-0.0009626533137634397,0.0017493432387709618,-0.0017493433551862836,0.0005959771224297583,-0.0005959771224297583,0.0003799675323534757,-0.0003799675323534757,0.00018476654076948762,-0.00018476655532140285,0.0004108846769668162,-0.000410884793382138,0.0003228838904760778,-0.0003228838904760778,0.0003691824385896325,-0.0003691824385896325,0.0006174886366352439,-0.0006174886366352439,0.00038776686415076256,-0.00038776686415076256,3.5655284591484815e-06,-3.565583028830588e-06,0.00018855731468647718,-0.0001885573292383924,0.0004396000294946134,-0.0004396000294946134,0.00045888920431025326,-0.00045888888416811824,-0.001116800820454955,0.0021168014500290155,-0.0005604638135991991,0.00056046387180686,-0.0005703818751499057,0.0005703819333575666,-0.0004423224600031972,0.0004423224017955363,0.0006063699256628752,-0.0006063699256628752,-0.00045029487228021026,0.00045029481407254934,-0.00031109031988307834,0.0003110902907792479,0.0005118303815834224,-0.0005118303815834224,-4.401674232212827e-06,4.401681508170441e-06,-0.0003851773217320442,0.0003851773217320442,-0.00029664329485967755,0.0002966432657558471,0.0003934511623810977,-0.00039345119148492813,-3.6040612030774355e-05,3.6040612030774355e-05,-0.00010636479419190437,0.00010636479419190437],[-0.0008205230114981532,0.0008205228950828314,-0.0010256991954520345,0.0010256993118673563,-0.000474995729746297,0.000474995729746297,-7.493946031900123e-05,7.493946031900123e-05,3.135512088192627e-05,-3.135512815788388e-05,-0.00034020101884379983,0.00034020113525912166,-5.230090027907863e-05,5.230090027907863e-05,-0.0002029611641773954,0.0002029611641773954,-0.0004398307646624744,0.0004398307646624744,-0.00038035144098103046,0.00038035144098103046,-0.0001327688223682344,0.00013276896788738668,-0.00021994850249029696,0.00021994853159412742,-0.000723633449524641,0.000723633449524641,-0.0003734758938662708,0.00037347577745094895,0.0005604638135991991,-0.0005604638135991991,0.0016735753742977977,-0.0006735752103850245,0.0003833587106782943,-0.00038335868157446384,0.00030577395227737725,-0.0003057739231735468,-0.000281002459814772,0.00028100248891860247,0.0003155813319608569,-0.0003155813319608569,0.00038784233038313687,-0.0003878423012793064,-0.00034087063977494836,0.0003408706106711179,8.172397429007106e-06,-8.172424713848159e-06,0.00025578419445082545,-0.00025578419445082545,0.00019930627604480833,-0.00019930623238906264,-0.00016280495037790388,0.00016280495037790388,3.287787694716826e-05,-3.287786967121065e-05,-4.444532532943413e-05,4.4445339881349355e-05],[0.0008205230697058141,-0.0008205229532904923,0.0010256991954520345,-0.0010256993118673563,0.00047499575885012746,-0.00047499575885012746,7.493946759495884e-05,-7.493946759495884e-05,-3.135512815788388e-05,3.13551354338415e-05,0.0003402010479476303,-0.0003402011643629521,5.230090755503625e-05,-5.230090755503625e-05,0.00020296119328122586,-0.00020296119328122586,0.00043983079376630485,-0.00043983079376630485,0.0003803514991886914,-0.0003803514991886914,0.0001327688223682344,-0.00013276896788738668,0.0002199485170422122,-0.00021994856069795787,0.0007236335659399629,-0.0007236335659399629,0.0003734758938662708,-0.00037347577745094895,-0.00056046387180686,0.00056046387180686,-0.0006735752103850245,0.001673575141467154,-0