{"epoch":0,"H":[[0.007254539057612419,0.005222955718636513,-0.011477495543658733,-0.007175765931606293,0.007628370076417923,-0.0004526030388660729,0.0034962748177349567,-0.004610718693584204,0.0011144436430186033,-0.0019006107468158007,0.0005804775282740593,0.0013201328692957759,0.0032491076271981,-0.004501473158597946,0.001252365531399846,0.0017659080913290381,-0.0013257238315418363,-0.0004401843179948628,-0.0008428365108557045,-0.0017289011739194393,0.0025717373937368393,0.004133446142077446,-0.0024197190068662167,-0.0017137269023805857,-0.0012184387305751443,-0.0032083899714052677,0.00442682858556509,0.0018231587018817663,-0.002625229535624385,0.0008020710083656013,-0.0027461585123091936,0.0008074939833022654,0.0019386643543839455,0.0016608741134405136,-0.0030477915424853563,0.0013869176618754864,-0.0028167127165943384,-0.003628478618338704,0.0064451927319169044,-0.00022144945978652686,-0.001552231376990676,0.0017736803274601698,-0.0012201349018141627,0.0014036574866622686,-0.00018352281767874956,-0.0004319611471146345,0.0006586004747077823,-0.00022663921117782593,-0.0006697854842059314,0.0009439807035960257,-0.00027419510297477245,0.0014179965946823359,-0.0004923079977743328,-0.000925688655115664,-0.0003212341107428074,0.0011651513632386923,-0.0008439172524958849,-0.00014533859211951494,-0.00021137145813554525,0.0003567099920473993,0.0011359466006979346,-0.0018597518792375922,0.0007238055113703012,-0.0003496792051009834,0.00013886363012716174,0.00021081551676616073,-0.00014149362687021494,0.0005837952485308051,-0.00044230156345292926,0.0002610907831694931,-6.549249519594014e-05,-0.00019559822976589203,0.001349177910014987,0.00037210341542959213,-0.0017212813254445791,-0.001870658015832305,-0.00010474631562829018,0.001975403865799308,-0.0005620541051030159,0.0003058859729208052,0.00025616807397454977,-0.0006405952735804021,0.000669772969558835,-2.9177579563111067e-05],[0.005222955718636513,0.03038438968360424,-0.03460734337568283,-0.00023481110110878944,-0.0031077463645488024,0.003342557232826948,-0.004681713413447142,0.0021209586411714554,0.0025607554707676172,0.003920592367649078,0.0019473895663395524,-0.005867980886250734,0.007439640816301107,0.007074224762618542,-0.014513865113258362,-0.001104062655940652,0.000917188124731183,0.00018687464762479067,0.0007207255694083869,0.0010900840861722827,-0.0018108092481270432,-0.0014641736634075642,-0.0006163697689771652,0.0020805438980460167,0.0011487023439258337,0.0004972964525222778,-0.0016459985636174679,-0.002162084449082613,0.0019375667907297611,0.00022451713448390365,0.0018397723324596882,-0.0004895067540928721,-0.001350265578366816,0.002212584251537919,0.004294311627745628,-0.0065068951807916164,0.0006255910266190767,0.0012853603111580014,-0.0019109525019302964,-0.001589478924870491,0.0061893886886537075,-0.004599911160767078,-0.0027529625222086906,0.0008171065710484982,0.0019358554854989052,0.00422965083271265,-0.005655781365931034,0.0014261303003877401,7.1685644797980785e-06,-0.0003005819162353873,0.0002934134390670806,-0.0002794036117848009,0.00157766486518085,-0.0012982612242922187,0.001590856583788991,-0.0029417378827929497,0.0013508811825886369,0.00012896559201180935,-0.0033102156594395638,0.0031812500674277544,-0.0008834430482238531,-0.005470517091453075,0.006353959906846285,0.0020678152795881033,-0.00012447504559531808,-0.0019433399429544806,-0.0012520391028374434,-0.004630358889698982,0.005882398225367069,8.089758921414614e-06,-0.0003335133078508079,0.0003254236653447151,-0.001999362139031291,0.00028246897272765636,0.0017168933991342783,3.162493521813303e-05,0.00019859554595313966,-0.0002302205393789336,0.0007828909438103437,-0.000730826985090971,-5.2063813200220466e-05,0.0027515143156051636,0.0008035216596908867,-0.003555036149919033],[-0.011477495543658733,-0.03460734337568283,0.04708483815193176,0.007410578429698944,-0.004520623944699764,-0.002889954252168536,0.0011854392942041159,0.0024897584225982428,-0.0036751984152942896,-0.002019979525357485,-0.0025278665125370026,0.004547846037894487,-0.01068874727934599,-0.0025727530010044575,0.01326149981468916,-0.0006618454935960472,0.0004085367836523801,0.0002533086226321757,0.00012211117427796125,0.0006388163892552257,-0.0007609274471178651,-0.0026692706160247326,0.003036090638488531,-0.00036682013887912035,6.973720155656338e-05,0.0027110925875604153,-0.002780829556286335,0.00033892557257786393,0.000687663909047842,-0.0010265893070027232,0.0009063874604180455,-0.00031798856798559427,-0.000588399067055434,-0.003873457433655858,-0.0012465197360143065,0.005119977053254843,0.0021911244839429855,0.002343116793781519,-0.0045342412777245045,0.001810928457416594,-0.0046371594071388245,0.0028262308333069086,0.003973096609115601,-0.002220763126388192,-0.001752333017066121,-0.0037976899184286594,0.004997182171791792,-0.0011994920205324888,0.000662616512272507,-0.0006433974485844374,-1.921900548040867e-05,-0.0011385943507775664,-0.0010853572748601437,0.0022239515092223883,-0.0012696231715381145,0.001776586170308292,-0.000506963231600821,1.6373509424738586e-05,0.003521587699651718,-0.003537961281836033,-0.00025250413455069065,0.007330268621444702,-0.007077764719724655,-0.0017181365983560681,-1.4389865100383759e-05,0.0017325261142104864,0.001393532962538302,0.004046563990414143,-0.00544009730219841,-0.0002691808622330427,0.0003990053082816303,-0.00012982444604858756,0.0006501833559013903,-0.0006545718060806394,4.388479283079505e-06,0.0018390337936580181,-9.384879376739264e-05,-0.0017451847670599818,-0.00022083715884946287,0.0004249416524544358,-0.00020410452270880342,-0.002110918750986457,-0.0014732950367033482,0.003584213787689805],[-0.007175765931606293,-0.00023481110110878944,0.007410578429698944,0.019033215939998627,-0.01452805195003748,-0.003505160566419363,-0.002677363809198141,0.002592535689473152,8.482800330966711e-05,0.003452676348388195,-0.0019190290477126837,-0.0015336470678448677,-0.0017428696155548096,-0.003951887600123882,0.005694757681339979,-0.001023055985569954,0.0013907391112297773,-0.00036768283462151885,0.0020320070907473564,-0.00022667006123811007,-0.0018053371459245682,-0.0004147749568801373,-0.0009722711984068155,0.0013870466500520706,0.0004005500231869519,-0.0009720104862935841,0.0005714608123525977,-0.0021250846330076456,0.0001755565172061324,0.0019495277665555477,0.003725426970049739,-0.002542410511523485,-0.0011830166913568974,0.0005667211953550577,-0.00220691179856658,0.001640190603211522,0.001647495198994875,-0.001433711964637041,-0.00021378346718847752,0.002356108743697405,3.233365714550018e-05,-0.0023884421680122614,0.0010071209399029613,-0.0006203772500157356,-0.00038674380630254745,0.0004043864901177585,-0.003575202077627182,0.0031708157621324062,0.0014190614456310868,0.0011881678365170956,-0.0026072293985635042,-0.002292787889018655,0.0019028638489544392,0.0003899236908182502,-0.00022462516790255904,-0.0007952204905450344,0.0010198456002399325,0.0018546779174357653,-0.0008806491969153285,-0.0009740287787280977,-0.001467981142923236,0.0017419630894437432,-0.00027398235397413373,-0.0005567578482441604,-0.00109920057002455,0.0016559583600610495,0.0011557453544810414,0.000626028107944876,-0.0017817735206335783,-0.0003533775161486119,0.0010557817295193672,-0.0007024043588899076,-0.001171876909211278,9.660804062150419e-05,0.0010752689559012651,0.0023484965786337852,-0.0001199824910145253,-0.002228513592854142,-0.0002680163597688079,-0.00031290872721001506,0.000580925028771162,-7.722078589722514e-05,-0.0013554788893088698,0.0014326998498290777],[0.007628370076417923,-0.0031077463645488024,-0.004520623944699764,-0.01452805195003748,0.032400745898485184,-0.016872694715857506,0.0032900189980864525,-0.0013790492666885257,-0.0019109693821519613,-0.004555337131023407,0.004588552750647068,-3.3216201700270176e-05,-0.0005857087671756744,0.0018061934970319271,-0.0012204848462715745,-0.00013196220970712602,0.001314364606514573,-0.0011824020184576511,0.0018579545430839062,0.0035032539162784815,-0.005361208226531744,-0.008719144389033318,-0.0072054313495755196,0.015924574807286263,-0.0004997850628569722,0.0026182355359196663,-0.002118450589478016,0.0006783830467611551,-0.0021315072663128376,0.001453123870305717,-0.0004981948295608163,-0.003766351379454136,0.004264547023922205,-0.0029095597565174103,-0.0039819953963160515,0.006891555152833462,-0.0015757991932332516,-0.001707249553874135,0.0032830489799380302,-0.0028948294930160046,-0.0046032690443098545,0.007498098537325859,0.002103426493704319,0.0027699971105903387,-0.004873423371464014,-0.004050941206514835,-0.004192125052213669,0.008243066258728504,0.0018523118924349546,-0.0011615087278187275,-0.0006908033974468708,0.0016994406469166279,0.0032219798304140568,-0.004921420477330685,-0.0026605064049363136,4.8220972530543804e-05,0.0026122857816517353,0.0035390895791351795,-0.0027493697125464678,-0.0007897200994193554,-7.85457668825984e-05,-0.0010757758282124996,0.001154321595095098,-0.003719382919371128,-0.0029436845798045397,0.0066630663350224495,-0.002406616695225239,0.0008190448861569166,0.0015875718090683222,0.0002994871756527573,-7.261295104399323e-05,-0.00022687413729727268,0.0013469679979607463,-0.002168996725231409,0.0008220284362323582,0.0009598872275091708,-0.0006690070731565356,-0.00029088021256029606,0.0005235538119450212,0.0018323665717616677,-0.0023559206165373325,-0.002535784849897027,0.0006111334078013897,0.0019246512092649937],[-0.0004526030388660729,0.003342557232826948,-0.002889954252168536,-0.003505160566419363,-0.016872694715857506,0.021377846598625183,-0.0006126556545495987,-0.0012134842108935118,0.0018261399818584323,0.0011026599677279592,-0.0026695244014263153,0.0015668648993596435,0.0023285781498998404,0.002145695500075817,-0.004474273882806301,0.0011550170602276921,-0.002705102786421776,0.0015500850277021527,-0.003889961401000619,-0.0032765837386250496,0.007166545372456312,0.009133921936154366,0.008177705109119415,-0.01731162518262863,9.923432662617415e-05,-0.0016462227795273066,0.0015469881473109126,0.001446699956431985,0.0019559506326913834,-0.0034026503562927246,-0.003227232489734888,0.006308761425316334,-0.003081529401242733,0.002342837629839778,0.006188905797898769,-0.008531743660569191,-7.169891614466906e-05,0.0031409624498337507,-0.003069263184443116,0.0005387189448811114,0.004570935852825642,-0.005109654739499092,-0.003110548248514533,-0.0021496203262358904,0.005260168109089136,0.003646554658189416,0.007767324335873127,-0.011413879692554474,-0.0032713741529732943,-2.6659807190299034e-05,0.0032980337273329496,0.0005933477077633142,-0.005124843213707209,0.004531495273113251,0.0028851318638771772,0.0007469999836757779,-0.003632131963968277,-0.005393767263740301,0.0036300192587077618,0.0017637473065406084,0.0015465267933905125,-0.0006661876104772091,-0.0008803390082903206,0.004276140592992306,0.0040428852662444115,-0.008319023996591568,0.0012508706422522664,-0.0014450723538175225,0.00019420168246142566,5.389039870351553e-05,-0.0009831691859290004,0.0009292787872254848,-0.000175090302946046,0.0020723880734294653,-0.0018972977995872498,-0.003308383747935295,0.0007889892440289259,0.0025193938054144382,-0.00025553791783750057,-0.0015194574370980263,0.0017749955877661705,0.002613006392493844,0.0007443450158461928,-0.003357351291924715],[0.0034962748177349567,-0.004681713413447142,0.0011854392942041159,-0.002677363809198141,0.0032900189980864525,-0.0006126556545495987,-0.00040066358633339405,0.0071558840572834015,-0.005755221005529165,-0.0023115624208003283,0.0018159437458962202,0.0004956185002811253,-0.0017263505142182112,-0.002548501593992114,0.004274852108210325,0.0013162490213289857,-0.0020953707862645388,0.0007791214156895876,-0.002072845585644245,-0.0009135801810771227,0.0029864259995520115,0.0023858470376580954,0.0022842746693640947,-0.00467012170702219,8.262693881988525e-05,-0.004229911603033543,0.004147284664213657,0.000789534009527415,-0.0018862123833969235,0.0010966783156618476,-0.00011120649287477136,0.0005782325752079487,-0.00046702614054083824,-0.0007646894082427025,-0.0006766800652258098,0.0014413692988455296,0.0005490403273142874,0.0005490503972396255,-0.0010980905499309301,-0.0010385208297520876,-7.146305870264769e-05,0.0011099842377007008,7.69128673709929e-05,-2.93276971206069e-05,-4.7585112042725086e-05,-0.0019371341913938522,0.001887412741780281,4.9721653340384364e-05,-0.00016787860658951104,-6.16395118413493e-05,0.00022951813298277557,0.001888263737782836,-0.003190324641764164,0.0013020610203966498,-0.0005399198271334171,0.0003232755116187036,0.0002166442573070526,-4.1804800275713205e-05,0.00114065979141742,-0.0010988549329340458,0.0009818460093811154,-0.0016984791727736592,0.0007166332798078656,-0.0008228053338825703,0.00040334160439670086,0.0004194636130705476,0.0006765009602531791,0.0007044028025120497,-0.0013809038791805506,0.0006854088278487325,0.0005280686309561133,-0.001213477342389524,-0.00026146206073462963,-0.0002307295799255371,0.0004921915824525058,-0.0006294191698543727,-0.0007764435140416026,0.0014058626256883144,-0.00025665678549557924,-0.0006251651793718338,0.000881821964867413,-0.0002182579191867262,-9.722472168505192e-05,0.00031548284459859133],[-0.004610718693584204,0.0021209586411714554,0.0024897584225982428,0.002592535689473152,-0.0013790492666885257,-0.0012134842108935118,0.0071558840572834015,0.0035123322159051895,-0.009668217040598392,0.0032026853878051043,0.0024444907903671265,-0.0056471750140190125,-0.0017801865469664335,0.004862830974161625,-0.003082644660025835,-0.001288683619350195,-0.0004462817742023617,0.0017349660629406571,0.0001633689971640706,0.00038976198993623257,-0.0005531309871003032,0.000275949714705348,0.0015781542751938105,-0.0018541039898991585,0.0005206433706916869,0.0008687094086781144,-0.0013893523719161749,-0.0006373660871759057,5.97406760789454e-05,0.0005776252946816385,0.002666869666427374,-0.0010309451026841998,-0.0016359247965738177,-0.0007940513314679265,-7.083476521074772e-05,0.0008648859802633524,0.0015127817168831825,0.006867341697216034,-0.008380123414099216,-0.00408586161211133,0.000567489885725081,0.003518371842801571,-7.683171861572191e-05,0.0005397967761382461,-0.00046296505024656653,0.0013703075237572193,-0.001726240967400372,0.00035593335633166134,0.0010116538032889366,-0.000573989818803966,-0.00043766398448497057,-0.0001529092842247337,-0.0020553190261125565,0.002208228223025799,0.0007150548044592142,-0.0003644494281616062,-0.00035060528898611665,0.0001658136461628601,-0.0015528658404946327,0.0013870522379875183,-0.00019002892076969147,-0.00025344814639538527,0.0004434770380612463,0.0007772761164233088,-0.00044895356404595077,-0.0003283225232735276,-0.0007217025849968195,-0.001713623059913516,0.002435325877740979,-0.0010603886330500245,0.0019317982951179147,-0.000871409778483212,-0.0020745648071169853,0.0020128267351537943,6.17381592746824e-05,0.00031515047885477543,-0.0002446770668029785,-7.047336839605123e-05,0.000992740853689611,-0.0011940731201320887,0.00020133249927312136,0.0012674712343141437,0.0002841176465153694,-0.001551588997244835],[0.0011144436430186033,0.0025607554707676172,-0.0036751984152942896,8.482800330966711e-05,-0.0019109693821519613,0.0018261399818584323,-0.005755221005529165,-0.009668217040598392,0.016423435881733894,-0.0008911230834200978,-0.004260433372110128,0.005151556339114904,0.003506536828354001,-0.0023143282160162926,-0.0011922086123377085,-2.7564597985474393e-05,0.002541651949286461,-0.0025140875950455666,0.0019094768213108182,0.0005238194135017693,-0.0024332962930202484,-0.002661794424057007,-0.0038624275475740433,0.006524221505969763,-0.0006032709497958422,0.003361200215294957,-0.002757929963991046,-0.00015216726751532406,0.001826470484957099,-0.0016743033193051815,-0.0025556618347764015,0.00045271386625245214,0.002102948259562254,0.0015587408561259508,0.0007475144229829311,-0.002306255279108882,-0.00206182268448174,-0.0074163926765322685,0.009478215128183365,0.005124382674694061,-0.0004960275255143642,-0.004628355614840984,-8.12578946352005e-08,-0.0005104693118482828,0.0005105504533275962,0.0005668274243362248,-0.0001611711923032999,-0.00040565605740994215,-0.000843775284010917,0.0006356295198202133,0.00020814593881368637,-0.0017353540752083063,0.005245642736554146,-0.0035102893598377705,-0.0001751338131725788,4.1174935176968575e-05,0.00013395899441093206,-0.00012400932610034943,0.000412205932661891,-0.00028819660656154156,-0.0007918164483271539,0.0019519259221851826,-0.0011601096484810114,4.5529421186074615e-05,4.561152309179306e-05,-9.11408569663763e-05,4.520203219726682e-05,0.0010092195589095354,-0.0010544215328991413,0.0003749797760974616,-0.0024598673917353153,0.002084887819364667,0.0023360271006822586,-0.0017820963403210044,-0.0005539308185689151,0.0003142688365187496,0.0010211205808445811,-0.0013353894464671612,-0.0007360843010246754,0.0018192371353507042,-0.0010831528343260288,-0.0010492127621546388,-0.00018689397256821394,0.0012361063854768872],[-0.0019006107468158007,0.003920592367649078,-0.002019979525357485,0.003452676348388195,-0.004555337131023407,0.0011026599677279592,-0.0023115624208003283,0.0032026853878051043,-0.0008911230834200978,0.008985708467662334,-0.0025315391831099987,-0.005454168189316988,-0.0005306255188770592,-0.001294684479944408,0.0018253099406138062,-0.0011587755288928747,0.0007357947761192918,0.00042298101470805705,0.002052109222859144,-0.0010583460098132491,-0.0009937630966305733,-0.0017240007873624563,-0.002642258768901229,0.004366259556263685,0.0023913646582514048,-0.0027205259539186954,0.0003291612374596298,0.00015376157534774393,0.0004764706245623529,-0.0006302321562543511,0.0016544228419661522,-0.0010703273583203554,-0.0005840954836457968,0.0009730071178637445,-0.0006619589403271675,-0.00031104811932891607,0.0011265050852671266,-0.0029639825224876404,0.001837477320805192,0.000673818401992321,-0.0013351868838071823,0.0006613684818148613,-0.0009287606226280332,-3.947684308513999e-05,0.0009682372328825295,0.0023757186718285084,-0.0017338802572339773,-0.000641838472802192,0.0007943343953229487,-0.00043755225487984717,-0.0003567820822354406,-0.0010611825855448842,0.0004594682832248509,0.0006017142441123724,-0.0003227147681172937,-0.0015307103749364614,0.0018534250557422638,0.0005393626051954925,0.0004337421851232648,-0.0009731048485264182,-0.0008466285653412342,0.0007182516274042428,0.0001283767051063478,0.0010511035798117518,0.00046882545575499535,-0.0015199289191514254,-0.0008211801759898663,-0.0003612297587096691,0.0011824098182842135,0.00025146754342131317,-0.0011274521239101887,0.0008759846678003669,-0.0003660251968540251,0.001594290602952242,-0.0012282654643058777,0.00011816891492344439,-0.0007870139670558274,0.0006688450230285525,4.373863703222014e-05,-0.00013643444981426,9.269581642001867e-05,0.0001595406502019614,-0.00037620365037582815,0.00021666300017386675],[0.0005804775282740593,0.0019473895663395524,-0.0025278665125370026,-0.0019190290477126837,0.004588552750647068,-0.0026695244014263153,0.0018159437458962202,0.0024444907903671265,-0.004260433372110128,-0.0025315391831099987,0.013427085243165493,-0.009895545430481434,0.001163117354735732,0.003928582649677992,-0.00509169977158308,0.0013509935233741999,0.0010635015787556767,-0.002414494985714555,0.0013588016154244542,0.0035320832394063473,-0.004890884272754192,-0.0003724494017660618,-4.878966137766838e-05,0.0004212392959743738,0.002005401998758316,0.0009280486847274005,-0.002933450508862734,0.00016306305769830942,-0.0008664965280331671,0.0007034337613731623,0.0003973136190325022,0.0026355169247835875,-0.0030328305438160896,-9.459706780035049e-05,0.0008273587445728481,-0.0007327616913244128,-0.00022584389080293477,-0.00014419294893741608,0.0003700368106365204,-0.0026246143970638514,-0.002048991620540619,0.004673605784773827,-0.0016447312664240599,0.0006130351684987545,0.0010316955158486962,-0.0013767729979008436,-0.0016893199644982815,0.0030660927295684814,-0.0003715605125762522,-0.0016668984899297357,0.002038459060713649,0.0007775574340485036,-0.00025147729320451617,-0.0005260801408439875,-0.0001245712483068928,0.002916728612035513,-0.002792157232761383,-0.0012100558960810304,-0.0014249718515202403,0.0026350277476012707,0.0010516741313040257,-0.0013987179845571518,0.00034704411518760026,0.0003955196589231491,0.0005107492906972766,-0.0009062689496204257,-0.0013276198878884315,-0.0012526180362328887,0.0025802378077059984,0.0004969628062099218,-0.00021740823285654187,-0.00027955445693805814,0.0014041252434253693,-0.001022318028844893,-0.000381807389203459,-0.0014292988926172256,0.0003610586281865835,0.0010682400315999985,0.0004968374269083142,0.0022493847645819187,-0.002746222075074911,-0.000761563191190362,0.003353932872414589,-0.0025923699140548706],[0.0013201328692957759,-0.005867980886250734,0.004547846037894487,-0.0015336470678448677,-3.3216201700270176e-05,0.0015668648993596435,0.0004956185002811253,-0.0056471750140190125,0.005151556339114904,-0.005454168189316988,-0.009895545430481434,0.016349710524082184,-0.000632491079159081,-0.002633895957842469,0.003266386454924941,-0.00019221953698433936,-0.0017992956563830376,0.0019915152806788683,-0.003410909092053771,-0.0024737368803471327,0.005884645506739616,0.0020964504219591618,0.0026910488959401846,-0.004787499085068703,-0.004396767355501652,0.0017924781423062086,0.002604288514703512,-0.00031682586995884776,0.00039002730045467615,-7.32014887034893e-05,-0.0020517355296760798,-0.0015651878202334046,0.0036169232334941626,-0.0008784109377302229,-0.0001653990475460887,0.0010438100434839725,-0.0009006606414914131,0.003108176402747631,-0.002207515761256218,0.0019507957622408867,0.003384179435670376,-0.0053349751979112625,0.0025734901428222656,-0.0005735582089982927,-0.001999931177124381,-0.0009989463724195957,0.003423200221732259,-0.0024242536164820194,-0.00042277382453903556,0.0021044518798589706,-0.0016816777642816305,0.0002836250059772283,-0.00020799037883989513,-7.563451072201133e-05,0.00044728623470291495,-0.0013860180042684078,0.000938731711357832,0.0006706931162625551,0.0009912296663969755,-0.0016619230154901743,-0.00020504597341641784,0.000680465716868639,-0.0004754199180752039,-0.0014466234715655446,-0.0009795750956982374,0.0024261982180178165,0.0021487995982170105,0.0016138477949425578,-0.003762647043913603,-0.0007484302623197436,0.0013448601821437478,-0.0005964299198240042,-0.0010381006868556142,-0.0005719716427847743,0.0016100725624710321,0.0013111301232129335,0.00042595501872710884,-0.001737085054628551,-0.0005405760603025556,-0.002112949499860406,0.0026535254437476397,0.0006020228029228747,-0.0029777279123663902,0.0023757051676511765],[0.0032491076271981,0.007439640816301107,-0.01068874727934599,-0.0017428696155548096,-0.0005857087671756744,0.0023285781498998404,-0.0017263505142182112,-0.0017801865469664335,0.003506536828354001,-0.0005306255188770592,0.001163117354735732,-0.000632491079159081,0.012427106499671936,-0.001218512887135148,-0.01020859181880951,0.0003946938377339393,0.0011891300091519952,-0.001583823817782104,0.0010245059384033084,0.0022850974928587675,-0.0033096030820161104,0.0021571076940745115,0.001417035236954689,-0.003574143163859844,0.0014576497487723827,-0.0013649702304974198,-9.267986752092838e-05,-0.0012638826156035066,0.0025656945072114468,-0.001301812008023262,0.0001421892666257918,0.0009851334616541862,-0.0011273229029029608,-0.00023325587972067297,0.00045105183380655944,-0.0002177960122935474,0.0011418195208534598,0.0008656691643409431,-0.0020074895583093166,5.3194555221125484e-05,0.0009465932962484658,-0.000999787705950439,-0.0017851616721600294,-2.9392540454864502e-05,0.0018145538633689284,0.0016163025284186006,-0.0009108421509154141,-0.0007054603775031865,-0.0010517379269003868,0.00012051250087097287,0.000931225367821753,-0.0005442893598228693,-0.0001815788564272225,0.0007258681580424309,0.0007659816183149815,-0.00042345953988842666,-0.0003425220784265548,0.0007824874483048916,-0.0004055811441503465,-0.00037690639146603644,-0.00028545164968818426,0.0005231324466876686,-0.00023768085520714521,0.0005896660732105374,0.0010225308360531926,-0.00161219690926373,0.0002961487043648958,0.0004966779379174113,-0.0007928265840746462,-0.0012675583129748702,0.0007362863980233669,0.0005312719149515033,-0.00015170492406468838,0.0012030054349452257,-0.0010513004381209612,8.466752478852868e-05,0.001280382159166038,-0.0013650496257469058,0.000318177102599293,0.0009137302986346185,-0.0012319075176492333,0.0005060696275904775,-0.0004175330395810306,-8.853660256136209e-05],[-0.004501473158597946,0.007074224762618542,-0.0025727530010044575,-0.003951887600123882,0.0018061934970319271,0.002145695500075817,-0.002548501593992114,0.004862830974161625,-0.0023143282160162926,-0.001294684479944408,0.003928582649677992,-0.002633895957842469,-0.001218512887135148,0.02364465594291687,-0.021426139399409294,-0.00026701670140028,0.0015213820151984692,-0.0012543653137981892,0.0007494831224903464,0.002692264737561345,-0.003441747510805726,-0.000258798390859738,0.003215622855350375,-0.002956824377179146,0.0012443240266293287,0.0012535983696579933,-0.0024979221634566784,-0.0014169226633384824,0.004220286384224892,-0.002803363837301731,0.0002523483708500862,0.0015433236258104444,-0.0017956719966605306,-0.0018937678541988134,0.002555420156568289,-0.0006616523605771363,0.003011012449860573,0.005385746248066425,-0.008396758697926998,-0.0027879509143531322,0.001455967896617949,0.0013319823192432523,-0.001455262303352356,-0.0001737345301080495,0.0016289965715259314,0.002434738911688328,-0.0030622147023677826,0.0006274754414334893,-0.000746085774153471,0.00020454416517168283,0.00054154172539711,-0.0009281167294830084,-0.0014947428135201335,0.00242285942658782,0.0013712139334529638,-0.00044700794387608767,-0.0009242059895768762,-0.0003722654073499143,-0.0006549721001647413,0.0010272375075146556,-0.00019839248852804303,0.0008711145492270589,-0.0006727221189066768,0.0015029124915599823,0.0005895294598303735,-0.0020924415439367294,-0.0008981297723948956,-9.253562893718481e-06,0.000907383393496275,-0.0016465820372104645,0.0014837972121313214,0.00016278456314466894,-0.0006498288712464273,0.00037113329744897783,0.00027869566110894084,-0.0003579608746804297,0.0011050576576963067,-0.0007470968412235379,0.0012162147322669625,0.001454516313970089,-0.0026707309298217297,0.0007809487287886441,0.0007372538675554097,-0.0015182027127593756],[0.001252365531399846,-0.014513865113258362,0.01326149981468916,0.005694757681339979,-0.0012204848462715745,-0.004474273882806301,0.004274852108210325,-0.003082644660025835,-0.0011922086123377085,0.0018253099406138062,-0.00509169977158308,0.003266386454924941,-0.01020859181880951,-0.021426139399409294,0.03263473138213158,-0.00012767640873789787,-0.002710511442273855,0.002838187851011753,-0.0017739874310791492,-0.004977361764758825,0.006751348730176687,-0.0018983097979798913,-0.004632658325135708,0.00653096754103899,-0.0027019730769097805,0.00011137168621644378,0.002590601332485676,0.0026808057446032763,-0.006785980425775051,0.004105175379663706,-0.00039453740464523435,-0.0025284579023718834,0.002922995248809457,0.002127024345099926,-0.0030064722523093224,0.00087944814004004,-0.004152829758822918,-0.00625141616910696,0.010404246859252453,0.002734757261350751,-0.002402561018243432,-0.00033219638862647116,0.0032404239755123854,0.00020312785636633635,-0.0034435519482940435,-0.004051041789352894,0.003973058424890041,7.798342267051339e-05,0.001797822187654674,-0.0003250549198128283,-0.0014727674424648285,0.001472405856475234,0.001676323008723557,-0.003148728981614113,-0.0021371967159211636,0.0008704675128683448,0.001266729086637497,-0.0004102223610971123,0.0010605519637465477,-0.0006503296317532659,0.00048384361434727907,-0.001394246588461101,0.0009104030905291438,-0.0020925786811858416,-0.0016120598884299397,0.003704638220369816,0.0006019808351993561,-0.0004874232108704746,-0.00011455756612122059,0.0029141397681087255,-0.0022200834937393665,-0.0006940560415387154,0.0008015339844860137,-0.0015741382958367467,0.0007726041367277503,0.0002732938155531883,-0.0023854393512010574,0.0021121457684785128,-0.0015343918930739164,-0.00236824550665915,0.0039026369340717793,-0.0012870181817561388,-0.0003197210025973618,0.0016067391261458397],[0.0017659080913290381,-0.001104062655940652,-0.0006618454935960472,-0.001023055985569954,-0.00013196220970712602,0.0011550170602276921,0.0013162490213289857,-0.001288683619350195,-2.7564597985474393e-05,-0.0011587755288928747,0.0013509935233741999,-0.00019221953698433936,0.0003946938377339393,-0.00026701670140028,-0.00012767640873789787,0.005331040360033512,-0.0017776454333215952,-0.0025533963926136494,-0.0014517188537865877,-3.923580516129732e-05,0.0014909545425325632,0.0002988633932545781,0.0007422142080031335,-0.0010410776594653726,-0.0005822652601636946,-0.0004419263277668506,0.0010241916170343757,0.0011019075755029917,-0.0015509770018979907,0.00044906980474479496,-0.0007315281545743346,0.0005903649143874645,0.00014116321108303964,0.00025601329980418086,2.061782288365066e-05,-0.0002766311226878315,-0.00044642435386776924,-0.0011588993947952986,0.0016053238650783896,0.0014571432257071137,-0.0007963055977597833,-0.0006608376861549914,-0.000908959424123168,-0.0006975710275582969,0.0016065302770584822,0.0001147888251580298,0.0008164546452462673,-0.000931243528611958,0.0005881566321477294,-0.0006328357849270105,4.467921098694205e-05,0.0002847410796675831,-0.00022389565128833055,-6.084528286010027e-05,-0.00034611590672284365,-0.0011621599551290274,0.0015082757454365492,0.0003502654726617038,0.00030333083122968674,-0.0006535962456837296,0.00019516507745720446,0.0009048560750670731,-0.0011000210652127862,0.00032808538526296616,0.00013921137724537402,-0.0004672967188525945,0.0007242052815854549,0.00026545909349806607,-0.0009896643459796906,-0.00013212075282353908,0.0008119710837490857,-0.0006798503454774618,-2.7208472602069378e-05,-0.00110626220703125,0.0011334707960486412,-0.00040693930350244045,-0.0006076367571949959,0.0010145760606974363,-9.146810043603182e-05,-0.00018201739294454455,0.00027348549338057637,0.0003702152753248811,-0.0010280300630256534,0.0006578145548701286],[-0.0013257238315418363,0.000917188124731183,0.0004085367836523801,0.0013907391112297773,0.001314364606514573,-0.002705102786421776,-0.0020953707862645388,-0.0004462817742023617,0.002541651949286461,0.0007357947761192918,0.0010635015787556767,-0.0017992956563830376,0.0011891300091519952,0.0015213820151984692,-0.002710511442273855,-0.0017776454333215952,0.010568341240286827,-0.007790695410221815,1.0543226380832493e-05,0.0015566825168207288,-0.0015672260196879506,-0.0016064378432929516,-0.0012530721724033356,0.002859510015696287,0.0008025235729292035,0.0022822178434580564,-0.003084741299971938,-0.00034415366826578975,0.0002714850415941328,7.266856846399605e-05,0.00173063890542835,0.001469372189603746,-0.0032000108622014523,-0.00044990822789259255,-0.0005522679421119392,0.0010021761991083622,0.00041264441097155213,0.00019511311256792396,-0.0006077571888454258,-0.0010479798074811697,0.0034257296938449144,-0.0023777498863637447,-0.0005188637878745794,0.0005530589260160923,-3.4195283660665154e-05,0.0008457424119114876,-7.321522571146488e-05,-0.0007725271862000227,0.0019969260320067406,-0.0009538157610222697,-0.0010431103873997927,-0.0006862776353955269,0.0022525584790855646,-0.0015662809601053596,0.00028721688431687653,-0.0012538438895717263,0.0009666269761510193,0.000483242969494313,-0.002166438614949584,0.00168319558724761,-0.00039799281512387097,-0.00035678877611644566,0.0007547814166173339,-0.000365614949259907,-0.00037958356551826,0.0007451983401551843,-0.000696970266290009,-0.0008703687926754355,0.0015673390589654446,-0.0006191701395437121,-1.96964101633057e-05,0.0006388663896359503,-0.0010640618856996298,-0.0010166369611397386,0.00208069896325469,0.0001466323301428929,0.0002847461146302521,-0.00043137840111739933,0.0012330439640209079,-0.0005033105262555182,-0.0007297332631424069,0.0007682872237637639,-0.00019304495071992278,-0.000575242389459163],[-0.0004401843179948628,0.00018687464762479067,0.0002533086226321757,-0.00036768283462151885,-0.0011824020184576511,0.0015500850277021527,0.0007791214156895876,0.0017349660629406571,-0.0025140875950455666,0.00042298101470805705,-0.002414494985714555,0.0019915152806788683,-0.001583823817782104,-0.0012543653137981892,0.002838187851011753,-0.0025533963926136494,-0.007790695410221815,0.011344091966748238,0.001441175932995975,-0.0015174467116594315,7.627089507877827e-05,0.001307574799284339,0.0005108588375151157,-0.0018184335203841329,-0.00022025825455784798,-0.0018402915447950363,0.0020605497993528843,-0.0007577537908218801,0.0012794920476153493,-0.0005217385478317738,-0.0009991101687774062,-0.0020597383845597506,0.0030588482040911913,0.00019389484077692032,0.000531649449840188,-0.0007255442324094474,3.378136898390949e-05,0.0009637864422984421,-0.0009975677821785212,-0.00040916382567957044,-0.002629425609484315,0.003038589609786868,0.0014278232119977474,0.0001445128582417965,-0.0015723357209935784,-0.0009605312370695174,-0.000743239012081176,0.0017037703655660152,-0.002585083246231079,0.0015866520116105676,0.0009984318166971207,0.0004015361191704869,-0.0020286627113819122,0.001627126825042069,5.889848398510367e-05,0.0024160058237612247,-0.002474904526025057,-0.0008335080929100513,0.00186310731805861,-0.0010295993415638804,0.0002028279413934797,-0.0005480675026774406,0.0003452395903877914,3.75293311662972e-05,0.00024037294497247785,-0.00027790217427536845,-2.7234724257141352e-05,0.0006049098446965218,-0.0005776751786470413,0.0007512913434766233,-0.000792275124695152,4.098375211469829e-05,0.0010912705911323428,0.0021228999830782413,-0.003214170690625906,0.00026030687149614096,0.00032289064256474376,-0.0005831974558532238,-0.0011415757471695542,0.0006853273371234536,0.00045624832273460925,-0.0011385026155039668,0.001221074489876628,-8.257169974967837e-05],[-0.0008428365108557045,0.0007207255694083869,0.00012211117427796125,0.0020320070907473564,0.0018579545430839062,-0.003889961401000619,-0.002072845585644245,0.0001633689971640706,0.0019094768213108182,0.002052109222859144,0.0013588016154244542,-0.003410909092053771,0.0010245059384033084,0.0007494831224903464,-0.0017739874310791492,-0.0014517188537865877,1.0543226380832493e-05,0.001441175932995975,0.010638700798153877,-0.0058571649715304375,-0.0037815372925251722,0.0008057612576521933,-0.0006358997197821736,-0.0001698616542853415,-0.0004790058301296085,-0.0007682008435949683,0.0012472067028284073,-0.0007170396274887025,-6.390454655047506e-05,0.0007809442467987537,0.0015438253758475184,-0.0003544256614986807,-0.0011893995106220245,-0.00037109156255610287,-0.0012103791814297438,0.001581470831297338,0.0013977340422570705,0.0004921385552734137,-0.001889872713945806,0.0019456755835562944,-0.00010543072130531073,-0.0018402448622509837,-0.00019185757264494896,0.001413719030097127,-0.001221861457452178,0.0009479739819653332,0.0008651569951325655,-0.0018131309188902378,-0.00027734850300475955,-0.00033251428976655006,0.0006098628509789705,-0.0015763556584715843,0.002978060394525528,-0.0014017047360539436,0.0005265817162580788,-4.356891440693289e-05,-0.0004830127872992307,0.0012755492934957147,-0.0005387691780924797,-0.0007367799989879131,-0.0008453187765553594,-0.00020674191182479262,0.001052060630172491,4.532579623628408e-05,4.4631713535636663e-05,-8.995749522000551e-05,-0.0004527598503045738,0.0008261464536190033,-0.00037338657421059906,0.00014470878522843122,0.0009192099678330123,-0.0010639186948537827,-2.5957084289984778e-05,-0.00016146761481650174,0.00018742468091659248,0.0003635234315879643,0.00014939029642846435,-0.000512913684360683,-0.00017714955902192742,0.0002611138916108757,-8.396440534852445e-05,0.00012591294944286346,-0.000512750179041177,0.000386837258702144],[-0.0017289011739194393,0.0010900840861722827,0.0006388163892552257,-0.00022667006123811007,0.0035032539162784815,-0.0032765837386250496,-0.0009135801810771227,0.00038976198993623257,0.0005238194135017693,-0.0010583460098132491,0.0035320832394063473,-0.0024737368803471327,0.0022850974928587675,0.002692264737561345,-0.004977361764758825,-3.923580516129732e-05,0.0015566825168207288,-0.0015174467116594315,-0.0058571649715304375,0.018910910934209824,-0.012053744867444038,-0.000927199434954673,0.002274998463690281,-0.0013477988541126251,0.001333020394667983,0.004965384490787983,-0.006298404186964035,0.0002334699674975127,0.0008896389044821262,-0.0011231087846681476,2.4272347218357027e-05,0.003106422256678343,-0.0031306948512792587,-0.0008018302614800632,0.0008270644466392696,-2.523435978218913e-05,0.0014254924608394504,0.002830896992236376,-0.004256390035152435,0.0013722097501158714,0.0005332128494046628,-0.0019054231233894825,-0.0009030597284436226,-0.0017771603306755424,0.0026802197098731995,-0.0012017469853162766,0.002890084171667695,-0.0016883369535207748,0.00028604897670447826,-0.0002795006730593741,-6.548361852765083e-06,0.0001605148136150092,0.002726219594478607,-0.002886734437197447,-0.00011305915541015565,0.0022023546043783426,-0.0020892955362796783,-0.0009233395103365183,-0.000341686827596277,0.0012650261633098125,0.00027932869852520525,-0.000858347280882299,0.0005790186114609241,0.0004740332660730928,0.0011078491806983948,-0.0015818825922906399,-0.0010579233057796955,-0.0003995359584223479,0.001457459176890552,-2.449133899062872e-05,0.001274049049243331,-0.0012495577102527022,0.0002363471721764654,0.000832785852253437,-0.0010691330535337329,-0.0006283546099439263,-0.0005789921269752085,0.0012073465622961521,0.0005562083097174764,0.00039210953400470316,-0.0009483177564106882,0.0009275716729462147,0.0031751072965562344,-0.004102678969502449],[0.0025717373937368393,-0.0018108092481270432,-0.0007609274471178651,-0.0018053371459245682,-0.005361208226531744,0.007166545372456312,0.0029864259995520115,-0.0005531309871003032,-0.0024332962930202484,-0.0009937630966305733,-0.004890884272754192,0.005884645506739616,-0.0033096030820161104,-0.003441747510805726,0.006751348730176687,0.0014909545425325632,-0.0015672260196879506,7.627089507877827e-05,-0.0037815372925251722,-0.012053744867444038,0.016835277900099754,0.00012143905041739345,-0.0016390986274927855,0.0015176597516983747,-0.0008540130220353603,-0.0041971830651164055,0.005051196087151766,0.00048357006744481623,-0.0008257341105490923,0.0003421642177272588,-0.0015680945944041014,-0.0027519967406988144,0.004320091567933559,0.0011729213874787092,0.00038331409450620413,-0.0015562355984002352,-0.00282322452403605,-0.0033230362460017204,0.006146260537207127,-0.003317883238196373,-0.0004277830885257572,0.003745666006579995,0.0010949167190119624,0.0003634414169937372,-0.0014583577867597342,0.00025377384736202657,-0.0037552418652921915,0.0035014678724110126,-8.700648322701454e-06,0.0006120160105638206,-0.0006033153040334582,0.0014158408157527447,-0.005704279989004135,0.004288438707590103,-0.00041352296830154955,-0.0021587852388620377,0.0025723082944750786,-0.00035220931749790907,0.0008804556564427912,-0.0005282461643218994,0.0005659908638335764,0.0010650891344994307,-0.0016310797072947025,-0.000519359135068953,-0.0011524808360263705,0.0016718399710953236,0.001510683330707252,-0.0004266102332621813,-0.001084072981029749,-0.00012021831935271621,-0.0021932581439614296,0.0023134767543524504,-0.0002103900769725442,-0.0006713178590871394,0.0008817079942673445,0.0002648304798640311,0.0004296014958526939,-0.0006944319466128945,-0.0003790585324168205,-0.0006532229017466307,0.0010322814341634512,-0.0010534846223890781,-0.002662357408553362,0.00371584203094244],[0.004133446142077446,-0.0014641736634075642,-0.0026692706160247326,-0.0004147749568801373,-0.008719144389033318,0.009133921936154366,0.0023858470376580954,0.000275949714705348,-0.002661794424057007,-0.0017240007873624563,-0.0003724494017660618,0.0020964504219591618,0.0021571076940745115,-0.000258798390859738,-0.0018983097979798913,0.0002988633932545781,-0.0016064378432929516,0.001307574799284339,0.0008057612576521933,-0.000927199434954673,0.00012143905041739345,0.006249600555747747,0.0034874912817031145,-0.008737090975046158,-0.0007865065126679838,-0.00368