{"epoch":0,"H":[[0.00974100362509489,0.004165238235145807,-0.012906242161989212,-0.0056441910564899445,0.0057907141745090485,-0.00014652335084974766,0.0008968765032477677,0.0011063354322686791,-0.002003211760893464,-0.0006837309338152409,0.0022499191109091043,-0.0015661884099245071,-0.0021047834306955338,-0.006824516225606203,0.00892929919064045,0.0025123581290245056,-0.0007827969966456294,-0.0017295617144554853,-0.0016647935844957829,0.0006081473547965288,0.001056646229699254,-0.0008413738687522709,-0.005202064756304026,0.006043438334017992,-0.0024459981359541416,-0.002487165154889226,0.004933164454996586,0.0019649246241897345,0.000720688549336046,-0.0026856129989027977,0.0022133400198072195,0.0005244542262516916,-0.002737793605774641,0.004637771751731634,-0.0011457509826868773,-0.0034920203033834696,0.0015064738690853119,-0.0038998168893158436,0.0023933430202305317,0.0017637878190726042,-0.0025165562983602285,0.0007527682464569807,-0.0016462947241961956,-0.004458960145711899,0.006105254404246807,0.003925682045519352,-0.0019740459974855185,-0.0019516353495419025,0.00018518633441999555,-0.002375784795731306,0.0021905985195189714,8.95563280209899e-05,0.0006243897951208055,-0.0007139461813494563,-0.0005197052960284054,-0.002453259890899062,0.0029729651287198067,-0.00044368946691975,-0.00034623482497408986,0.0007899242918938398,0.0007378335576504469,0.0013085056561976671,-0.0020463394466787577,0.00014109899348113686,-0.0001715217367745936,3.042275784537196e-05,-0.0012791939079761505,0.00022616155911237001,0.0010530322324484587,0.000421415752498433,-0.0010142290266230702,0.0005928132450208068,-0.0007972721941769123,-0.0008376676123589277,0.0016349399229511619,-5.077623063698411e-05,-3.254051262047142e-05,8.331669960170984e-05,0.0008003216935321689,0.0005716409650631249,-0.0013719627168029547,-0.0021256955806165934,0.0005661038449034095,0.0015595913864672184],[0.004165238235145807,0.02645472250878811,-0.029619965702295303,0.0029913519974797964,-0.003467031056061387,0.00047567952424287796,-1.6996636986732483e-07,0.006592181511223316,-0.006592011544853449,0.0013248823815956712,0.002871638396754861,-0.004196521360427141,-0.0016313469968736172,0.0023190113715827465,-0.0006876644911244512,-0.0032227260526269674,0.0030376906506717205,0.00018503586761653423,0.002491947030648589,0.004903176799416542,-0.0073951249942183495,0.0009040788281708956,-0.004799822345376015,0.0038957432843744755,-0.00029398943297564983,0.001514982315711677,-0.0012209933483973145,-0.0022107057739049196,-0.001884131459519267,0.004094836302101612,-0.0020877227652817965,-0.004090555012226105,0.00617827707901597,0.0016634503845125437,-0.0025154424365609884,0.0008519925177097321,0.0040014199912548065,-0.0011856462806463242,-0.0028157741762697697,0.004390573129057884,0.004781272262334824,-0.009171845391392708,9.5020339358598e-05,-0.0043638283386826515,0.004268808290362358,-0.0019698101095855236,-0.002573712496086955,0.004543522372841835,0.005521759390830994,-0.0027211958076804876,-0.002800562884658575,-0.005081411451101303,0.0018743728287518024,0.0032070379238575697,-0.0019647444132715464,0.0011400830699130893,0.000824661401566118,0.0022343790624290705,0.0014833887107670307,-0.0037177675403654575,-0.0012744303094223142,-0.0006397325778380036,0.0019141628872603178,0.00047562672989442945,0.0014779185876250267,-0.001953545492142439,0.0010918271727859974,-0.0003211753210052848,-0.0007706518517807126,0.002127737505361438,0.0016199129167944193,-0.0037476508878171444,-0.0007333601824939251,-0.00020438031060621142,0.0009377406677231193,-0.0011011760216206312,-0.0015429953346028924,0.002644171239808202,0.0011181407608091831,0.002739490242674947,-0.00385763100348413,-0.0021626492962241173,-0.0009273641044273973,0.0030900135170668364],[-0.012906242161989212,-0.029619965702295303,0.04352620244026184,0.002652839059010148,-0.002323685446754098,-0.00032915372867137194,-0.0008967060712166131,-0.007698515895754099,0.008595221675932407,-0.0006411529611796141,-0.005121557042002678,0.005762709304690361,0.0037361320573836565,0.004505505319684744,-0.00824163667857647,0.000710367108695209,-0.0022548900451511145,0.0015445234021171927,-0.000827152980491519,-0.0055113243870437145,0.0063384780660271645,-6.270559970289469e-05,0.010001891292631626,-0.009939185343682766,0.0027399882674217224,0.0009721838869154453,-0.003712173318490386,0.0002457788214087486,0.0011634428519755602,-0.0014092219062149525,-0.00012561678886413574,0.0035661007277667522,-0.0034404839389026165,-0.006301221437752247,0.0036611969117075205,0.0026400242932140827,-0.005507893860340118,0.005085465498268604,0.0004224274307489395,-0.006154363043606281,-0.002264712704345584,0.008419075980782509,0.0015512723475694656,0.008822791278362274,-0.01037406362593174,-0.001955872168764472,0.004547759424895048,-0.00259188748896122,-0.005706945434212685,0.005096981301903725,0.0006099638994783163,0.004991854541003704,-0.0024987603537738323,-0.002493093954399228,0.00248444895260036,0.0013131762389093637,-0.00379762495867908,-0.0017906907014548779,-0.0011371523141860962,0.002927843015640974,0.0005365964025259018,-0.0006687746499665082,0.00013217810192145407,-0.0006167258252389729,-0.0013063963269814849,0.0019231223268434405,0.00018736586207523942,9.501349995844066e-05,-0.0002823792747221887,-0.0025491532869637012,-0.0006056833080947399,0.0031548370607197285,0.0015306330751627684,0.0010420465841889381,-0.00257267989218235,0.0011519521940499544,0.0015755360946059227,-0.002727488288655877,-0.001918463851325214,-0.0033111306838691235,0.0052295951172709465,0.004288342781364918,0.0003612607251852751,-0.0046496037393808365],[-0.0056441910564899445,0.0029913519974797964,0.002652839059010148,0.0017301090992987156,0.01174214668571949,-0.012472253292798996,-0.00383770652115345,0.0001974359038285911,0.0036402707919478416,0.0011609310749918222,-0.0003577573224902153,-0.0008031734032556415,0.006165030412375927,-0.0016528080450370908,-0.004512221086770296,-0.0024638401810079813,0.0004578748776111752,0.0020059652160853148,0.0023723365738987923,-0.0021064975298941135,-0.00026583910221233964,0.005134462844580412,0.0003881224838551134,-0.005522585473954678,0.004713927861303091,0.00046961073530837893,-0.0051835388876497746,-0.0006019073771312833,0.0015736880013719201,-0.000971780507825315,-0.0007668462349101901,-0.0010621342808008194,0.0018289805157110095,-0.0013701877323910594,-0.003976916428655386,0.0053471047431230545,0.0016032570274546742,0.0023828030098229647,-0.003986059688031673,-0.00052401062566787,-0.000448396458523348,0.000972407404333353,0.0015393709763884544,0.002717128721997142,-0.00425649993121624,-0.0029497079085558653,-0.0016985491383820772,0.0046482570469379425,-0.0010831773979589343,0.002594953402876854,-0.0015117758885025978,0.0014473740011453629,-0.005881576798856258,0.0044342027977108955,-0.0018361518159508705,-0.0007448100950568914,0.0025809616781771183,0.00036410323809832335,-0.0012000363785773516,0.0008359331986866891,-0.0008823494426906109,0.0003219599893782288,0.0005603895988315344,0.00017197626584675163,0.0012643580557778478,-0.0014363343361765146,0.0006068714428693056,0.0010144494008272886,-0.0016213204944506288,0.0007012682617641985,0.00011813815217465162,-0.0008194064721465111,0.001035195542499423,-6.770066102035344e-05,-0.0009674950852058828,-0.0006017779232934117,-0.0019245089497417212,0.0025262869894504547,-0.0006187057006172836,0.0012511149980127811,-0.0006324091227725148,0.0023888899013400078,-0.0015412748325616121,-0.000847614835947752],[0.0057907141745090485,-0.003467031056061387,-0.002323685446754098,0.01174214668571949,0.0342140793800354,-0.04495622217655182,-1.1158408597111702e-06,-0.004961530212312937,0.0049626464024186134,-0.004345179535448551,0.014050369150936604,-0.009705191478133202,0.005641210824251175,-0.005101116839796305,-0.0005400932859629393,0.0017839886713773012,-0.0007576065836474299,-0.0010263818548992276,-0.008535090833902359,0.007165597751736641,0.0013694940134882927,0.00519829336553812,-0.002370248781517148,-0.0028280443511903286,-4.9742331611923873e-05,0.005565951112657785,-0.00551620963960886,0.0018537596333771944,-0.004376574419438839,0.002522815251722932,-0.00790407694876194,0.0037486064247787,0.004155468661338091,0.0010674246586859226,-0.002748857019469142,0.0016814335249364376,-0.0004366466891951859,0.006172366440296173,-0.0057357195764780045,0.007161069195717573,0.007384573575109243,-0.014545644633471966,0.0014844569377601147,0.007003340870141983,-0.00848779734224081,-0.0013672575587406754,0.0031941812485456467,-0.0018269235733896494,-0.00040009652730077505,9.181839413940907e-05,0.0003082783077843487,0.0010385679779574275,-0.003747020848095417,0.002708453219383955,-0.0021929596550762653,-0.000705375918187201,0.0028983354568481445,-0.0008654707344248891,-6.554753053933382e-05,0.0009310183231718838,0.004005284979939461,-0.003432212397456169,-0.0005730728153139353,-0.001121022505685687,-9.512226097285748e-05,0.0012161447666585445,-0.0008710494730621576,0.00185597303789109,-0.0009849236812442541,-0.0025155104231089354,-0.002566124312579632,0.005081634968519211,-0.002868308685719967,-0.00014506286242976785,0.003013372188434005,-0.00042408471927046776,-0.0031400860752910376,0.0035641705617308617,0.00165108114015311,-0.00023285159841179848,-0.0014182294253259897,0.0035285772755742073,0.005558752920478582,-0.009087329730391502],[-0.00014652335084974766,0.00047567952424287796,-0.00032915372867137194,-0.012472253292798996,-0.04495622217655182,0.058428481221199036,0.003838825970888138,0.004764092620462179,-0.008602919057011604,0.0031842489261180162,-0.013692611828446388,0.01050836406648159,-0.0118062449619174,0.006753923371434212,0.0050523183308541775,0.0006798529648222029,0.00029973220080137253,-0.0009795852238312364,0.0061627523973584175,-0.005059101618826389,-0.0011036514770239592,-0.010332758538424969,0.001982124289497733,0.008350634947419167,-0.004664185922592878,-0.006035563535988331,0.010699751786887646,-0.0012518528383225203,0.0028028872329741716,-0.001551034627482295,0.008670921437442303,-0.002686473075300455,-0.005984446965157986,0.0003027610946446657,0.006725771818310022,-0.007028533611446619,-0.0011666093487292528,-0.008555170148611069,0.009721779264509678,-0.0066370596177875996,-0.006936178542673588,0.013573236763477325,-0.0030238269828259945,-0.009720472618937492,0.012744300067424774,0.004316964652389288,-0.0014956311788409948,-0.0028213337063789368,0.0014832747401669621,-0.002686773194000125,0.0012034985702484846,-0.002485940232872963,0.009628594852983952,-0.007142654620110989,0.004029111936688423,0.0014501840341836214,-0.005479295738041401,0.000501367961987853,0.0012655847240239382,-0.001766952802427113,-0.0031229350715875626,0.003110252320766449,1.2682517990469933e-05,0.0009490458178333938,-0.0011692361440509558,0.00022019006428308785,0.0002641782630234957,-0.002870423486456275,0.002606245456263423,0.0018142429180443287,0.0024479860439896584,-0.004262229427695274,0.001833113725297153,0.00021276457118801773,-0.002045878442004323,0.0010258640395477414,0.005064595490694046,-0.006090458948165178,-0.0010323754977434874,-0.0010182636324316263,0.0020506391301751137,-0.005917466711252928,-0.004017476923763752,0.009934943169355392],[0.0008968765032477677,-1.6996636986732483e-07,-0.0008967060712166131,-0.00383770652115345,-1.1158408597111702e-06,0.003838825970888138,0.0049573988653719425,0.001061952207237482,-0.005019351840019226,-0.0008324606460519135,-0.0004078515339642763,0.0012403123546391726,-0.0011807200498878956,0.0009391058119945228,0.0002416137867840007,-0.0006248124409466982,-0.0010073326993733644,0.0016321451403200626,0.00028134725289419293,-0.00022904318757355213,-5.230400711297989e-05,-0.00018437401740811765,0.001489075249992311,-0.001304701203480363,0.0023270787205547094,-0.00040076536242850125,-0.0019263136200606823,0.0002653130213730037,0.0006427604239434004,-0.0009080732706934214,0.00023698105360381305,-0.00046605413081124425,0.00022907322272658348,-0.001519763725809753,-0.001705607632175088,0.003225371241569519,0.0015223242808133364,-0.0028675287030637264,0.0013452047714963555,-0.0009135862928815186,-0.002214163076132536,0.0031277495436370373,-0.0018479340942576528,-0.0027838358655571938,0.004631769843399525,0.001839725999161601,0.0012938816798850894,-0.0031336075626313686,-0.0006876963889226317,0.0003749083261936903,0.000312788033625111,-0.000431817548815161,-0.00018798239761963487,0.0006197999464347959,0.00010996139462804422,-0.0004778365255333483,0.00036787521094083786,-0.0004527587443590164,0.0007755629485473037,-0.0003228042332921177,-0.00039744749665260315,0.0006141882622614503,-0.00021674076560884714,0.0010034507140517235,0.00016007547674234957,-0.0011635260889306664,-0.0003177619946654886,0.000264195550698787,5.356644396670163e-05,-0.00025358819402754307,-0.0016701036365702748,0.0019236919470131397,0.0009148881072178483,0.0009001336293295026,-0.0018150219693779945,0.0014006048440933228,0.00032218758133240044,-0.001722792163491249,-0.00010385448695160449,-0.00019064848311245441,0.00029450294096022844,-0.00018810344045050442,-4.829693352803588e-05,0.00023640040308237076],[0.0011063354322686791,0.006592181511223316,-0.007698515895754099,0.0001974359038285911,-0.004961530212312937,0.004764092620462179,0.001061952207237482,0.01863473653793335,-0.01869668811559677,0.0020598997361958027,-0.0006019427091814578,-0.0014579565031453967,0.006220550742000341,0.003587380750104785,-0.009807932190597057,-0.001734545803628862,0.00030849978793412447,0.001426046248525381,0.0008256040746346116,0.0035772747360169888,-0.0044028786942362785,0.000520267290994525,0.0008113504154607654,-0.0013316177064552903,0.0005342083750292659,-0.008909903466701508,0.00837569497525692,-0.0037600689101964235,-0.0009977888548746705,0.004757857881486416,-0.0009184103109873831,0.000594490033108741,0.00032391975400969386,0.0003294037305749953,-0.0003694772894959897,4.007329698652029e-05,0.000318473728839308,0.00043976958841085434,-0.0007582434918731451,-0.004748934879899025,0.001167344395071268,0.0035815907176584005,-0.0012661278015002608,-0.004116247408092022,0.005382374860346317,0.001795599702745676,0.00032715045381337404,-0.0021227500401437283,0.001162160886451602,-0.0008054125937633216,-0.0003567481762729585,-0.0015370647888630629,0.002174748107790947,-0.0006376833189278841,0.0002959983830805868,0.0005115927197039127,-0.0008075912483036518,0.00020980261615477502,0.0021973997354507446,-0.002407202497124672,-0.0017702947370707989,0.000786047603469342,0.0009842469589784741,0.0019826616626232862,0.0010538659989833832,-0.003036527894437313,0.00013562064850702882,-0.001779754995368421,0.0016441344050690532,0.0009453071979805827,0.0012364007998257875,-0.002181708114221692,0.0007728651398792863,-0.0005017331568524241,-0.00027113218675367534,-0.0009774735663086176,-0.0007683128933422267,0.0017457862850278616,-0.0004983833059668541,0.00044864171650260687,4.97416767757386e-05,-0.0013996599009260535,0.0005743289366364479,0.0008253308478742838],[-0.002003211760893464,-0.006592011544853449,0.008595221675932407,0.0036402707919478416,0.0049626464024186134,-0.008602919057011604,-0.005019351840019226,-0.01869668811559677,0.02471603825688362,-0.0012274386826902628,0.001009795581921935,0.00021764280973002315,-0.005039830692112446,-0.004526486154645681,0.009566317312419415,0.0023593571968376637,0.0006988334935158491,-0.003058190457522869,-0.0011069526663050056,-0.0033482317812740803,0.004455184563994408,-0.0003358944086357951,-0.0023004249669611454,0.0026363199576735497,-0.002861287910491228,0.00931067019701004,-0.006449382286518812,0.0034947553649544716,0.00035502901300787926,-0.003849784377962351,0.0006814279477111995,-0.00012843601871281862,-0.0005529921618290246,0.0011903600534424186,0.002075084950774908,-0.003265444887802005,-0.0018407991155982018,0.002427759813144803,-0.0005869612796232104,0.005662521813064814,0.0010468196123838425,-0.006709341891109943,0.0031140607316046953,0.006900083273649216,-0.010014144703745842,-0.0036353261675685644,-0.001621033763512969,0.005256359465420246,-0.0004744645848404616,0.00043050438398495317,4.396025906316936e-05,0.0019688820466399193,-0.0019867646042257547,1.788244117051363e-05,-0.00040595934842713177,-3.375415690243244e-05,0.00043971347622573376,0.00024295684124808758,-0.002972963033244014,0.00273000611923635,0.0021677413024008274,-0.0014002338284626603,-0.0007675077649764717,-0.0029861126095056534,-0.0012139412574470043,0.004200054332613945,0.00018214108422398567,0.001515559502877295,-0.001697700354270637,-0.0006917193531990051,0.000433703709859401,0.00025801605079323053,-0.0016877532470971346,-0.00039839991950429976,0.0020861534867435694,-0.0004231319180689752,0.00044612493366003036,-2.2993102902546525e-05,0.0006022382294759154,-0.00025799311697483063,-0.00034424534533172846,0.0015877647092565894,-0.0005260304315015674,-0.0010617340449243784],[-0.0006837309338152409,0.0013248823815956712,-0.0006411529611796141,0.0011609310749918222,-0.004345179535448551,0.0031842489261180162,-0.0008324606460519135,0.0020598997361958027,-0.0012274386826902628,0.014456073753535748,-0.001495559816248715,-0.011960513889789581,-0.0025555246975272894,-0.002998459618538618,0.005553984083235264,-0.0019529114942997694,-4.029736737720668e-05,0.0019932088907808065,0.0013843148481100798,-0.0019859459716826677,0.0006016312399879098,0.0001907406549435109,-0.0007433062419295311,0.0005525656742975116,-0.0013394368579611182,0.0003677676140796393,0.0009716693311929703,-0.0017985202139243484,-0.0027158865705132484,0.004514406435191631,0.0027025719173252583,-0.00012586780940182507,-0.0025767034385353327,-0.0004437249153852463,-0.000493131170514971,0.0009368562023155391,0.00023528304882347584,0.000298612576443702,-0.0005338955670595169,-0.000999133801087737,0.0004913583397865295,0.0005077753448858857,-0.0011747897369787097,0.0006263676332309842,0.0005484222201630473,0.00030663388315588236,0.0017397395567968488,-0.002046373439952731,-0.0008478855015709996,-0.0017095123184844851,0.0025573978200554848,0.000624804524704814,-0.003977039363235235,0.0033522346056997776,0.0002386018168181181,0.0014348879922181368,-0.0016734898090362549,-0.00030658073956146836,-0.0007217447273433208,0.0010283255251124501,-0.00014943021233193576,-0.0001048052217811346,0.000254235346801579,-4.3720705434679985e-05,-0.0008496883092448115,0.0008934090146794915,0.0001430538104614243,-0.00047533068573102355,0.00033227691892534494,0.001112036989070475,-0.0005340711213648319,-0.0005779660423286259,0.001133851008489728,-0.0005871386965736747,-0.000546712486539036,0.00018750298477243632,-0.0002112576039507985,2.3754662834107876e-05,-0.0004342089523561299,-0.0009930410888046026,0.0014272500993683934,-0.00025252861087210476,-0.000682468235027045,0.0009349968167953193],[0.0022499191109091043,0.002871638396754861,-0.005121557042002678,-0.0003577573224902153,0.014050369150936604,-0.013692611828446388,-0.0004078515339642763,-0.0006019427091814578,0.001009795581921935,-0.001495559816248715,0.016919154673814774,-0.014423593878746033,0.0007575694471597672,0.0009618215262889862,-0.0017193916719406843,0.00012259073264431208,0.0027202097699046135,-0.0028428006917238235,-0.004802888259291649,0.004312427248805761,0.0004904614761471748,0.0013219664106145501,0.0023639395367354155,-0.0036859060637652874,-0.004841160494834185,-0.00013528023555409163,0.004976440686732531,-0.0002908370515797287,-0.005096539855003357,0.00538737652823329,-0.003350615967065096,0.003572635119780898,-0.00022202031686902046,0.002090051071718335,0.0007869235705584288,-0.0028769744094461203,0.002592982491478324,0.0028425652999430895,-0.005435546860098839,0.00396540155634284,0.004285221453756094,-0.00825062207877636,-0.0006611475255340338,0.0036066139582544565,-0.0029454664327204227,0.0022178234066814184,-0.004316012375056744,0.002098189201205969,-0.00016368116484954953,-0.0029204552993178368,0.003084136638790369,0.0003844390739686787,-0.0026199673302471638,0.0022355280816555023,0.00020784998196177185,-0.0008936694357544184,0.000685819482896477,0.0008027476724237204,-0.0016719710547477007,0.0008692234987393022,0.0021138458978384733,-0.0013807634823024273,-0.000733082415536046,-0.001066864700987935,-0.002875540405511856,0.003942405339330435,-8.755963062867522e-05,-1.654124935157597e-05,0.00010410079266875982,-0.0002544454764574766,-0.0013251095078885555,0.0015795548679307103,-0.0012836034875363111,-0.002032924210652709,0.00331652769818902,4.5700842747464776e-05,-0.0015806973678991199,0.0015349965542554855,-0.002058443147689104,-0.002140302676707506,0.00419874582439661,0.0002964897430501878,0.0034979721531271935,-0.0037944617215543985],[-0.0015661884099245071,-0.004196521360427141,0.005762709304690361,-0.0008031734032556415,-0.009705191478133202,0.01050836406648159,0.0012403123546391726,-0.0014579565031453967,0.00021764280973002315,-0.011960513889789581,-0.014423593878746033,0.027384109795093536,0.0017979538533836603,0.0020366390235722065,-0.0038345931097865105,0.0018303190590813756,-0.0026799128390848637,0.0008495936635881662,0.003418572247028351,-0.0023264794144779444,-0.0010920936474576592,-0.0015127068618312478,-0.0016206325963139534,0.0031333398073911667,0.0061806002631783485,-0.0002324892848264426,-0.005948111414909363,0.002089357702061534,0.007812426425516605,-0.009901784360408783,0.0006480436422862113,-0.0034467666409909725,0.002798723056912422,-0.0016463273204863071,-0.00029379292391240597,0.0019401202443987131,-0.002828264841809869,-0.003141178283840418,0.005969442427158356,-0.0029662700835615396,-0.004776578396558762,0.007742848712950945,0.001835936913266778,-0.004232982639223337,0.0023970450274646282,-0.002524456474930048,0.0025762743316590786,-5.181808955967426e-05,0.0010115670738741755,0.0046299658715724945,-0.005641533061861992,-0.0010092437732964754,0.006597005762159824,-0.005587762221693993,-0.0004464518278837204,-0.000541217508725822,0.0009876693366095424,-0.0004961660015396774,0.002393714152276516,-0.0018975483253598213,-0.00196441519074142,0.0014855688204988837,0.00047884605010040104,0.0011105852900072932,0.0037252281326800585,-0.00483581330627203,-5.54941943846643e-05,0.0004918715567328036,-0.00043637730414047837,-0.0008575917454436421,0.0018591812113299966,-0.0010015894658863544,0.00014975246449466795,0.0026200623251497746,-0.002769815269857645,-0.00023320395848713815,0.0017919549718499184,-0.0015587511006742716,0.002492652740329504,0.0031333444640040398,-0.0056259967386722565,-4.396168878884055e-05,-0.0028155045583844185,0.0028594662435352802],[-0.0021047834306955338,-0.0016313469968736172,0.0037361320573836565,0.006165030412375927,0.005641210824251175,-0.0118062449619174,-0.0011807200498878956,0.006220550742000341,-0.005039830692112446,-0.0025555246975272894,0.0007575694471597672,0.0017979538533836603,-0.002283868147060275,0.015093237161636353,-0.011809364892542362,0.00016431172844022512,0.0022133300080895424,-0.0023776418529450893,0.0004943672684021294,0.0014594820095226169,-0.0019538491033017635,0.0019660426769405603,0.002047428861260414,-0.004013472236692905,0.003916732966899872,-0.0007665009470656514,-0.003150232369080186,-0.0009163381764665246,0.0005175921833142638,0.00039874587673693895,-0.0012967796064913273,-0.0003114861319772899,0.0016082650981843472,0.0024546082131564617,0.002584577538073063,-0.005039186216890812,0.00226360815577209,-0.0038813792634755373,0.0016177712241187692,0.001812495058402419,0.00014848040882498026,-0.001960975117981434,-0.0005717562162317336,-0.00023737514857202768,0.000809131539426744,0.0017287866212427616,-0.004553176462650299,0.0028243898414075375,-0.0002729769912548363,0.0026325685903429985,-0.002359591657295823,-0.0009137850720435381,0.0005767210386693478,0.0003370639169588685,-0.00017907729488797486,-0.0015053306706249714,0.001684407819993794,-0.0004110786831006408,-0.0007514777826145291,0.00116255646571517,-0.0004621855041477829,0.0007944380631670356,-0.0003322525881230831,0.0008223058539442718,0.0002073271170957014,-0.0010296331020072103,-4.462094511836767e-05,0.0005872532492503524,-0.0005426323623396456,0.0007919312338344753,0.0006613192381337285,-0.0014532506465911865,0.0009914624970406294,-0.0018397546373307705,0.0008482919656671584,0.00013919331831857562,-0.0018294283654540777,0.0016902349889278412,-0.0001941372756846249,-0.0002929020265582949,0.00048703921493142843,-0.0004936729092150927,7.682805880904198e-05,0.00041684473399072886],[-0.006824516225606203,0.0023190113715827465,0.004505505319684744,-0.0016528080450370908,-0.005101116839796305,0.006753923371434212,0.0009391058119945228,0.003587380750104785,-0.004526486154645681,-0.002998459618538618,0.0009618215262889862,0.0020366390235722065,0.015093237161636353,0.014021368697285652,-0.02811460569500923,0.00036894873483106494,0.0023145442828536034,-0.0026834928430616856,-0.0004742913006339222,0.003628886304795742,-0.003154594451189041,0.000989262480288744,0.0041097430512309074,-0.005099005997180939,0.00016708410112187266,-0.000977771240286529,0.0008106879540719092,-0.0017949325265362859,-0.00024915806716308,0.0020440903026610613,-0.0030495095998048782,-0.0004429581167642027,0.0034924668725579977,0.0017840743530541658,0.003549029817804694,-0.00533310417085886,-0.0011075985385105014,-0.000921966799069196,0.0020295651629567146,0.0018942245515063405,0.0022863000631332397,-0.004180524498224258,-0.001045567449182272,0.0016066442476585507,-0.000561076623853296,0.002067548455670476,-0.0026110894978046417,0.0005435413913801312,0.0001886619720607996,0.0021215551532804966,-0.00231021735817194,-0.0012039339635521173,0.0036967103369534016,-0.0024927761405706406,0.0013307301560416818,0.0007665860466659069,-0.002097316086292267,0.0005376235931180418,0.0006134503637440503,-0.001151073956862092,-0.0002910563489422202,0.0015421537682414055,-0.0012510974192991853,1.8910941435024142e-05,-0.000686678453348577,0.0006677674828097224,3.3154559787362814e-05,-0.0006560771143995225,0.0006229226710274816,0.000255908933468163,0.0009392338106408715,-0.0011951427441090345,0.00037581697688438,-0.0006743445992469788,0.00029852756415493786,0.00021370884496718645,-0.0006327383453026414,0.00041902950033545494,-0.000893181306309998,-0.0018276865594089031,0.002720867982134223,-0.0009351348271593451,0.0008474308997392654,8.770404383540154e-05],[0.00892929919064045,-0.0006876644911244512,-0.00824163667857647,-0.004512221086770296,-0.0005400932859629393,0.0050523183308541775,0.0002416137867840007,-0.009807932190597057,0.009566317312419415,0.005553984083235264,-0.0017193916719406843,-0.0038345931097865105,-0.011809364892542362,-0.02811460569500923,0.040923960506916046,-0.0005332601140253246,-0.0045278738252818584,0.005061134230345488,-2.0075764041393995e-05,-0.005088367033749819,0.005108443088829517,-0.0029553044587373734,-0.006157170981168747,0.009112476371228695,-0.004083814565092325,0.0017442747484892607,0.002339540980756283,0.0027112707030028105,-0.0002684344945009798,-0.002442835597321391,0.0043462892062962055,0.0007544457912445068,-0.005100734066218138,-0.004238681867718697,-0.006133607123047113,0.010372288525104523,-0.0011560091516003013,0.004803345073014498,-0.003647336270660162,-0.0037067183293402195,-0.0024347794242203236,0.0061414968222379684,0.0016173237236216664,-0.0013692674692720175,-0.0002480563707649708,-0.003796336008235812,0.007164263166487217,-0.0033679273910820484,8.431583410128951e-05,-0.004754124209284782,0.004669808316975832,0.002117716707289219,-0.004273427650332451,0.0021557107102125883,-0.0011516546364873648,0.0007387422956526279,0.0004129123408347368,-0.0001265442988369614,0.0001380260509904474,-1.148178125731647e-05,0.000753240950871259,-0.002336591249331832,0.0015833503566682339,-0.0008412159513682127,0.0004793512634932995,0.00036186486249789596,1.1465977877378464e-05,6.88236323185265e-05,-8.028955198824406e-05,-0.0010478408075869083,-0.001600552466697991,0.002648393390700221,-0.0013672788627445698,0.0025140983052551746,-0.0011468192096799612,-0.00035290184314362705,0.0024621656630188227,-0.002109264023602009,0.0010873181745409966,0.0021205884404480457,-0.0032079070806503296,0.0014288078527897596,-0.0009242582600563765,-0.0005045491270720959],[0.0025123581290245056,-0.0032227260526269674,0.000710367108695209,-0.0024638401810079813,0.0017839886713773012,0.0006798529648222029,-0.0006248124409466982,-0.001734545803628862,0.0023593571968376637,-0.0019529114942997694,0.00012259073264431208,0.0018303190590813756,0.00016431172844022512,0.00036894873483106494,-0.0005332601140253246,-0.001321109477430582,0.020291874185204506,-0.017970766872167587,-0.001274947659112513,-0.0007062943186610937,0.0019812420941889286,-0.0005374649772420526,1.294619869440794e-05,0.0005245189531706274,0.0012768460437655449,0.0007820746395736933,-0.002058920916169882,0.002317204372957349,0.0008593334350734949,-0.0031765378080308437,0.0005216692807152867,-0.0003287786094006151,-0.000192890758626163,0.0007561009842902422,-0.0004840587789658457,-0.0002720425254665315,-0.00032171979546546936,-0.0012728426372632384,0.0015945624327287078,0.005504974164068699,-0.007575709372758865,0.0020707356743514538,0.0009672174928709865,-0.0019515387248247862,0.000984321115538478,0.0004615606740117073,-0.00013418885646387935,-0.00032737181754782796,0.0020782076753675938,-0.0010873903520405293,-0.00099081767257303,-0.0006491478416137397,-0.0009425113094039261,0.0015916591510176659,-0.0016917821485549212,-0.003580990247428417,0.005272772163152695,0.0005225901841185987,-5.82681386731565e-05,-0.000464322161860764,-0.0006698128418065608,0.0008798060589469969,-0.00020999315893277526,-0.0010882867500185966,-0.000170098093803972,0.0012583849020302296,-0.001339357579126954,8.741015335544944e-05,0.001251947251148522,0.0005694268620572984,0.0005523220170289278,-0.0011217489372938871,-0.0003237941418774426,0.00016426295042037964,0.0001595313078723848,0.00045069537009112537,-0.000496879278216511,4.618399907485582e-05,0.0003693621838465333,0.0008502546697854996,-0.0012196168536320329,-0.0004066484107170254,0.00201005139388144,-0.0016034030122682452],[-0.0007827969966456294,0.0030376906506717205,-0.0022548900451511145,0.0004578748776111752,-0.0007576065836474299,0.00029973220080137253,-0.0010073326993733644,0.00030849978793412447,0.0006988334935158491,-4.029736737720668e-05,0.0027202097699046135,-0.0026799128390848637,0.0022133300080895424,0.0023145442828536034,-0.0045278738252818584,0.020291874185204506,1.3805227354168892e-05,-0.01930568367242813,0.0009697847417555749,0.006671023555099964,-0.007640808820724487,-0.0023911790922284126,0.0007989963050931692,0.001592183019965887,0.0030008074827492237,0.0029964770656079054,-0.005997284781187773,-0.001258105505257845,1.0594376362860203e-05,0.001247511012479663,0.0014240189921110868,0.0013947660336270928,-0.002818784909322858,0.00022323208395391703,-0.0007806069916114211,0.0005573750240728259,-0.001201602746732533,-0.0024916508700698614,0.0036932535003870726,0.0029679052531719208,-0.003942516166716814,0.0009746108553372324,0.0011084845755249262,0.00226145563647151,-0.0033699404448270798,0.0016531513538211584,-0.002549566561356187,0.0008964156731963158,0.0030989081133157015,-0.0032876702025532722,0.00018876211834140122,-0.0008342405781149864,-0.0010925863170996308,0.0019268267787992954,-0.0031867928337305784,-0.004577471408993006,0.007764264941215515,-0.00047465553507208824,0.00025039928732439876,0.0002242560440208763,-0.0012925557093694806,0.0009335305076092482,0.0003590253181755543,0.0002955794334411621,6.117147859185934e-05,-0.00035675097024068236,-0.0013783504255115986,-0.0006744342972524464,0.0020527848973870277,0.0012838359689339995,0.0007162076653912663,-0.002000043634325266,0.0005683607887476683,0.00041099125519394875,-0.0009793522767722607,-0.00048335050814785063,-0.0020936937071383,0.0025770440697669983,0.00034175370819866657,0.0019115788163617253,-0.0022533326409757137,-0.0013425599317997694,0.0017792461439967155,-0.0004366865614429116],[-0.0017295617144554853,0.00018503586761653423,0.0015445234021171927,0.0020059652160853148,-0.0010263818548992276,-0.0009795852238312364,0.0016321451403200626,0.001426046248525381,-0.003058190457522869,0.0019932088907808065,-0.0028428006917238235,0.0008495936635881662,-0.0023776418529450893,-0.0026834928430616856,0.005061134230345488,-0.017970766872167587,-0.01930568367242813,0.038276445120573044,0.00030516268452629447,-0.005964729003608227,0.005659566726535559,0.0029286430217325687,-0.000811942620202899,-0.0021166999358683825,-0.004277653060853481,-0.003778550773859024,0.008056205697357655,-0.0010590986348688602,-0.000869927229359746,0.0019290257478132844,-0.0019456881564110518,-0.0010659858817234635,0.003011673456057906,-0.0009793339995667338,0.0012646655086427927,-0.0002853314799722284,0.0015233228914439678,0.0037644931580871344,-0.0052878158167004585,-0.008472880348563194,0.011518226005136967,-0.003045345190912485,-0.0020757014863193035,-0.00030991830863058567,0.0023856202606111765,-0.00211471039801836,0.002683754079043865,-0.0005690439138561487,-0.005177116021513939,0.004375060088932514,0.0008020559325814247,0.0014833880122750998,0.002035098150372505,-0.0035184863954782486,0.0048785749822855,0.008158459328114986,-0.01303703524172306,-4.793456173501909e-05,-0.00019213068298995495,0.00024006518651731312,0.0019623683765530586,-0.0018133365083485842,-0.0001490316353738308,0.00079270702553913,0.00010892564750974998,-0.0009016328258439898,0.0027177080046385527,0.0005870251916348934,-0.003304733196273446,-0.0018532625399529934,-0.0012685300316661596,0.0031217923387885094,-0.0002445662394165993,-0.0005752539727836847,0.000819820212200284,3.265560371801257e-05,0.0025905726943165064,-0.00262322835624218,-0.0007111151935532689,-0.002761834068223834,0.0034729496110230684,0.0017492084298282862,-0.0037892975378781557,0.002040089573711157],[-0.0016647935844957829,0.002491947030648589,-0.000827152980491519,0.0023723365738987923,-0.008535090833902359,0.0061627523973584175,0.00028134725289419293,0.0008256040746346116,-0.0011069526663050056,0.0013843148481100798,-0.004802888259291649,0.003418572247028351,0.0004943672684021294,-0.0004742913006339222,-2.0075764041393995e-05,-0.001274947659112513,0.0009697847417555749,0.00030516268452629447,0.006144711747765541,0.0058116912841796875,-0.01095640379935503,0.0004403507919050753,0.0006415307871066034,-0.0010818818118423223,0.0004641691339202225,-0.0015784085262566805,0.001114239334128797,-0.0011551287025213242,0.001738332910463214,-0.0005832044407725334,0.0007780534215271473,-0.001628440571948886,0.0008503868011757731,-0.0013600001111626625,-0.0018096505664288998,0.003169650910422206,0.0007859095931053162,0.00042030037730000913,-0.0012062099995091558,-0.0016700660344213247,-0.0026949243620038033,0.004364990163594484,-0.0003506445209495723,-0.001223473227582872,0.0015741178067401052,0.0002019437961280346,0.0011535828234627843,-0.001355526503175497,0.0005762350047007203,-0.00017274983110837638,-0.0004034852026961744,-5.908023376832716e-05,-0.00046380527783185244,0.0005228854715824127,-0.0012042587623000145,-0.0015912349335849285,0.002795493695884943,0.00031704065622761846,0.0016374642727896571,-0.0019545049872249365,-0.0010672237258404493,0.0017173918895423412,-0.0006501677562482655,0.0008357302285730839,0.0009575727162882686,-0.0017933030612766743,0.0004682921862695366,-0.0008440232486464083,0.00037573117879219353,0.0012683981331065297,-0.0001530642039142549,-0.0011153342202305794,0.0012457016855478287,-0.0006999094039201736,-0.0005457926308736205,0.00016748590860515833,-0.0005411117454059422,0.00037362577859312296,-0.0007871547713875771,-0.0007558583747595549,0.001543013146147132,-0.0002125232422258705,-0.0020597155671566725,0.0022722387220710516],[0.0006081473547965288,0.004903176799416542,-0.0055113243870437145,-0.0021064975298941135,0.007165597751736641,-0.005059101618826389,-0.00022904318757355213,0.0035772747360169888,-0.0033482317812740803,-0.0019859459716826677,0.004312427248805761,-0.0023264794144779444,0.0014594820095226169,0.003628886304795742,-0.005088367033749819,-0.0007062943186610937,0.006671023555099964,-0.005964729003608227,0.0058116912841796875,0.006849474273622036,-0.01166116539388895,-0.0002278339525219053,0.0028328520711511374,-0.0026050182059407234,-0.0015669848071411252,0.004448514431715012,-0.002881529973819852,-0.002422492951154709,-0.0017682993784546852,0.004190792329609394,0.00010648861643858254,0.0009736985666677356,-0.0010801872704178095,0.0004913946613669395,0.0005834829644300044,-0.001074877567589283,0.0002913384232670069,0.002128944266587496,-0.0024202826898545027,0.003514837007969618,-0.0010396299185231328,-0.0024752060417085886,0.0001762259635142982,0.0026158250402659178,-0.0027920508291572332,0.0016736522084102035,0.0019328973721712828,-0.0036065494641661644,0.0007609003223478794,-0.001250260742381215,0.0004893605364486575,0.0015367440646514297,0.0009185351664200425,-0.002455279231071472,-0.001376800355501473,-0.0036463241558521986,0.005023124162107706,-0.0002969281922560185,-0.0013883700594305992,0.0016852982807904482,0.0016686106100678444,-0.002520793816074729,0.0008521833224222064,0.0010947263799607754,-0.0013903694925829768,0.0002956429379992187,0.00019558140775188804,-0.0015760601963847876,0.0013804788468405604,-0.0003322772099636495,0.00046761255362071097,-0.000135335314553231,0.00019732363580260426,-0.0026246828492730856,0.0024273591116070747,-0.0003278531366959214,-0.0020715859718620777,0.002399439224973321,-0.001977512612938881,-0.001914893975481391,0.0038924068212509155,-0.000521988607943058,0.0004587101866491139,6.327837763819844e-05],[0.001056646229699254,-0.0073951249942183495,0.0063384780660271645,-0.00026583910221233964,0.0013694940134882927,-0.0011036514770239592,-5.230400711297989e-05,-0.0044028786942362785,0.004455184563994408,0.0006016312399879098,0.0004904614761471748,-0.0010920936474576592,-0.0019538491033017635,-0.003154594451189041,0.005108443088829517,0.0019812420941889286,-0.007640808820724487,0.005659566726535559,-0.01095640379935503,-0.01166116539388895,0.023617567494511604,-0.00021251582074910402,-0.0034743803553283215,0.0036868960596621037,0.0011028143344447017,-0.002870104508474469,0.0017672900576144457,0.003577619791030884,2.99669336527586e-05,-0.0036075860261917114,-0.0008845427073538303,0.0006547427037730813,0.00022979997447691858,0.0008686056826263666,0.0012261666124686599,-0.0020947721786797047,-0.0010772482492029667,-0.0025492440909147263,0.003626492340117693,-0.0018447700422257185,0.003734555095434189,-0.0018897843547165394,0.00017441903764847666,-0.0013923500664532185,0.0012179311597719789,-0.0018755965866148472,-0.0030864798463881016,0.004962076433002949,-0.0013371360255405307,0.0014230110682547092,-8.587527554482222e-05,-0.0014776635216549039,-0.00045472936471924186,0.0019323930609971285,0.002581059467047453,0.0052375588566064835,-0.007818618789315224,-2.011260949075222e-05,-0.0002490936603862792,0.000269206240773201,-0.0006013865349814296,0.0008034009952098131,-0.00020201434381306171,-0.0019304559100419283,0.0004327970673330128,0.00149765913374722,-0.0006638730992563069,0.002420081989839673,-0.001756208948791027,-0.000936120399273932,-0.0003145486116409302,0.0012506693601608276,-0.0014430251903831959,0.003324591089040041,-0.0018815654329955578,0.00016036757733672857,0.00261269835755229,-0.0027730660513043404,0.0027646669186651707,0.002670750953257084,-0.005435418337583542,0.0007345126941800117,0.0016010056715458632,-0.002335518365725875],[-0.0008413738687522709,0.0009040788281708956,-6.270559970289469e-05,0.005134462844580412,0.00519829336553812,-0.010332758538424969,-0.00018437401740811765,0.000520267290994525,-0.0003358944086357951,0.0001907406549435109,0.0013219664106145501,-0.0015127068618312478,0.0019660426769405603,0.000989262480288744,-0.0029553044587373734,-0.0005374649772420526,-0.0023911790922284126,0.0029286430217325687,0.0004403507919050753,-0.0002278339525219053,-0.00021251582074910402,0.005105250049382448,0.004512534011155367,-0.008617784827947617,0.0011074665235355496,-0.0006206085672602057,-0.00048685818910598755,-0.00010997892240993679,0.000506457407027483,-0.00039647851372137666,-0.00151433190330863,0.0006142784259282053,0.0009000534191727638,0.0022311846259981394,0.0002