{"epoch":0,"H":[[0.04364577308297157,-0.04264576733112335,-0.008945681154727936,0.008945681154727936,0.0021954108960926533,-0.002195411827415228,5.0418428145349026e-05,-5.04183117300272e-05,0.009402894414961338,-0.009402894414961338,-0.0012139221653342247,0.00121392123401165,0.0017303988570347428,-0.0017303989734500647,0.005585582461208105,-0.005585582926869392,0.005983174778521061,-0.005983174312859774,0.009747042320668697,-0.009747042320668697,0.0008479774696752429,-0.0008479775278829038,0.008681338280439377,-0.008681338280439377,0.0001441105268895626,-0.0001441105268895626,-0.0008608234347775578,0.0008608234347775578,-0.0005180937005206943,0.0005180937005206943,0.00756805669516325,-0.00756805669516325,-0.00036877134698443115,0.0003687714342959225,-0.0005377914640121162,0.0005377914058044553,0.0017271193210035563,-0.0017271193210035563,-0.0010424688225612044,0.0010424689389765263,0.00036809907760471106,-0.00036809907760471106,-0.0008173349197022617,0.0008173349197022617,0.0006847087061032653,-0.0006847087061032653,-0.00016978103667497635,0.00016978103667497635,-0.00026701873866841197,0.00026701862225309014,0.00018490286311134696,-0.00018490286311134696,-0.0006819118862040341,0.0006819118862040341,0.0007119498332031071,-0.0007119497749954462],[-0.04264576733112335,0.04364576190710068,0.008945683017373085,-0.008945683017373085,-0.002195412293076515,0.002195412293076515,-5.041854456067085e-05,5.0418428145349026e-05,-0.009402896277606487,0.009402897208929062,0.001213921932503581,-0.0012139220489189029,-0.0017303990898653865,0.0017303993226960301,-0.005585581995546818,0.005585583858191967,-0.005983172915875912,0.005983172915875912,-0.009747043251991272,0.009747042320668697,-0.0008479779935441911,0.0008479779353365302,-0.008681335486471653,0.008681336417794228,-0.00014411099255084991,0.00014411099255084991,0.0008608232019469142,-0.0008608229691162705,0.0005180937005206943,-0.0005180935841053724,-0.007568057160824537,0.007568057160824537,0.0003687712596729398,-0.00036877120146527886,0.0005377915222197771,-0.0005377915222197771,-0.0017271189717575908,0.0017271189717575908,0.0010424687061458826,-0.0010424687061458826,-0.0003680990485008806,0.0003680990485008806,0.0008173352107405663,-0.0008173352689482272,-0.0006847084732726216,0.0006847083568572998,0.00016978122584987432,-0.00016978122584987432,0.00026701862225309014,-0.00026701862225309014,-0.00018490239745005965,0.00018490233924239874,0.0006819122936576605,-0.0006819122936576605,-0.0007119491929188371,0.0007119490765035152],[-0.008945681154727936,0.008945683017373085,0.03500765934586525,-0.034007661044597626,-0.004404947627335787,0.004404947627335787,0.0128600113093853,-0.0128600113093853,-0.0036547319032251835,0.003654732834547758,0.0009464762406423688,-0.0009464760078117251,0.00856300164014101,-0.00856300164014101,-0.0028693382628262043,0.0028693382628262043,0.004362915176898241,-0.004362915642559528,0.0013120918301865458,-0.0013120921794325113,0.0003181958745699376,-0.0003181962529197335,-0.0037189843133091927,0.0037189838476479053,-0.0008527471218258142,0.0008527468889951706,0.002329468261450529,-0.002329468261450529,-0.0003695108462125063,0.00036951081710867584,0.0009263702668249607,-0.0009263702668249607,-0.0003029457002412528,0.00030294593307189643,-0.00048468494787812233,0.00048468494787812233,0.0024315824266523123,-0.002431582659482956,0.00044335052371025085,-0.00044335040729492903,0.0018361462280154228,-0.0018361462280154228,0.0008088804897852242,-0.000808880606200546,0.002287444192916155,-0.0022874444257467985,0.00012228959531057626,-0.00012228968262206763,0.00038236082764342427,-0.00038236076943576336,0.0025099641643464565,-0.0025099641643464565,0.003348155179992318,-0.003348155179992318,0.0018921915907412767,-0.001892191474325955],[0.008945681154727936,-0.008945683017373085,-0.034007661044597626,0.03500765934586525,0.004404947627335787,-0.004404947627335787,-0.0128600113093853,0.0128600113093853,0.0036547319032251835,-0.003654732834547758,-0.0009464762406423688,0.0009464760078117251,-0.00856300164014101,0.00856300164014101,0.0028693382628262043,-0.0028693382628262043,-0.004362915176898241,0.004362915642559528,-0.0013120918301865458,0.0013120921794325113,-0.0003181958745699376,0.0003181962529197335,0.0037189843133091927,-0.0037189838476479053,0.0008527471218258142,-0.0008527468889951706,-0.002329468261450529,0.002329468261450529,0.0003695108462125063,-0.00036951081710867584,-0.0009263702668249607,0.0009263702668249607,0.0003029457002412528,-0.00030294593307189643,0.00048468494787812233,-0.00048468494787812233,-0.0024315824266523123,0.002431582659482956,-0.00044335052371025085,0.00044335040729492903,-0.0018361462280154228,0.0018361462280154228,-0.0008088804897852242,0.000808880606200546,-0.002287444192916155,0.0022874444257467985,-0.00012228959531057626,0.00012228968262206763,-0.00038236082764342427,0.00038236076943576336,-0.0025099641643464565,0.0025099641643464565,-0.003348155179992318,0.003348155179992318,-0.0018921915907412767,0.001892191474325955],[0.0021954108960926533,-0.002195412293076515,-0.004404947627335787,0.004404947627335787,0.01146747451275587,-0.010467475280165672,-0.0006211092113517225,0.0006211089785210788,0.002744334517046809,-0.002744334517046809,-0.0011745232623070478,0.0011745227966457605,0.0033091355580836535,-0.0033091355580836535,0.0063698915764689445,-0.0063698915764689445,0.013216300867497921,-0.013216300867497921,0.0006618677289225161,-0.0006618674960918725,-0.001794716576114297,0.0017947168089449406,0.002866090042516589,-0.002866090275347233,0.0016969662392511964,-0.0016969663556665182,0.0021949985530227423,-0.0021949983201920986,-0.0011314837029203773,0.0011314835865050554,-0.00042963490705005825,0.00042963490705005825,-0.0007104318356141448,0.0007104318356141448,-0.001531622838228941,0.001531622838228941,0.0015505712945014238,-0.0015505714109167457,-0.0005734858568757772,0.0005734859732910991,-0.00024450942873954773,0.00024450942873954773,0.000971362111158669,-0.000971362111158669,0.0028967061080038548,-0.0028967061080038548,-0.0005018322262912989,0.0005018322844989598,-0.0008073145290836692,0.0008073145290836692,0.0008636518614366651,-0.000863651919644326,0.0005538971745409071,-0.0005538971163332462,0.0007284160237759352,-0.0007284158491529524],[-0.002195411827415228,0.002195412293076515,0.004404947627335787,-0.004404947627335787,-0.010467475280165672,0.011467473581433296,0.0006211092113517225,-0.0006211089785210788,-0.002744334517046809,0.002744334517046809,0.0011745232623070478,-0.0011745227966457605,-0.0033091355580836535,0.0033091355580836535,-0.0063698915764689445,0.0063698915764689445,-0.013216300867497921,0.013216300867497921,-0.0006618677289225161,0.0006618674960918725,0.001794716576114297,-0.0017947168089449406,-0.002866090042516589,0.002866090275347233,-0.0016969662392511964,0.0016969663556665182,-0.0021949985530227423,0.0021949983201920986,0.0011314837029203773,-0.0011314835865050554,0.00042963490705005825,-0.00042963490705005825,0.0007104318356141448,-0.0007104318356141448,0.001531622838228941,-0.001531622838228941,-0.0015505712945014238,0.0015505714109167457,0.0005734858568757772,-0.0005734859732910991,0.00024450942873954773,-0.00024450942873954773,-0.000971362111158669,0.000971362111158669,-0.0028967061080038548,0.0028967061080038548,0.0005018322262912989,-0.0005018322844989598,0.0008073145290836692,-0.0008073145290836692,-0.0008636518614366651,0.000863651919644326,-0.0005538971745409071,0.0005538971163332462,-0.0007284160237759352,0.0007284158491529524],[5.0418428145349026e-05,-5.041854456067085e-05,0.0128600113093853,-0.0128600113093853,-0.0006211092113517225,0.0006211092113517225,0.014117800630629063,-0.013117797672748566,0.0023685963824391365,-0.00236859661526978,0.0006942703039385378,-0.0006942703621461987,0.008463101461529732,-0.008463102392852306,0.0008719747420400381,-0.0008719743927940726,-0.0011969130719080567,0.001196913537569344,0.002786702709272504,-0.0027867029421031475,-0.0005670941900461912,0.0005670941900461912,-0.002141430042684078,0.002141430042684078,-0.006116151809692383,0.00611615227535367,0.0022110138088464737,-0.0022110138088464737,7.143570110201836e-05,-7.143593393266201e-05,-5.8986712247133255e-05,5.8986712247133255e-05,-0.0002142186858691275,0.0002142188313882798,-0.00019630830502137542,0.0001963082468137145,0.0014222332974895835,-0.0014222332974895835,0.00015818607062101364,-0.00015818580868653953,0.0010539122158661485,-0.0010539120994508266,0.00040755109512247145,-0.0004075509787071496,0.0015177556779235601,-0.0015177556779235601,-4.036165773868561e-05,4.0361599531024694e-05,-0.00022204453125596046,0.00022204466222319752,0.0012861373834311962,-0.0012861373834311962,0.0008708143141120672,-0.0008708142559044063,0.0002777092158794403,-0.0002777092158794403],[-5.04183117300272e-05,5.0418428145349026e-05,-0.0128600113093853,0.0128600113093853,0.0006211089785210788,-0.0006211089785210788,-0.013117797672748566,0.014117798767983913,-0.0023685963824391365,0.00236859661526978,-0.0006942703039385378,0.0006942703621461987,-0.008463101461529732,0.008463102392852306,-0.0008719747420400381,0.0008719743927940726,0.0011969130719080567,-0.001196913537569344,-0.002786702709272504,0.0027867029421031475,0.0005670941900461912,-0.0005670941900461912,0.002141430042684078,-0.002141430042684078,0.006116151809692383,-0.00611615227535367,-0.0022110138088464737,0.0022110138088464737,-7.143570110201836e-05,7.143593393266201e-05,5.8986712247133255e-05,-5.8986712247133255e-05,0.0002142186858691275,-0.0002142188313882798,0.00019630830502137542,-0.0001963082468137145,-0.0014222332974895835,0.0014222332974895835,-0.00015818607062101364,0.00015818580868653953,-0.0010539122158661485,0.0010539120994508266,-0.00040755109512247145,0.0004075509787071496,-0.0015177556779235601,0.0015177556779235601,4.036165773868561e-05,-4.0361599531024694e-05,0.00022204453125596046,-0.00022204466222319752,-0.0012861373834311962,0.0012861373834311962,-0.0008708143141120672,0.0008708142559044063,-0.0002777092158794403,0.0002777092158794403],[0.009402894414961338,-0.009402896277606487,-0.0036547319032251835,0.0036547319032251835,0.002744334517046809,-0.002744334517046809,0.0023685963824391365,-0.0023685963824391365,0.008144654333591461,-0.007144655101001263,0.0006075031124055386,-0.0006075035780668259,0.0011634258553385735,-0.0011634258553385735,0.004019232001155615,-0.004019232001155615,0.001663952716626227,-0.001663952716626227,0.0039336197078228,-0.003933620173484087,0.0004079669888596982,-0.00040796681423671544,0.0003947210207115859,-0.0003947211371269077,-0.00290099298581481,0.002900993451476097,0.0012303036637604237,-0.0012303036637604237,5.9215813962509856e-05,-5.921569754718803e-05,0.0014153713127598166,-0.0014153713127598166,6.663286330876872e-05,-6.663279782515019e-05,0.00037185309338383377,-0.0003718530642800033,0.0009508371585980058,-0.0009508371585980058,6.246169505175203e-05,-6.246165867196396e-05,0.0011031654430553317,-0.0011031654430553317,0.0006718549411743879,-0.0006718549411743879,0.0019032973796129227,-0.0019032973796129227,-4.3668431317200884e-05,4.366837310953997e-05,-5.626144411507994e-05,5.626142956316471e-05,0.0015427516773343086,-0.0015427515609189868,0.0014225798659026623,-0.0014225798659026623,1.5386962331831455e-05,-1.5386947779916227e-05],[-0.009402894414961338,0.009402897208929062,0.003654732834547758,-0.003654732834547758,-0.002744334517046809,0.002744334517046809,-0.00236859661526978,0.00236859661526978,-0.007144655101001263,0.008144654333591461,-0.0006075029377825558,0.000607503461651504,-0.0011634259717538953,0.0011634257389232516,-0.0040192315354943275,0.0040192315354943275,-0.0016639524837955832,0.0016639524837955832,-0.003933619242161512,0.0039336197078228,-0.00040796687244437635,0.0004079669597558677,-0.00039472055505029857,0.0003947206714656204,0.002900993451476097,-0.00290099298581481,-0.0012303036637604237,0.0012303036637604237,-5.92156320635695e-05,5.9215428336756304e-05,-0.0014153714291751385,0.0014153714291751385,-6.663263775408268e-05,6.663268140982836e-05,-0.0003718533262144774,0.00037185338442213833,-0.0009508370421826839,0.0009508370421826839,-6.246179691515863e-05,6.246174598345533e-05,-0.0011031657923012972,0.0011031657923012972,-0.0006718548247590661,0.0006718548247590661,-0.001903297146782279,0.001903297146782279,4.366849680081941e-05,-4.36684895248618e-05,5.626135680358857e-05,-5.6261298595927656e-05,-0.0015427516773343086,0.0015427515609189868,-0.001422579400241375,0.001422579400241375,-1.5386685845442116e-05,1.538665674161166e-05],[-0.0012139221653342247,0.001213921932503581,0.0009464762406423688,-0.0009464762406423688,-0.0011745232623070478,0.0011745232623070478,0.0006942703039385378,-0.0006942703039385378,0.0006075031124055386,-0.0006075029377825558,0.004671772476285696,-0.0036717713810503483,-0.0004516363551374525,0.0004516362678259611,-0.0004558343207463622,0.00045583408791571856,-0.0012644461821764708,0.0012644462985917926,-0.0008532448555342853,0.0008532448555342853,0.0015844000736251473,-0.0015843999572098255,-0.000844907364808023,0.000844907364808023,0.0006453473470173776,-0.0006453472888097167,0.0002246822987217456,-0.00022468241513706744,0.0010465946979820728,-0.0010465946979820728,0.0007961278315633535,-0.0007961278315633535,0.0006949216476641595,-0.0006949215894564986,0.000687170191667974,-0.000687170191667974,0.0003459894796833396,-0.0003459894214756787,0.0005267862579785287,-0.0005267863161861897,0.00042342839878983796,-0.0004234283696860075,9.286303975386545e-05,-9.286303975386545e-05,0.0008968853508122265,-0.0008968852926045656,0.0003231300797779113,-0.0003231300797779113,0.00045234806020744145,-0.0004523480893112719,0.00010702453437261283,-0.00010702450526878238,0.00016010960098356009,-0.00016010961553547531,-0.00014647888019680977,0.00014647892385255545],[0.00121392123401165,-0.0012139220489189029,-0.0009464760078117251,0.0009464760078117251,0.0011745227966457605,-0.0011745227966457605,-0.0006942703621461987,0.0006942703621461987,-0.0006075035780668259,0.000607503461651504,-0.0036717713810503483,0.004671773873269558,0.00045163658796809614,-0.00045163658796809614,0.0004558338550850749,-0.00045583362225443125,0.0012644454836845398,-0.0012644457165151834,0.0008532448555342853,-0.0008532449137419462,-0.001584400306455791,0.001584400306455791,0.000844907364808023,-0.000844907364808023,-0.0006453469977714121,0.000645347114186734,-0.0002246827498311177,0.00022468279348686337,-0.0010465946979820728,0.0010465946979820728,-0.000796128180809319,0.000796128180809319,-0.0006949215894564986,0.0006949215894564986,-0.0006871700752526522,0.000687170191667974,-0.0003459899453446269,0.0003459899453446269,-0.0005267861997708678,0.0005267861997708678,-0.00042342839878983796,0.0004234283696860075,-9.28631197893992e-05,9.28631197893992e-05,-0.0008968855254352093,0.0008968855254352093,-0.0003231301670894027,0.0003231301379855722,-0.00045234811841510236,0.0004523480893112719,-0.00010702463623601943,0.00010702460713218898,-0.00016010984836611897,0.00016010984836611897,0.0001464790984755382,-0.00014647918578702956],[0.0017303988570347428,-0.0017303990898653865,0.00856300164014101,-0.00856300164014101,0.0033091355580836535,-0.0033091355580836535,0.008463101461529732,-0.008463101461529732,0.0011634258553385735,-0.0011634259717538953,-0.0004516363551374525,0.00045163658796809614,0.020753420889377594,-0.01975341886281967,0.007502886466681957,-0.007502886466681957,0.005624270066618919,-0.005624270066618919,0.004052700009196997,-0.004052700009196997,-0.0019362021703273058,0.0019362022867426276,0.00013635773211717606,-0.00013635784853249788,-0.0037632384337484837,0.003763238899409771,0.003619538387283683,-0.0036195386201143265,0.0005157989216968417,-0.0005157990381121635,0.0022298379335552454,-0.0022298379335552454,0.00036198869929648936,-0.00036198849556967616,0.000525729963555932,-0.0005257300799712539,0.0014220906887203455,-0.0014220906887203455,0.00040525547228753567,-0.00040525526856072247,-5.6737553677521646e-05,5.6737553677521646e-05,0.00011179345892742276,-0.00011179348803125322,4.688605258706957e-05,-4.6886008931323886e-05,0.0001499087520642206,-0.00014990881027188152,0.00011672306573018432,-0.00011672300024656579,-0.000247477408265695,0.0002474773791618645,0.0005385937984101474,-0.0005385937402024865,0.0006797290407121181,-0.0006797290407121181],[-0.0017303989734500647,0.0017303993226960301,-0.00856300164014101,0.00856300164014101,-0.0033091355580836535,0.0033091355580836535,-0.008463102392852306,0.008463102392852306,-0.0011634258553385735,0.0011634257389232516,0.0004516362678259611,-0.00045163658796809614,-0.01975341886281967,0.020753420889377594,-0.007502886466681957,0.007502886466681957,-0.005624270066618919,0.005624270066618919,-0.004052700009196997,0.004052700009196997,0.0019362021703273058,-0.0019362022867426276,-0.00013635773211717606,0.00013635784853249788,0.0037632384337484837,-0.003763238899409771,-0.003619538387283683,0.0036195386201143265,-0.0005157989216968417,0.0005157990381121635,-0.0022298379335552454,0.0022298379335552454,-0.00036198869929648936,0.00036198849556967616,-0.000525729963555932,0.0005257300799712539,-0.0014220906887203455,0.0014220906887203455,-0.00040525547228753567,0.00040525526856072247,5.6737553677521646e-05,-5.6737553677521646e-05,-0.00011179345892742276,0.00011179348803125322,-4.688605258706957e-05,4.6886008931323886e-05,-0.0001499087520642206,0.00014990881027188152,-0.00011672306573018432,0.00011672300024656579,0.000247477408265695,-0.0002474773791618645,-0.0005385937984101474,0.0005385937402024865,-0.0006797290407121181,0.0006797290407121181],[0.005585582461208105,-0.005585581995546818,-0.0028693382628262043,0.0028693382628262043,0.0063698915764689445,-0.0063698915764689445,0.0008719747420400381,-0.0008719747420400381,0.004019232001155615,-0.0040192315354943275,-0.0004558343207463622,0.0004558338550850749,0.007502886466681957,-0.007502886466681957,0.016180073842406273,-0.015180075541138649,0.0071684676222503185,-0.0071684676222503185,0.0053392015397548676,-0.0053392015397548676,-9.304713603341952e-05,9.30469177546911e-05,0.003415093757212162,-0.0034150935243815184,-0.00023148790933191776,0.00023148790933191776,0.0011169551871716976,-0.0011169551871716976,-0.0004523101379163563,0.0004523100215010345,0.0002566165057942271,-0.00025661662220954895,-0.0005431962781585753,0.0005431963363662362,-1.0916155588347465e-05,1.0916184692177922e-05,0.00407662196084857,-0.00407662196084857,-0.0003015192924067378,0.00030151940882205963,-0.000363945058779791,0.00036394508788362145,0.0009307299042120576,-0.0009307299042120576,0.0021830000914633274,-0.0021830000914633274,-0.0001473603188060224,0.00014736020239070058,-0.00012043953756801784,0.00012043963943142444,0.0021244934760034084,-0.0021244932431727648,0.0024194077122956514,-0.0024194074794650078,0.0018687208648771048,-0.0018687208648771048],[-0.005585582926869392,0.005585583858191967,0.0028693382628262043,-0.0028693382628262043,-0.0063698915764689445,0.0063698915764689445,-0.0008719743927940726,0.0008719743927940726,-0.004019232001155615,0.0040192315354943275,0.00045583408791571856,-0.00045583362225443125,-0.007502886466681957,0.007502886466681957,-0.015180075541138649,0.016180071979761124,-0.007168467156589031,0.007168466225266457,-0.0053392015397548676,0.0053392015397548676,9.304654668085277e-05,-9.304653212893754e-05,-0.003415093757212162,0.003415093757212162,0.00023148820037022233,-0.00023148814216256142,-0.0011169551871716976,0.0011169551871716976,0.00045230990508571267,-0.0004523100215010345,-0.00025661615654826164,0.00025661615654826164,0.0005431962781585753,-0.0005431963363662362,1.0916162864305079e-05,-1.0916133760474622e-05,-0.0040766214951872826,0.0040766214951872826,0.0003015193797182292,-0.00030151946702972054,0.00036394508788362145,-0.00036394514609128237,-0.000930729613173753,0.000930729613173753,-0.0021830000914633274,0.0021829998586326838,0.00014736030425410718,-0.00014736018783878535,0.00012043961032759398,-0.00012043972674291581,-0.0021244934760034084,0.0021244932431727648,-0.0024194070138037205,0.0024194070138037205,-0.0018687203992158175,0.0018687203992158175],[0.005983174778521061,-0.005983172915875912,0.004362915176898241,-0.004362915176898241,0.013216300867497921,-0.013216300867497921,-0.0011969130719080567,0.0011969130719080567,0.001663952716626227,-0.0016639524837955832,-0.0012644461821764708,0.0012644454836845398,0.005624270066618919,-0.005624270066618919,0.0071684676222503185,-0.007168467156589031,0.021046733483672142,-0.020046735182404518,0.00021948512585368007,-0.0002194848784711212,-0.0004874147125519812,0.00048741447972133756,0.000949435168877244,-0.0009494352852925658,-0.0005318009061738849,0.000531800847966224,-0.0014935029903426766,0.0014935026410967112,-0.0012130143586546183,0.0012130142422392964,-0.001984430942684412,0.001984430942684412,-0.0006249570869840682,0.00062495720339939,0.00014378788182511926,-0.00014378782361745834,0.001764992019161582,-0.001764992019161582,-0.0006619899068027735,0.0006619899068027735,-0.00015042303130030632,0.00015042304585222155,0.0010578094515949488,-0.0010578094515949488,-5.348703416530043e-05,5.348703416530043e-05,-0.00040944083593785763,0.00040944089414551854,8.904880087357014e-05,-8.904880087357014e-05,0.0018264646641910076,-0.0018264646641910076,0.001720884465612471,-0.001720884465612471,0.0019657143857330084,-0.001965714618563652],[-0.005983174312859774,0.005983172915875912,-0.004362915642559528,0.004362915642559528,-0.013216300867497921,0.013216300867497921,0.001196913537569344,-0.001196913537569344,-0.001663952716626227,0.0016639524837955832,0.0012644462985917926,-0.0012644457165151834,-0.005624270066618919,0.005624270066618919,-0.0071684676222503185,0.007168466225266457,-0.020046735182404518,0.02104673534631729,-0.00021948506764601916,0.00021948546054773033,0.0004874150617979467,-0.00048741529462859035,-0.0009494362166151404,0.0009494361001998186,0.0005318006151355803,-0.0005318004405125976,0.0014935028739273548,-0.0014935029903426766,0.0012130147079005837,-0.0012130147079005837,0.0019844314083456993,-0.0019844314083456993,0.0006249576108530164,-0.0006249576108530164,-0.00014378786727320403,0.00014378783816937357,-0.0017649917863309383,0.0017649917863309383,0.0006619899650104344,-0.0006619899650104344,0.0001504229148849845,-0.00015042292943689972,-0.001057809335179627,0.001057809335179627,5.348717968445271e-05,-5.3487150580622256e-05,0.00040944089414551854,-0.00040944089414551854,-8.904878632165492e-05,8.90488299774006e-05,-0.0018264648970216513,0.0018264647806063294,-0.0017208843491971493,0.0017208843491971493,-0.001965713920071721,0.0019657141529023647],[0.009747042320668697,-0.009747043251991272,0.0013120918301865458,-0.0013120918301865458,0.0006618677289225161,-0.0006618677289225161,0.002786702709272504,-0.002786702709272504,0.0039336197078228,-0.003933619242161512,-0.0008532448555342853,0.0008532448555342853,0.004052700009196997,-0.004052700009196997,0.0053392015397548676,-0.0053392015397548676,0.00021948512585368007,-0.00021948506764601916,0.015378723852336407,-0.014378726482391357,-0.0013307068729773164,0.0013307069893926382,0.0015564695931971073,-0.0015564695931971073,0.0007822731859050691,-0.0007822730694897473,0.00021882634609937668,-0.00021882637520320714,0.0015154206193983555,-0.0015154208522289991,0.0008967517642304301,-0.0008967516478151083,0.0007451700512319803,-0.0007451701094396412,0.0001726718619465828,-0.00017267200746573508,0.0019586526323109865,-0.0019586526323109865,0.0007008630782365799,-0.0007008630782365799,0.0005629562074318528,-0.0005629562074318528,0.0005813705502077937,-0.0005813705502077937,-0.00048526027239859104,0.00048526027239859104,0.0006553774001076818,-0.0006553774001076818,0.0003414196544326842,-0.00034141974174417555,0.0006439710850827396,-0.0006439711432904005,0.0007485650130547583,-0.0007485650130547583,0.0015873076627030969,-0.0015873077791184187],[-0.009747042320668697,0.009747042320668697,-0.0013120921794325113,0.0013120921794325113,-0.0006618674960918725,0.0006618674960918725,-0.0027867029421031475,0.0027867029421031475,-0.003933620173484087,0.0039336197078228,0.0008532448555342853,-0.0008532449137419462,-0.004052700009196997,0.004052700009196997,-0.0053392015397548676,0.0053392015397548676,-0.0002194848784711212,0.00021948546054773033,-0.014378726482391357,0.015378727577626705,0.0013307066401466727,-0.0013307066401466727,-0.001556469826027751,0.001556469826027751,-0.0007822733605280519,0.0007822733023203909,-0.0002188264625146985,0.0002188266080338508,-0.0015154206193983555,0.0015154206193983555,-0.0008967517642304301,0.0008967517642304301,-0.0007451699930243194,0.0007451699930243194,-0.00017267173097934574,0.0001726716145640239,-0.00195865286514163,0.001958653097972274,-0.0007008628454059362,0.0007008628454059362,-0.0005629561492241919,0.0005629561492241919,-0.000581370375584811,0.000581370375584811,0.0004852605052292347,-0.0004852604470215738,-0.0006553774001076818,0.0006553774001076818,-0.00034141953801736236,0.00034141959622502327,-0.0006439711432904005,0.0006439712597057223,-0.0007485650712624192,0.0007485650712624192,-0.0015873078955337405,0.0015873078955337405],[0.0008479774696752429,-0.0008479779935441911,0.0003181958745699376,-0.0003181958745699376,-0.001794716576114297,0.001794716576114297,-0.0005670941900461912,0.0005670941900461912,0.0004079669888596982,-0.00040796687244437635,0.0015844000736251473,-0.001584400306455791,-0.0019362021703273058,0.0019362021703273058,-9.304713603341952e-05,9.304654668085277e-05,-0.0004874147125519812,0.0004874150617979467,-0.0013307068729773164,0.0013307066401466727,0.002967854030430317,-0.001967856427654624,-0.0007528215064667165,0.0007528216228820384,0.00048204362974502146,-0.00048204362974502146,-0.0010419966420158744,0.0010419965256005526,0.0006081805331632495,-0.0006081805331632495,0.0011323344660922885,-0.0011323344660922885,0.0005172347300685942,-0.000517234846483916,0.0006544799543917179,-0.0006544799543917179,-0.0004623400454875082,0.0004623400454875082,0.00042137678246945143,-0.00042137689888477325,0.0005442038527689874,-0.0005442038527689874,-0.0005285307415761054,0.0005285307997837663,-0.0001926365221152082,0.0001926365221152082,0.0002716115559451282,-0.0002716115559451282,0.00046132656279951334,-0.0004613265336956829,-7.833823474356905e-05,7.833829295122996e-05,-0.0007209270843304694,0.0007209270261228085,-0.00023982199491001666,0.0002398220240138471],[-0.0008479775278829038,0.0008479779353365302,-0.0003181962529197335,0.0003181962529197335,0.0017947168089449406,-0.0017947168089449406,0.0005670941900461912,-0.0005670941900461912,-0.00040796681423671544,0.0004079669597558677,-0.0015843999572098255,0.001584400306455791,0.0019362022867426276,-0.0019362022867426276,9.30469177546911e-05,-9.304653212893754e-05,0.00048741447972133756,-0.00048741529462859035,0.0013307069893926382,-0.0013307066401466727,-0.001967856427654624,0.0029678542632609606,0.0007528215064667165,-0.0007528216228820384,-0.00048204362974502146,0.00048204362974502146,0.0010419966420158744,-0.0010419965256005526,-0.0006081805331632495,0.0006081805331632495,-0.0011323344660922885,0.0011323344660922885,-0.0005172347300685942,0.000517234846483916,-0.0006544799543917179,0.0006544799543917179,0.0004623400454875082,-0.0004623400454875082,-0.00042137678246945143,0.00042137689888477325,-0.0005442038527689874,0.0005442038527689874,0.0005285307415761054,-0.0005285307997837663,0.0001926365221152082,-0.0001926365221152082,-0.0002716115559451282,0.0002716115559451282,-0.00046132656279951334,0.0004613265336956829,7.833823474356905e-05,-7.833829295122996e-05,0.0007209270843304694,-0.0007209270261228085,0.00023982199491001666,-0.0002398220240138471],[0.008681338280439377,-0.008681335486471653,-0.0037189843133091927,0.0037189843133091927,0.002866090042516589,-0.002866090042516589,-0.002141430042684078,0.002141430042684078,0.0003947210207115859,-0.00039472055505029857,-0.000844907364808023,0.000844907364808023,0.00013635773211717606,-0.00013635773211717606,0.003415093757212162,-0.003415093757212162,0.000949435168877244,-0.0009494362166151404,0.0015564695931971073,-0.001556469826027751,-0.0007528215064667165,0.0007528215064667165,0.005049191880971193,-0.004049191251397133,-0.0008657389553263783,0.0008657389553263783,0.0033182986080646515,-0.0033182986080646515,-0.0007996892090886831,0.0007996892090886831,-0.0009349843021482229,0.0009349843021482229,-0.0003583679790608585,0.0003583680954761803,2.9496033675968647e-05,-2.9496033675968647e-05,-0.00013099770876578987,0.0001309977233177051,-0.00033497356344014406,0.0003349735925439745,0.00040922139305621386,-0.00040922139305621386,6.187634426169097e-05,-6.18763588136062e-05,-0.0002740980708040297,0.00027409804170019925,-0.0002371433947701007,0.0002371433947701007,0.00018167462258134037,-0.00018167465168517083,-4.600949614541605e-05,4.6009503421373665e-05,-0.00027345988200977445,0.00027345988200977445,-0.0001944726682268083,0.00019447262457106262],[-0.008681338280439377,0.008681336417794228,0.0037189838476479053,-0.0037189838476479053,-0.002866090275347233,0.002866090275347233,0.002141430042684078,-0.002141430042684078,-0.0003947211371269077,0.0003947206714656204,0.000844907364808023,-0.000844907364808023,-0.00013635784853249788,0.00013635784853249788,-0.0034150935243815184,0.003415093757212162,-0.0009494352852925658,0.0009494361001998186,-0.0015564695931971073,0.001556469826027751,0.0007528216228820384,-0.0007528216228820384,-0.004049191251397133,0.005049191415309906,0.0008657389553263783,-0.0008657389553263783,-0.0033182986080646515,0.0033182986080646515,0.0007996892090886831,-0.0007996892090886831,0.0009349843021482229,-0.0009349843021482229,0.0003583679790608585,-0.0003583680954761803,-2.9496033675968647e-05,2.9496033675968647e-05,0.00013099770876578987,-0.0001309977233177051,0.00033497356344014406,-0.0003349735925439745,-0.00040922139305621386,0.00040922139305621386,-6.187634426169097e-05,6.18763588136062e-05,0.0002740980708040297,-0.00027409804170019925,0.0002371433947701007,-0.0002371433947701007,-0.00018167462258134037,0.00018167465168517083,4.600949614541605e-05,-4.6009503421373665e-05,0.00027345988200977445,-0.00027345988200977445,0.0001944726682268083,-0.00019447262457106262],[0.0001441105268895626,-0.00014411099255084991,-0.0008527471218258142,0.0008527471218258142,0.0016969662392511964,-0.0016969662392511964,-0.006116151809692383,0.006116151809692383,-0.00290099298581481,0.002900993451476097,0.0006453473470173776,-0.0006453469977714121,-0.0037632384337484837,0.0037632384337484837,-0.00023148790933191776,0.00023148820037022233,-0.0005318009061738849,0.0005318006151355803,0.0007822731859050691,-0.0007822733605280519,0.00048204362974502146,-0.00048204362974502146,-0.0008657389553263783,0.0008657389553263783,0.005743525922298431,-0.004743525292724371,-0.0015348631422966719,0.0015348631422966719,0.0005567236803472042,-0.000556723796762526,0.0009712157770991325,-0.0009712157770991325,0.00031587324338033795,-0.00031587330158799887,0.00023200936266221106,-0.00023200930445455015,0.0016504386439919472,-0.0016504386439919472,0.00018903714953921735,-0.0001890371786430478,0.0006818982074037194,-0.0006818982656113803,0.0008727097883820534,-0.0008727099047973752,0.0010363360634073615,-0.0010363359469920397,0.00029086030554026365,-0.00029086024733260274,0.00018829248438123614,-0.00018829255714081228,0.0013761090813204646,-0.0013761089649051428,0.0014130737399682403,-0.0014130736235529184,0.0011213760590180755,-0.0011213760590180755],[-0.0001441105268895626,0.00014411099255084991,0.0008527468889951706,-0.0008527468889951706,-0.0016969663556665182,0.0016969663556665182,0.00611615227535367,-0.00611615227535367,0.002900993451476097,-0.00290099298581481,-0.0006453472888097167,0.000645347114186734,0.003763238899409771,-0.003763238899409771,0.00023148790933191776,-0.00023148814216256142,0.000531800847966224,-0.0005318004405125976,-0.0007822730694897473,0.0007822733023203909,-0.00048204362974502146,0.00048204362974502146,0.0008657389553263783,-0.0008657389553263783,-0.004743525292724371,0.005743524990975857,0.0015348631422966719,-0.0015348631422966719,-0.0005567236803472042,0.000556723796762526,-0.0009712157770991325,0.0009712157770991325,-0.00031587324338033795,0.00031587330158799887,-0.00023200936266221106,0.00023200930445455015,-0.0016504386439919472,0.0016504386439919472,-0.00018903714953921735,0.0001890371786430478,-0.0006818982074037194,0.0006818982656113803,-0.0008727097883820534,0.0008727099047973752,-0.0010363360634073615,0.0010363359469920397,-0.00029086030554026365,0.00029086024733260274,-0.00018829248438123614,0.00018829255714081228,-0.0013761090813204646,0.0013761089649051428,-0.0014130737399682403,0.0014130736235529184,-0.0011213760590180755,0.0011213760590180755],[-0.0008608234347775578,0.0008608232019469142,0.002329468261450529,-0.002329468261450529,0.0021949985530227423,-0.0021949985530227423,0.0022110138088464737,-0.0022110138088464737,0.0012303036637604237,-0.0012303036637604237,0.0002246822987217456,-0.0002246827498311177,0.003619538387283683,-0.003619538387283683,0.0011169551871716976,-0.0011169551871716976,-0.0014935029903426766,0.0014935028739273548,0.00021882634609937668,-0.0002188264625146985,-0.0010419966420158744,0.0010419966420158744,0.0033182986080646515,-0.0033182986080646515,-0.0015348631422966719,0.0015348631422966719,0.010131154209375381,-0.009131155908107758,0.0009094252018257976,-0.0009094252018257976,-0.0022306498140096664,0.0022306498140096664,0.0005214178236201406,-0.0005214177072048187,0.000313557538902387,-0.00031355765531770885,-0.0001332192332483828,0.00013321929145604372,0.0002855569473467767,-0.0002855569473467767,-0.0007000889163464308,0.0007000889163464308,0.0011710736434906721,-0.0011710736434906721,-7.953557360451669e-05,7.953550084494054e-05,0.00015287635324057192,-0.0001528763386886567,7.265683962032199e-05,-7.265683962032199e-05,0.00022977589105721563,-0.00022977599292062223,6.6988286562263966e-06,-6.6988286562263966e-06,0.0007896969909779727,-0.0007896969909779727],[0.0008608234347775578,-0.0008608229691162705,-0.002329468261450529,0.002329468261450529,-0.0021949983201920986,0.0021949983201920986,-0.0022110138088464737,0.0022110138088464737,-0.0012303036637604237,0.0012303036637604237,-0.00022468241513706744,0.00022468279348686337,-0.0036195386201143265,0.0036195386201143265,-0.0011169551871716976,0.0011169551871716976,0.0014935026410967112,-0.0014935029903426766,-0.00021882637520320714,0.0002188266080338508,0.0010419965256005526,-0.0010419965256005526,-0.0033182986080646515,0.0033182986080646515,0.0015348631422966719,-0.0015348631422966719,-0.009131155908107758,0.01013115607202053,-0.0009094252018257976,0.0009094252018257976,0.0022306498140096664,-0.0022306498140096664,-0.0005214178236201406,0.0005214177072048187,-0.000313557538902387,0.00031355765531770885,0.0001332192332483828,-0.00013321929145604372,-0.0002855569473467767,0.0002855569473467767,0.0007000889163464308,-0.0007000889163464308,-0.0011710736434906721,0.0011710736434906721,7.953557360451669e-05,-7.953550084494054e-05,-0.00015287635324057192,0.0001528763386886567,-7.265683962032199e-05,7.265683962032199e-05,-0.00022977589105721563,0.00022977599292062223,-6.6988286562263966e-06,6.6988286562263966e-06,-0.0007896969909779727,0.0007896969909779727],[-0.0005180937005206943,0.0005180937005206943,-0.0003695108462125063,0.0003695108462125063,-0.0011314837029203773,0.0011314837029203773,7.143570110201836e-05,-7.143570110201836e-05,5.9215813962509856e-05,-5.92156320635695e-05,0.0010465946979820728,-0.0010465946979820728,0.0005157989216968417,-0.0005157989216968417,-0.0004523101379163563,0.00045230990508571267,-0.0012130143586546183,0.0012130147079005837,0.0015154206193983555,-0.0015154206193983555,0.0006081805331632495,-0.0006081805331632495,-0.0007996892090886831,0.0007996892090886831,0.0005567236803472042,-0.0005567236803472042,0.0009094252018257976,-0.0009094252018257976,0.0030311187729239464,-0.002031118841841817,0.001110534998588264,-0.001110534998588264,0.0011689327657222748,-0.0011689327657222748,0.00047295266995206475,-0.00047295266995206475,0.0010934516321867704,-0.0010934516321867704,0.000826267700176686,-0.000826267700176686,0.0005017925868742168,-0.0005017925868742168,0.0008439744706265628,-0.0008439744124189019,0.000351343653164804,-0.000351343653164804,0.0007345384219661355,-0.0007345384219661355,0.0003072322579100728,-0.0003072322579100728,0.0008243820630013943,-0.0008243821794167161,0.0008043490233831108,-0.0008043490233831108,2.724882506299764e-05,-2.7248843252891675e-05],[0.0005180937005206943,-0.0005180935841053724,0.00036951081710867584,-0.00036951081710867584,0.0011314835865050554,-0.0011314835865050554,-7.143593393266201e-05,7.143593393266201e-05,-5.921569754718803e-05,5.9215428336756304e-05,-0.0010465946979820728,0.0010465946979820728,-0.0005157990381121635,0.0005157990381121635,0.0004523100215010345,-0.0004523100215010345,0.0012130142422392964,-0.0012130147079005837,-0.0015154208522289991,0.0015154206193983555,-0.0006081805331632495,0.0006081805331632495,0.0007996892090886831,-0.0007996892090886831,-0.000556723796762526,0.000556723796762526,-0.0009094252018257976,0.0009094252018257976,-0.002031118841841817,0.003031118307262659,-0.001110534998588264,0.001110534998588264,-0.0011689327657222748,0.0011689327657222748,-0.00047295266995206475,0.00047295266995206475,-0.0010934516321867704,0.0010934516321867704,-0.000826267700176686,0.000826267700176686,-0.0005017925868742168,0.0005017925868742168,-0.0008439744706265628,0.0008439744124189019,-0.000351343653164804,0.000351343653164804,-0.0007345384219661355,0.0007345384219661355,-0.0003072322579100728,0.0003072322579100728,-0.0008243820630013943,0.0008243821794167161,-0.0008043490233831108,0.0008043490233831108,-2.724882506299764e-05,2.7248843252891675e-05],[0.00756805669516325,-0.007568057160824537,0.0009263702668249607,-0.0009263702668249607,-0.00042963490705005825,0.00042963490705005825,-5.8986712247133255e-05,5.8986712247133255e-05,0.0014153713127598166,-0.0014153714291751385,0.0007961278315633535,-0.000796128180809319,0.0022298379335552454,-0.0022298379335552454,0.0002566165057942271,-0.00025661615654826164,-0.001984430942684412,0.0019844314083456993,0.0008967517642304301,-0.0008967517642304301,0.0011323344660922885,-0.0011323344660922885,-0.0009349843021482229,0.0009349843021482229,0.0009712157770991325,-0.0009712157770991325,-0.0022306498140096664,0.0022306498140096664,0.001110534998588264,-0.001110534998588264,0.00624502170830965,-0.005245020613074303,0.0005124866729602218,-0.0005124867311678827,0.0003360045375302434,-0.0003360045375302434,-0.0019727034959942102,0.001972703728824854,0.0002922609564848244,-0.00029226101469248533,0.0005971712525933981,-0.000597171310801059,0.00011391687439754605,-0.00011391699081286788,0.0007841403130441904,-0.0007841404294595122,0.0002165222686016932,-0.00021652232680935413,0.00015324483683798462,-0.0001532448804937303,7.192413613665849e-05,-7.192400516942143e-05,0.0013249695766717196,-0.0013249695766717196,-2.8425853088265285e-05,2.8425842174328864e-05],[-0.00756805669516325,0.007568057160824537,-0.0009263702668249607,0.0009263702668249607,0.00042963490705005825,-0.00042963490705005825,5.8986712247133255e-05,-5.8986712247133255e-05,-0.0014153713127598166,0.0014153714291751385,-0.0007961278315633535,0.000796128180809319,-0.0022298379335552454,0.0022298379335552454,-0.00025661662220954895,0.00025661615654826164,0.001984430942684412,-0.0019844314083456993,-0.0008967516478151083,0.0008967517642304301,-0.0011323344660922885,0.0011323344660922885,0.0009349843021482229,-0.0009349843021482229,-0.0009712157770991325,0.0009712157770991325,0.0022306498140096664,-0.0022306498140096664,-0.001110534998588264,0.001110534998588264,-0.005245020613074303,0.00624502170830965,-0.0005124866729602218,0.0005124867311678827,-0.0003360045375302434,0.0003360045375302434,0.0019727034959942102,-0.001972703728824854,-0.0002922609564848244,0.00029226101469248533,-0.0005971712525933981,0.000597171310801059,-0.00011391687439754605,0.00011391699081286788,-0.0007841403130441904,0.0007841404294595122,-0.00