{"epoch":0,"H":[[0.009006584994494915,-0.007847975008189678,-0.0001586118305567652,-0.004414914641529322,0.000979036558419466,0.0034358780831098557,0.004803261253982782,-0.005240475758910179,0.0004372149705886841,-0.0004339859588071704,-0.005615161266177893,0.006049146875739098,-0.0030573236290365458,-0.009125479497015476,0.012182803824543953,0.0020044222474098206,-0.004254203289747238,0.002249780809506774,-4.888730472885072e-06,-0.00032701122108846903,0.0003319000534247607,0.0031651188619434834,-0.001417643390595913,-0.0017474748892709613,-0.00033946806797757745,-0.004276211839169264,0.004615680314600468,0.002821506466716528,-0.003965615760535002,0.0011441088281571865,-0.0026941453106701374,-0.0007739876164123416,0.0034681325778365135,0.004204276949167252,0.0008221918251365423,-0.0050264690071344376,-0.004169052001088858,-0.004046532325446606,0.008215583860874176,-0.0015474394895136356,-0.0043510859832167625,0.0058985259383916855,0.0009432352380827069,-0.0010072662262246013,6.403087172657251e-05,0.002310540061444044,-0.0036797805223613977,0.0013692406937479973,0.0011005745036527514,0.0021605626679956913,-0.0032611372880637646,0.0006895932019688189,-0.0026139256078749895,0.0019243324641138315,0.0006496073910966516,-0.002336828736588359,0.0016872211126610637,0.0008138507255353034,0.0008551435312256217,-0.0016689941985532641,-0.0015584479551762342,-0.0019412217661738396,0.0034996699541807175,0.0008894182974472642,-0.0012630531564354897,0.0003736345679499209,0.0001304673933191225,-0.0023385474923998117,0.002208080142736435,0.00042273482540622354,0.001096643041819334,-0.0015193778090178967,-0.0011087353341281414,-0.0014574530068784952,0.0025661883410066366,0.0001028995611704886,-0.0006029342766851187,0.0005000347155146301,-0.0013934907037764788,-0.0015460094437003136,0.002939500380307436,-0.0018239285564050078,0.0002543916052673012,0.0015695367474108934],[-0.007847975008189678,0.02171020768582821,-0.012862231582403183,0.005136968567967415,-0.014229435473680496,0.009092466905713081,-0.000832896213978529,0.005377854686230421,-0.004544958006590605,-0.001740344101563096,0.005060412921011448,-0.003320069517940283,0.0027874091174453497,0.008179683238267899,-0.010967092588543892,0.004911735188215971,0.001747339265421033,-0.0066590746864676476,-0.0031364550814032555,-0.0018017307156696916,0.004938185680657625,-0.00011647399514913559,0.0001460718922317028,-2.9597897082567215e-05,0.0037658545188605785,0.000694487476721406,-0.0044603412970900536,-0.0015808679163455963,0.005564762745052576,-0.00398389482870698,-0.0032620623242110014,-0.002078857971355319,0.005340920761227608,-0.0005466031725518405,0.005595095455646515,-0.005048492923378944,0.0018529528751969337,0.006640492007136345,-0.008493444882333279,-0.0007763337343931198,0.0018275458132848144,-0.0010512120788916945,0.0008768077241256833,0.0010417934972792864,-0.0019186018034815788,-0.005806121975183487,0.004273291677236557,0.0015328298322856426,5.76749152969569e-05,-0.0013688718900084496,0.0013111968291923404,-0.0027028287295252085,-0.001117890002205968,0.0038207187317311764,-0.00011096126399934292,0.0026403937954455614,-0.002529432997107506,0.0003133000573143363,-0.0011492465855553746,0.0008359465282410383,0.0010307321790605783,-0.002979767043143511,0.0019490348640829325,0.0022521705832332373,0.0022486820816993713,-0.0045008533634245396,0.00019081949722021818,0.002659276593476534,-0.002850096207112074,-0.000503125658724457,-0.0005034053465351462,0.0010065309470519423,0.00023124342260416597,-0.0015142863849177957,0.0012830430641770363,0.0023209829814732075,0.00245455140247941,-0.004775534383952618,-5.446717841550708e-05,0.0020300711039453745,-0.0019756038673222065,0.00019707271712832153,-0.0020717140287160873,0.0018746412824839354],[-0.0001586118305567652,-0.012862231582403183,0.01402083970606327,-0.0007220515981316566,0.013250394724309444,-0.012528342194855213,-0.003970365505665541,-0.00013737910194322467,0.004107744432985783,0.0021743308752775192,0.0005547469481825829,-0.002729077823460102,0.0002699150063563138,0.0009457929991185665,-0.0012157079763710499,-0.006916156969964504,0.002506863558664918,0.004409294109791517,0.003141344292089343,0.0021287407726049423,-0.005270085763186216,-0.0030486457981169224,0.001271568238735199,0.0017770775593817234,-0.0034263848792761564,0.003581724129617214,-0.00015533901751041412,-0.0012406385503709316,-0.0015991493128240108,0.002839788096025586,0.005956208799034357,0.0028528443071991205,-0.008809051476418972,-0.0036576762795448303,-0.006417290307581425,0.01007496565580368,0.002316099125891924,-0.002593959216028452,0.00027785953716374934,0.0023237718269228935,0.0025235405191779137,-0.00484731188043952,-0.0018200407503172755,-3.4526572562754154e-05,0.0018545673228800297,0.0034955814480781555,-0.0005935087101534009,-0.002902072388678789,-0.001158250728622079,-0.0007916921749711037,0.0019499429035931826,0.0020132369827479124,0.003731814445927739,-0.005745050963014364,-0.0005386469420045614,-0.0003035657573491335,0.0008422127575613558,-0.0011271508410573006,0.00029410264687612653,0.0008330480195581913,0.0005277171148918569,0.004920988343656063,-0.005448705516755581,-0.0031415887642651796,-0.0009856284596025944,0.004127217456698418,-0.00032128806924447417,-0.00032072997419163585,0.0006420184508897364,8.039094973355532e-05,-0.0005932376952841878,0.0005128467455506325,0.0008774920715950429,0.0029717397410422564,-0.0038492316380143166,-0.002423881785944104,-0.0018516171257942915,0.004275498911738396,0.001447959104552865,-0.0004840611945837736,-0.0009638976771384478,0.0016268555773422122,0.0018173233838751912,-0.0034441789612174034],[-0.004414914641529322,0.005136968567967415,-0.0007220515981316566,0.013677237555384636,-0.005394201725721359,-0.007283033803105354,-0.002855648985132575,-0.003164723515510559,0.006020372733473778,-0.0007011225679889321,-0.004542413633316755,0.005243536084890366,0.0031735498923808336,0.0015018125995993614,-0.004675362259149551,-6.276622298173606e-05,0.0008439742377959192,-0.0007812081603333354,0.002000996842980385,-0.0038975542411208153,0.001896557747386396,0.0005110375350341201,-0.0038837147876620293,0.0033726771362125874,-0.0014043627306818962,-0.0008096955134533346,0.0022140583023428917,-0.0011112409410998225,0.0029706228524446487,-0.0018593817949295044,0.002158659975975752,-0.0024814086500555277,0.00032274870318360627,-0.001374673331156373,-0.0035186612512916327,0.004893334116786718,0.001937649678438902,0.0011947316816076636,-0.003132381709292531,-0.0005201308522373438,0.0004325402551330626,8.75906553119421e-05,-0.00035476585617288947,0.0013642825651913881,-0.001009516417980194,-0.0018999108579009771,0.004295775666832924,-0.0023958650417625904,-0.00016232830239459872,-0.0019025455694645643,0.0020648736972361803,-0.0002097084652632475,0.0014238986186683178,-0.001214190386235714,-0.00017398329509887844,0.0019337466219440103,-0.0017597632249817252,-0.001554466667585075,-0.0004298487911000848,0.0019843154586851597,0.002151471097022295,0.0010038812179118395,-0.0031553523149341345,-0.0015491199446842074,-0.0007090745493769646,0.002258194610476494,-0.0007060609059408307,0.0012358129024505615,-0.000529751880094409,0.00016226316802203655,-0.0010709224734455347,0.0009086592472158372,0.0009971982799470425,0.001143376575782895,-0.0021405748557299376,0.00013898186443839222,0.0017822515219449997,-0.0019212332554161549,0.000847098883241415,0.001005999161861837,-0.001853098045103252,-0.0004541338130366057,0.0010785917984321713,-0.0006244580144993961],[0.000979036558419466,-0.014229435473680496,0.013250394724309444,-0.005394201725721359,0.03210991248488426,-0.02571570873260498,0.002052830532193184,0.001153109478764236,-0.0032059394288808107,-0.0020245646592229605,0.010212373919785023,-0.008187808096408844,0.0009208832052536309,0.005827652290463448,-0.006748535204678774,0.00034262798726558685,-0.00048233213601633906,0.0001397040905430913,-0.0051183076575398445,0.005778147839009762,-0.0006598402396775782,0.0009607318788766861,0.0035559299867600203,-0.004516661167144775,0.00445894431322813,0.005672629456967115,-0.010131573304533958,0.002609239425510168,-0.00011724221258191392,-0.0024919973220676184,-0.006756404414772987,0.0052323839627206326,0.0015240202192217112,0.0001258343836525455,0.00018015439854934812,-0.0003059887094423175,0.0008388675050809979,0.004749898798763752,-0.005588766653090715,0.003181091044098139,0.0035766682121902704,-0.006757759489119053,-0.0024477699771523476,-0.002779981354251504,0.0052277520298957825,0.0019276899984106421,0.0007261225255206227,-0.002653812523931265,-0.001858802163042128,0.0022720478009432554,-0.0004132455214858055,0.0008235409623011947,-0.0036067385226488113,0.0027831976767629385,-0.0002692396519705653,0.0017483175033703446,-0.0014790778513997793,0.0005428819567896426,-0.000762126874178648,0.0002192448591813445,-0.0019560526125133038,-0.002359904581680894,0.004315957427024841,0.0015263173263520002,-0.0009917531860992312,-0.0005345643730834126,0.0006284776609390974,-0.0025186194106936455,0.001890141749754548,-0.0009180952329188585,-0.0019966410472989082,0.0029147362802177668,0.0007339015137404203,0.002247324911877513,-0.002981225959956646,0.0022453037090599537,0.0027600587345659733,-0.005005362443625927,0.0005704585346393287,-0.001233637216500938,0.0006631786818616092,-0.0006656706100329757,0.0016809324733912945,-0.0010152619797736406],[0.0034358780831098557,0.009092466905713081,-0.012528342194855213,-0.007283033803105354,-0.02571570873260498,0.033998746424913406,0.0008028169395402074,0.0020116129890084267,-0.002814430510625243,0.00272568641230464,-0.00566995982080698,0.0029442745726555586,-0.004094433970749378,-0.00732946302741766,0.011423896998167038,-0.00027986173518002033,-0.0003616411122493446,0.0006415031384676695,0.0031173108145594597,-0.001880595344118774,-0.0012367157032713294,-0.0014717703452333808,0.0003277834039181471,0.0011439863592386246,-0.0030545792542397976,-0.00486293388530612,0.007917513139545918,-0.0014979980187490582,-0.0028533809818327427,0.004351378884166479,0.0045977444387972355,-0.002750976011157036,-0.0018467679619789124,0.0012488379143178463,0.003338506678119302,-0.004587343893945217,-0.002776517067104578,-0.0059446291998028755,0.00872114673256874,-0.002660960890352726,-0.004009210038930178,0.006670170929282904,0.0028025368228554726,0.0014156956458464265,-0.004218232352286577,-2.778042107820511e-05,-0.00502189714461565,0.005049677565693855,0.0020211306400597095,-0.00036950234789401293,-0.001651628641411662,-0.0006138326716609299,0.0021828399039804935,-0.0015690075233578682,0.00044322380563244224,-0.0036820638924837112,0.003238840028643608,0.001011584885418415,0.0011919763637706637,-0.002203561132773757,-0.0001954170293174684,0.0013560246443375945,-0.001160607673227787,2.280336047988385e-05,0.001700827619060874,-0.001723631052300334,7.758347783237696e-05,0.0012828067410737276,-0.0013603903353214264,0.0007558326469734311,0.0030675623565912247,-0.0038233953528106213,-0.0017311000265181065,-0.003390700090676546,0.00512180058285594,-0.002384285908192396,-0.004542309790849686,0.006926595699042082,-0.0014175577089190483,0.00022763786546420306,0.001189919887110591,0.0011198037536814809,-0.0027595253195613623,0.0016397219151258469],[0.004803261253982782,-0.000832896213978529,-0.003970365505665541,-0.002855648985132575,0.002052830532193184,0.0008028169395402074,0.007701767608523369,0.0005257052253000438,-0.00722747016698122,-0.0019476470770314336,-0.0013606301508843899,0.003308276878669858,-0.002526956843212247,-0.005814408417791128,0.008341365493834019,0.0001762146275723353,-0.0024029649794101715,0.0022267503663897514,0.0007804015185683966,-0.00029394528246484697,-0.00048645632341504097,0.0004551167949102819,-0.0005554812960326672,0.0001003649813355878,0.0008317729807458818,-0.006242366041988134,0.005410593003034592,0.0010922072688117623,-0.002753261011093855,0.001661053393036127,0.00012110263924114406,0.0009855065727606416,-0.0011066094739362597,-0.0006325801368802786,-0.0011819439241662621,0.0018145240610465407,-0.0003242171951569617,0.0009217864717356861,-0.0005975692183710635,-0.0009300243109464645,-0.0020981363486498594,0.0030281611252576113,-0.00042536441469565034,-0.000255335820838809,0.0006807002937421203,0.0015450955834239721,-0.0001688025367911905,-0.0013762929011136293,-0.0019125095568597317,0.0011793584562838078,0.0007331512169912457,0.0009376200614497066,-0.0008488391758874059,-8.878079825080931e-05,-0.0003982900525443256,-0.0010596212232485414,0.0014579113340005279,0.0016731021460145712,0.0010324473259970546,-0.0027055491227656603,-0.0010114462347701192,0.000912465329747647,9.898081771098077e-05,0.00046273405314423144,-0.0009455056861042976,0.00048277154564857483,0.0005894133355468512,-0.0005041513941250741,-8.526217425242066e-05,-7.75698572397232e-05,0.0015720530645921826,-0.0014944830909371376,-8.337124017998576e-05,-0.0008738217875361443,0.00095719302771613,-0.00012766219151671976,0.0002590268268249929,-0.0001313646207563579,-0.00038780554314143956,-0.0007083950331434608,0.0010962005471810699,-0.00019922485807910562,0.0011757618049159646,-0.000976536946836859],[-0.005240475758910179,0.005377854686230421,-0.00013737910194322467,-0.003164723515510559,0.001153109478764236,0.0020116129890084267,0.0005257052253000438,0.00837731920182705,-0.00790302362293005,-0.0008669993840157986,0.003710629651322961,-0.0028436309657990932,-0.0020482605323195457,0.006924536544829607,-0.004876276478171349,0.0015570641262456775,0.003570122877135873,-0.005127187352627516,-0.00027460980345495045,0.001281465869396925,-0.0010068562114611268,-0.002663528546690941,0.0007559459190815687,0.0019075826276093721,0.0051995678804814816,0.005272912792861462,-0.01047248113900423,-0.0003647751873359084,0.0005277068121358752,-0.0001629316247999668,-0.0006256912602111697,-6.18455233052373e-05,0.0006875366671010852,-0.00012141902698203921,0.002042825100943446,-0.0019214061321690679,8.598878048360348e-05,0.006082543171942234,-0.006168533116579056,0.0031253458000719547,0.0027558275032788515,-0.005881174001842737,-0.0008901747642084956,0.001352521008811891,-0.0004623463610187173,-0.0035902811214327812,-0.0027899397537112236,0.006380220875144005,-0.001204661326482892,0.0011041366960853338,0.00010052463039755821,-1.9443687051534653e-05,-0.002346168737858534,0.0023656124249100685,0.0002207897778134793,0.001099065993912518,-0.001319855684414506,0.001606317120604217,-0.000134809291921556,-0.0014715077122673392,0.0008601205772720277,0.0008764457888901234,-0.0017365661915391684,0.0006821814458817244,0.0030108578503131866,-0.003693039296194911,0.00048804079415276647,0.001331171253696084,-0.0018192122224718332,9.367729944642633e-05,0.0020339631009846926,-0.0021276401821523905,0.0005983109003864229,-0.0011899652890861034,0.0005916544469073415,-0.0005110808415338397,0.0010034656152129173,-0.0004923847154714167,-0.0003819852427113801,0.00043701764661818743,-5.50326076336205e-05,0.0001174296994577162,-0.0005387915298342705,0.00042136182310059667],[0.0004372149705886841,-0.004544958006590605,0.004107744432985783,0.006020372733473778,-0.0032059394288808107,-0.002814430510625243,-0.00722747016698122,-0.00790302362293005,0.016130497679114342,0.0028146454133093357,-0.0023499997332692146,-0.0004646449815481901,0.004575217142701149,-0.0011101288255304098,-0.003465088317170739,-0.0017332794377580285,-0.001167159411124885,0.002900439314544201,-0.0005057912203483284,-0.000987520907074213,0.0014933118363842368,0.0022084107622504234,-0.0002004652051255107,-0.002007945440709591,-0.006031339056789875,0.0009694518521428108,0.0050618876703083515,-0.0007274316158145666,0.002225555945187807,-0.0014981240965425968,0.0005045882426202297,-0.0009236619807779789,0.000419073854573071,0.0007539988146163523,-0.0008608815260231495,0.00010688271140679717,0.00023822678485885262,-0.0070043280720710754,0.006766101811081171,-0.0021953219547867775,-0.000657691212836653,0.0028530131094157696,0.0013155388878658414,-0.0010971862357109785,-0.0002183527685701847,0.002045185538008809,0.0029587417375296354,-0.0050039272755384445,0.0031171701848506927,-0.0022834958508610725,-0.0008336746832355857,-0.0009181757923215628,0.0031950080301612616,-0.002276832005009055,0.0001775005366653204,-3.9445440052077174e-05,-0.00013805500930175185,-0.003279418218880892,-0.0008976378012448549,0.004177055321633816,0.00015132606495171785,-0.0017889123409986496,0.00163758615963161,-0.001144915702752769,-0.0020653516985476017,0.003210267750546336,-0.0010774540714919567,-0.0008270198595710099,0.0019044738728553057,-1.610768958926201e-05,-0.003606015583500266,0.003622123273089528,-0.0005149397766217589,0.0020637866109609604,-0.0015488469507545233,0.0006387426983565092,-0.0012624920345842838,0.0006237493362277746,0.0007697909022681415,0.0002713781432248652,-0.0010411690454930067,8.179590804502368e-05,-0.0006369702750816941,0.0005551743088290095],[-0.0004339859588071704,-0.001740344101563096,0.0021743308752775192,-0.0007011225679889321,-0.0020245646592229605,0.00272568641230464,-0.0019476470770314336,-0.0008669993840157986,0.0028146454133093357,0.0020041835960000753,0.013024682179093361,-0.014028863981366158,-0.0007275501848198473,6.2587205320596695e-06,0.0007212912896648049,-0.00031453423434868455,0.001189368311315775,-0.0008748339605517685,0.0018659814959391952,0.0016230440232902765,-0.00348902540281415,-0.00110335904173553,0.0006760609685443342,0.00042729786946438253,0.0033681029453873634,0.0007551592425443232,-0.004123261664062738,-0.0013455485459417105,0.00012987706577405334,0.0012156714219599962,0.002797380555421114,0.0011111123021692038,-0.003908493090420961,-0.00015659267955925316,-0.0009448641212657094,0.0011014568153768778,0.0013278234982863069,-0.002404875122010708,0.001077051623724401,0.0009492220124229789,-0.0002678920573089272,-0.000681330100633204,-0.0004823380440939218,0.002501260954886675,-0.0020189224742352962,0.0006168123218230903,-0.001793039496988058,0.0011762272333726287,-0.00037176598561927676,0.0002693596761673689,0.00010240630945190787,-0.0008579400600865483,0.0014757271856069565,-0.0006177871255204082,0.00036947240005247295,0.00020456488709896803,-0.0005740371998399496,2.014939673244953e-05,-0.00018826121231541038,0.0001681118446867913,0.0010881619527935982,0.00103814119938761,-0.0021263030357658863,0.0005742210196331143,-0.0002054933866020292,-0.0003687276621349156,-0.0007013879367150366,0.00015226546383928508,0.0005491224583238363,-0.0006163733196444809,-0.0003924147749785334,0.0010087881237268448,-0.0002924925065599382,-0.0006027345079928637,0.0008952269563451409,0.0005501238629221916,-0.00042443073471076787,-0.00012569317186716944,-0.0005043746205046773,0.0013218055246397853,-0.0008174308459274471,0.0004844272625632584,0.00014414219185709953,-0.000628569396212697],[-0.005615161266177893,0.005060412921011448,0.0005547469481825829,-0.004542413633316755,0.010212373919785023,-0.00566995982080698,-0.0013606301508843899,0.003710629651322961,-0.0023499997332692146,0.013024682179093361,0.004307277034968138,-0.016331955790519714,-0.0006260202499106526,0.007711897138506174,-0.007085877005010843,-0.0009568578097969294,0.004555723164230585,-0.003598865121603012,-0.0016585767734795809,0.008740431629121304,-0.007081854622811079,-0.0019366844790056348,0.0036485607270151377,-0.0017118763644248247,0.005979815032333136,0.009657151065766811,-0.01563696563243866,-0.0031693868804723024,0.0018731815507635474,0.001296205329708755,0.0007531862356700003,0.005157063715159893,-0.005910249426960945,-0.0011393309105187654,0.001273093861527741,-0.00013376273273024708,0.006692854687571526,0.005883753299713135,-0.01257660984992981,0.0047906870022416115,0.004554491024464369,-0.009345178492367268,-0.00012327259173616767,-0.0002154026151401922,0.00033867525053210557,0.0017456174828112125,-0.004206808749586344,0.002461191499605775,-0.0012331855250522494,0.003015517257153988,-0.0017823314992710948,-0.0003240319201722741,0.0012783411657437682,-0.0009543093619868159,7.83430878072977e-05,-0.001935316133312881,0.0018569729290902615,2.3783999495208263e-05,0.00136277184356004,-0.0013865557266399264,-0.002250437857583165,0.0007859661127440631,0.0014644719194620848,0.0013211319455876946,-0.0006728671141900122,-0.0006482648896053433,0.0006275728810578585,0.0003284798876848072,-0.000956052856054157,-0.0014318129979074001,0.0008323350921273232,0.0005994779639877379,-0.0001298501156270504,0.00018264807295054197,-5.279795732349157e-05,0.002106204628944397,-0.00036798883229494095,-0.0017382161458954215,0.001616743509657681,0.0019029226386919618,-0.0035196661483496428,-0.0005391602753661573,0.001513632945716381,-0.0009744730778038502],[0.006049146875739098,-0.003320069517940283,-0.002729077823460102,0.005243536084890366,-0.008187808096408844,0.0029442745726555586,0.003308276878669858,-0.0028436309657990932,-0.0004646449815481901,-0.014028863981366158,-0.016331955790519714,0.031360819935798645,0.0013535679318010807,-0.007718158420175314,0.006364589091390371,0.0012713917531073093,-0.00574509147554636,0.004473699722439051,-0.00020740681793540716,-0.010363474488258362,0.010570881888270378,0.003040042705833912,-0.004324621986597776,0.0012845797464251518,-0.009347920306026936,-0.01041230745613575,0.01976022869348526,0.004514934495091438,-0.002003059256821871,-0.002511875703930855,-0.0035505685955286026,-0.006268175784498453,0.009818743914365768,0.0012959223240613937,-0.0003282305260654539,-0.0009676918853074312,-0.008020679466426373,-0.0034788763150572777,0.011499556712806225,-0.005739910993725061,-0.004286597948521376,0.010026508942246437,0.0006056110141798854,-0.002285858616232872,0.0016802476020529866,-0.0023624300956726074,0.0059998491778969765,-0.0036374195478856564,0.0016049514524638653,-0.003284876700490713,0.0016799252480268478,0.0011819717474281788,-0.002754068002104759,0.0015720962546765804,-0.00044781516771763563,0.001730751246213913,-0.0012829359620809555,-4.3933221604675055e-05,-0.0011745102237910032,0.0012184433871880174,0.0011622763704508543,-0.0018241079524159431,0.0006618316983804107,-0.0018953518010675907,0.0008783608209341764,0.0010169915622100234,7.381467730738223e-05,-0.0004807451623491943,0.0004069303977303207,0.0020481860265135765,-0.0004399201716296375,-0.0016082662623375654,0.0004223425639793277,0.0004200856783427298,-0.0008424280676990747,-0.002656328259035945,0.0007924191886559129,0.001863909070380032,-0.001112369354814291,-0.0032247293274849653,0.004337098449468613,5.473324563354254e-05,-0.001657774904742837,0.001603041891939938],[-0.0030573236290365458,0.0027874091174453497,0.0002699150063563138,0.0031735498923808336,0.0009208832052536309,-0.004094433970749378,-0.002526956843212247,-0.0020482605323195457,0.004575217142701149,-0.0007275501848198473,-0.0006260202499106526,0.0013535679318010807,0.008421415463089943,0.014218483120203018,-0.021639904007315636,2.196684363298118e-07,0.0006170108681544662,-0.0006172306602820754,-0.002984863007441163,-0.0019619560334831476,0.004946818575263023,0.002074330812320113,0.0006246954435482621,-0.002699025673791766,0.003897380083799362,-0.0008508802275173366,-0.003046500263735652,-0.000984810758382082,0.0011688856175169349,-0.0001840747136157006,-0.0007386149372905493,0.0013276934623718262,-0.0005890786997042596,0.0025334078818559647,0.002551817335188389,-0.0050852252170443535,0.0007308740168809891,0.0029031657613813877,-0.003634040243923664,-0.0012691679876297712,-0.00028988849953748286,0.0015590566908940673,-0.0007573745679110289,-0.001414948026649654,0.002172322478145361,0.0011553324293345213,0.0008809204446151853,-0.0020362527575343847,0.0014154254458844662,-0.0018065234180539846,0.0003910976811312139,-0.0016571682645007968,0.0016126164700835943,4.4551678001880646e-05,0.00115816795732826,0.0013274011434987187,-0.0024855693336576223,-0.0004568612203001976,-0.0007618360104970634,0.0012186971725896,-0.0003919978335034102,-0.0007710225181654096,0.001163020497187972,0.0001356998400297016,0.0008964663720689714,-0.0010321661829948425,-0.00045379274524748325,0.00024347467115148902,0.00021031807409599423,-0.0012352416524663568,-0.0005905640427954495,0.0018258057534694672,-0.00023895915364846587,0.0011151678627356887,-0.0008762087672948837,0.0011102447751909494,0.00046036133426241577,-0.0015706061385571957,0.00018745617126114666,1.1943280696868896e-05,-0.00019939953926950693,-0.00025222633848898113,-0.00020507141016423702,0.0004572977195493877],[-0.009125479497015476,0.008179683238267899,0.0009457929991185665,0.0015018125995993614,0.005827652290463448,-0.00732946302741766,-0.005814408417791128,0.006924536544829607,-0.0011101288255304098,6.2587205320596695e-06,0.007711897138506174,-0.007718158420175314,0.014218483120203018,0.012892832979559898,-0.026111319661140442,-0.0021045617759227753,0.0040606725960969925,-0.0019561108201742172,-0.006084914319217205,0.001849850406870246,0.0042350636795163155,0.0005150239448994398,0.005286467261612415,-0.0058014909736812115,0.007180693559348583,0.009879527613520622,-0.01706022024154663,-0.0036497737746685743,0.0014849102590233088,0.0021648635156452656,0.0012299709487706423,0.0043887062929570675,-0.005618677474558353,0.00028021662728860974,0.0037616377230733633,-0.004041854292154312,0.005210597068071365,0.0080748675391078,-0.01328546553850174,0.0021826988086104393,0.0018797647207975388,-0.004062463529407978,-0.0015334010822698474,0.0009481548331677914,0.0005852460162714124,-0.0007242322317324579,-0.0007250949274748564,0.0014493272174149752,0.0005353606538847089,-0.0010808822698891163,0.0005455216160044074,-0.0010201686527580023,0.0004991278983652592,0.0005210406379774213,0.0009049986838363111,0.003478225553408265,-0.0043832240626215935,-0.00036628873203881085,-9.136444714386016e-05,0.0004576531646307558,-0.0010689148912206292,0.0003021227312274277,0.0007667921017855406,0.0004069958522450179,0.0034663125406950712,-0.003873308189213276,-1.9018712919205427e-05,0.0019502285867929459,-0.0019312098156660795,-0.0011252055410295725,0.00033629045356065035,0.000788915145676583,-1.460779458284378e-06,0.0009539086022414267,-0.0009524477063678205,0.0007917446200735867,-0.0003316513611935079,-0.0004600933752954006,0.0012475475668907166,0.00015634787268936634,-0.0014038952067494392,0.0007201448315754533,-0.000992283457890153,0.0002721385972108692],[0.012182803824543953,-0.010967092588543892,-0.0012157079763710499,-0.004675362259149551,-0.006748535204678774,0.011423896998167038,0.008341365493834019,-0.004876276478171349,-0.003465088317170739,0.0007212912896648049,-0.007085877005010843,0.006364589091390371,-0.021639904007315636,-0.026111319661140442,0.04875122755765915,0.0021043415181338787,-0.004677686840295792,0.0025733450893312693,0.009069777093827724,0.00011210539378225803,-0.009181882254779339,-0.0025893535930663347,-0.005911162588745356,0.008500516414642334,-0.011078073643147945,-0.009028647094964981,0.0201067216694355,0.004634585231542587,-0.002653796225786209,-0.0019807894714176655,-0.0004913571756333113,-0.005716400220990181,0.006207759026437998,-0.0028136244509369135,-0.00631345622241497,0.00912708044052124,-0.005941471084952354,-0.010978033766150475,0.016919506713747978,-0.0009135328582488,-0.00158987776376307,0.0025034109130501747,0.002290774369612336,0.00046679278602823615,-0.0027575676795095205,-0.00043110005208291113,-0.0001558256335556507,0.0005869255401194096,-0.0019507859833538532,0.0028874061536043882,-0.0009366200538352132,0.002677337732166052,-0.0021117455326020718,-0.0005655914428643882,-0.0020631675142794847,-0.004805627278983593,0.006868795491755009,0.0008231502724811435,0.0008532002102583647,-0.00167635059915483,0.001460913335904479,0.0004688995541073382,-0.0019298128318041563,-0.0005426955758593976,-0.004362778272479773,0.004905473906546831,0.00047281081788241863,-0.0021937021519988775,0.001720891217701137,0.0023604470770806074,0.00025427283253520727,-0.00261472025886178,0.00024041999131441116,-0.002069077454507351,0.0018286574631929398,-0.001901989453472197,-0.0001287099439650774,0.0020306992810219526,-0.0014350044075399637,-0.0001682913862168789,0.0016032957937568426,-0.0004679180565290153,0.0011973545188084245,-0.0007294365204870701],[0.0020044222474098206,0.004911735188215971,-0.006916156969964504,-6.276622298173606e-05,0.00034262798726558685,-0.00027986173518002033,0.0001762146275723353,0.0015570641262456775,-0.0017332794377580285,-0.00031453423434868455,-0.0009568578097969294,0.0012713917531073093,2.196684363298118e-07,-0.0021045617759227753,0.0021043415181338787,-0.004449674393981695,0.010819174349308014,-0.005369500257074833,0.00021826336160302162,-0.000405725440941751,0.00018746207933872938,0.0016776502598077059,0.0001811211259337142,-0.0018587710801512003,-0.001003348734229803,-0.0006336066871881485,0.0016369556542485952,0.00024252996081486344,0.0016055178130045533,-0.0018480478320270777,-0.0014798382762819529,0.0012978770537301898,0.0001819613971747458,-2.539671550039202e-05,0.0009531195973977447,-0.0009277228964492679,-0.0008667644578963518,0.001574722700752318,-0.0007079579518176615,0.0004801805771421641,0.00023391906870529056,-0.000714099733158946,-0.0002537057443987578,0.0017873157048597932,-0.0015336100477725267,0.000643507344648242,-0.0016513558803126216,0.0010078486520797014,-0.00019505535601638258,-0.00040491734398528934,0.0005999726708978415,0.0010423234198242426,-0.0007646946469321847,-0.00027762865647673607,-0.0005482498090714216,-0.0008438106742687523,0.0013920605415478349,-0.0005022741388529539,-0.0010743520688265562,0.0015766262076795101,0.0012151611736044288,-0.0018958071013912559,0.0006806459277868271,-0.00064995011780411,-0.0003299259697087109,0.0009798761457204819,-0.00028797570848837495,0.0004290551587473601,-0.00014107937749940902,-8.1774836871773e-05,-0.000296157319098711,0.0003779323014896363,-8.685843204148114e-05,-0.0012848542537540197,0.0013717126566916704,-0.00024232444411609322,-0.00044488016283139586,0.0006872046506032348,0.0004986608400940895,-0.0007172693149186671,0.00021860847482457757,-0.0005239294259808958,5.329142732080072e-05,0.0004706380423158407],[-0.004254203289747238,0.001747339265421033,0.002506863558664918,0.0008439742377959192,-0.00048233213601633906,-0.0003616411122493446,-0.0024029649794101715,0.003570122877135873,-0.001167159411124885,0.001189368311315775,0.004555723164230585,-0.00574509147554636,0.0006170108681544662,0.0040606725960969925,-0.004677686840295792,0.010819174349308014,0.0054220231249928474,-0.015241196379065514,-0.0016427278751507401,0.002563049551099539,-0.0009203217923641205,-0.0004283481976017356,0.0018221091013401747,-0.001393760903738439,0.0009953827830031514,0.004113091621547937,-0.005108474753797054,-0.0008868982549756765,0.0025840902235358953,-0.0016971917357295752,-0.0011722443159669638,0.0015557054430246353,-0.0003834613598883152,-0.0007740416913293302,0.00259966729208827,-0.0018256257753819227,0.001390225486829877,0.0032265468034893274,-0.004616772755980492,0.0017517984379082918,0.0047508105635643005,-0.006502608768641949,-0.0006384724983945489,-0.004122256301343441,0.004760728683322668,-0.0017050475580617785,-0.0011288141831755638,0.0028338616248220205,-0.0008342604269273579,-0.0013431459665298462,0.002177406568080187,0.0011235959827899933,4.8817026254255325e-05,-0.0011724128853529692,0.00023545222938992083,0.0003003619785886258,-0.0005358142661862075,0.00036978439311496913,0.0018244271632283926,-0.0021942113526165485,0.00019384472398087382,0.00010346127965021878,-0.0002973061054944992,-0.0009828610345721245,-0.000542778114322573,0.001525639439933002,0.0004320513107813895,0.0003573537105694413,-0.0007894050795584917,-0.00034817028790712357,-0.0016405475325882435,0.001988717820495367,0.0007922025979496539,-0.0010092775337398052,0.00021707486303057522,0.00014800290227867663,0.0010725685860961676,-0.0012205715756863356,0.0008487534942105412,0.00017510540783405304,-0.0010238589020445943,0.00027671921998262405,-0.00024350202875211835,-3.321733674965799e-05],[0.002249780809506774,-0.0066590746864676476,0.004409294109791517,-0.0007812081603333354,0.0001397040905430913,0.0006415031384676695,0.0022267503663897514,-0.005127187352627516,0.002900439314544201,-0.0008748339605517685,-0.003598865121603012,0.004473699722439051,-0.0006172306602820754,-0.0019561108201742172,0.0025733450893312693,-0.005369500257074833,-0.015241196379065514,0.021610699594020844,0.001424464164301753,-0.002157322596758604,0.0007328580832108855,-0.001249302877113223,-0.0020032308530062437,0.0032525332644581795,7.965369150042534e-06,-0.0034794840030372143,0.003471519099548459,0.0006443682359531522,-0.004189607221633196,0.003545238869264722,0.0026520825922489166,-0.0028535823803395033,0.00020150007912889123,0.0007994389161467552,-0.003552786773070693,0.002753347624093294,-0.0005234613781794906,-0.004801269620656967,0.005324730649590492,-0.00223197927698493,-0.004984729457646608,0.007216708734631538,0.0008921775734052062,0.0023349407128989697,-0.003227118169888854,0.001061540562659502,0.0027801694814115763,-0.0038417098112404346,0.0010293161030858755,0.0017480638343840837,-0.0027773799374699593,-0.002165920101106167,0.0007158788503147662,0.0014500408433377743,0.0003127978998236358,0.0005434491322375834,-0.000856247148476541,0.00013249018229544163,-0.0007500739302486181,0.0006175837479531765,-0.0014090052573010325,0.0017923458945006132,-0.0003833406080957502,0.0016328111523762345,0.0008727050153538585,-0.0025055164005607367,-0.00014407577691599727,-0.0007864093640819192,0.0009304853156208992,0.0004299444262869656,0.0019367049681022763,-0.002366649452596903,-0.0007053443696349859,0.002294132485985756,-0.0015887879999354482,9.432154183741659e-05,-0.0006276883650571108,0.000533366808667779,-0.0013474143343046308,0.0005421633250080049,0.0008052509510889649,0.0002472100022714585,0.000190210179425776,-0.0004374200652819127],[-4.888730472885072e-06,-0.0031364550814032555,0.003141344292089343,0.002000996842980385,-0.0051183076575398445,0.0031173108145594597,0.0007804015185683966,-0.00027460980345495045,-0.0005057912203483284,0.0018659814959391952,-0.0016585767734795809,-0.00020740681793540716,-0.002984863007441163,-0.006084914319217205,0.009069777093827724,0.00021826336160302162,-0.0016427278751507401,0.001424464164301753,0.0064233532175421715,0.010789033025503159,-0.016212385147809982,-0.0017979826079681516,-0.0023515785578638315,0.004149560816586018,-0.00024309242144227028,-4.487641854211688e-05,0.00028796831611543894,0.0007806358044035733,-0.0005324158119037747,-0.0002482200798112899,0.0017930646426975727,-0.0008973137591965497,-0.0008957511163316667,-0.0009758005617186427,-0.002380533842369914,0.0033563345205038786,-0.0003133497666567564,-0.002243810798972845,0.0025571605656296015,0.0032595873344689608,0.000865905312821269,-0.004125493578612804,0.0013491970021277666,-0.000988813815638423,-0.0003603833320084959,-0.0008632927783764899,0.001327091478742659,-0.0004637987003661692,-0.0011351089924573898,0.00029827968683093786,0.0008368295384570956,-0.00021645257947966456,-0.00016786728519946337,0.000384319806471467,-2.4838693207129836e-05,-0.00044024066301062703,0.00046507935621775687,0.0013909297995269299,4.170124157099053e-06,-0.0013950997963547707,0.0008994246600195765,-0.0010200727265328169,0.00012064795009791851,0.0005986656760796905,-4.318353603594005e-06,-0.0005943476571701467,-0.00015388595056720078,-0.0009047788335010409,0.001058664871379733,-0.00035836960887536407,-0.0008479550597257912,0.0012063246686011553,-0.0006038582068867981,0.0007095011533237994,-0.00010564300464466214,0.00031371827935799956,2.070827758871019e-05,-0.00033442661515437067,-0.0011089183390140533,0.001116450410336256,-7.532013114541769e-06,0.0005973077495582402,-0.0015723388642072678,0.0009750312892720103],[-0.00032701122108846903,-0.0018017307156696916,0.0021287407726049423,-0.0038975542411208153,0.005778147839009762,-0.001880595344118774,-0.00029394528246484697,0.001281465869396925,-0.000987520907074213,0.0016230440232902765,0.008740431629121304,-0.010363474488258362,-0.0019619560334831476,0.001849850406870246,0.00011210539378225803,-0.000405725440941751,0.002563049551099539,-0.002157322596758604,0.010789033025503159,0.01094738207757473,-0.020736414939165115,-0.0035151937045156956,0.0024145753122866154,0.0011006176937371492,0.002511426107957959,0.005918891169130802,-0.008430317044258118,-2.6668451027944684e-05,-0.0008430166053585708,0.000869685027282685,-0.0036756047047674656,0.004028854425996542,-0.00035325007047504187,-0.002045593922957778,0.001044291420839727,0.0010013026185333729,0.0008531347848474979,0.0035949512384831905,-0.0044480860233306885,0.005919422022998333,0.007232408504933119,-0.013151830993592739,-0.0013171876780688763,-0.00023114739451557398,0.0015483350725844502,0.0008860467351041734,-0.0009454996907152236,5.9453072026371956e-05,-0.0010718147968873382,0.0029440992511808872,-0.0018722841050475836,0.0017651079688221216,-0.0014632672537118196,-0.0003018407733179629,-0.0011326188687235117,0.00018014304805547,0.0009524760534986854,0.0012728245928883553,0.0016041568014770746,-0.0028769811615347862,-0.0013750403886660933,0.001137202838435769,0.00023783743381500244,-0.00010434800060465932,0.0009457835694774985,-0.000841435685288161,0.0007842702325433493,-0.0013488244730979204,0.0005645544151775539,-0.0013690362684428692,-0.0002790820726659149,0.0016481184866279364,0.0005564388702623546,-0.00024110419326461852,-0.0003153346769977361,-0.00034379021963104606,0.0006617623730562627,-0.0003179721534252167,-0.00015276740305125713,0.0013803155161440372,-0.0012275484623387456,0.0007778375875204802,0.0004372478579171002,-0.0012150855036452413],[0.0003319000534247607,0.004938185680657625,-0.005270085763186216,0.001896557747386396,-0.0006598402396775782,-0.0012367157032713294,-0.00048645632341504097,-0.0010068562114611268,0.0014933118363842368,-0.00348902540281415,-0.007081854622811079,0.010570881888270378,0.004946818575263023,0.0042350636795163155,-0.009181882254779339,0.00018746207933872938,-0.0009203217923641205,0.0007328580832108855,-0.016212385147809982,-0.020736414939165115,0.03794879838824272,0.005313176196068525,-6.299640517681837e-05,-0.005250178277492523,-0.0022683360148221254,-0.005874013528227806,0.008142350241541862,-0.0007539680227637291,0.0013754318933933973,-0.0006214636377990246,0.0018825377337634563,-0.0031315400265157223,0.0012490017106756568,0.0030213934369385242,0.0013362409081310034,-0.004357634577900171,-0.0005397867644205689,-0.0013511398574337363,0.0018909266218543053,-0.0091790109872818,-0.008098313584923744,0.017277324572205544,-3.2009207643568516e-05,0.0012199613265693188,-0.001187952235341072,-2.2753491066396236e-05,-0.00038159184623509645,0.00040434557013213634,0.00220692390576005,-0.0032423781231045723,0.0010354537516832352,-0.0015486555639654398,0.0016311353538185358,-8.248043013736606e-05,0.001157457591034472,0.0002600973239168525,-0.00141755526419729,-0.002663754392415285,-0.0016083269147202373,0.004272080957889557,0.00047561642713844776,-0.0001171301119029522,-0.0003584860824048519,-0.0004943170351907611,-0.0009414654923602939,0.001435782527551055,-0.0006303852424025536,0.0022536024916917086,-0.0016232173657044768,0.0017274057026952505,0.0011270365212112665,-0.002854442223906517,4.7419831389561296e-05,-0.00046839809510856867,0.00042097829282283783,3.0072289519011974e-05,-0.000682470912579447,0.000652398681268096,0.0012616862077265978,-0.0024967656936496496,0.00123507936950773,-0.001375145628117025,0.0011350911809131503,0.0002400544472038746],[0.0031651188619434834,-0.00011647399514913559,-0.0030486457981169224,0.0005110375350341201,0.0009607318788766861,-0.0014717703452333808,0.0004551167949102819,-0.002663528546690941,0.0022084107622504234,-0.00110335904173553,-0.0019366844790056348,0.003040042705833912,0.002074330812320113,0.0005150239448994398,-0.0025893535930663347,0.0016776502598077059,-0.0004283481976017356,-0.001249302877113223,-0.0017979826079681516,-0.0035151937045156956,0.005313176196068525,0.0030979085713624954,0.003215513192117214,-0.005313417874276638,-3.5890116123482585e-06,-0.0009433807572349906,0.0009469696087762713,0.0014248386723920703,-7.66353914514184e-05,-0.00134820316452533,0.0008463765261694789,4.449975676834583e-06,-0.0008508263272233307,0.0012965977657586