{"epoch":0,"H":[[0.006167277228087187,0.003802200313657522,-0.008969475515186787,-0.011713225394487381,-0.00019784702453762293,0.011911071836948395,0.003371261293068528,-0.005691917613148689,0.0023206560872495174,-0.0024484246969223022,-0.002833903767168522,0.005282328464090824,0.002213219180703163,-0.0005099313566461205,-0.0017032885225489736,0.0021861770655959845,-0.002480443101376295,0.00029426615219563246,0.0012299898080527782,0.001737738843075931,-0.002967728301882744,7.474824087694287e-05,-0.006095656659454107,0.006020908243954182,-1.2109754607081413e-05,-0.0049073523841798306,0.004919461440294981,8.174392860382795e-06,-0.0032478945795446634,0.0032397208269685507,0.00020308213424868882,-5.831191083416343e-05,-0.0001447700778953731,0.0015078638680279255,-0.0012555047869682312,-0.00025235838256776333,-0.0012854039669036865,-0.0031513655558228493,0.004436769522726536,0.00012223207158967853,-0.0031467999797314405,0.003024567849934101,0.0037407400086522102,-6.393757939804345e-05,-0.0036768026184290648,-0.002222588751465082,0.0004776178393512964,0.001744970679283142,0.0008035660139285028,0.0014036354841664433,-0.0022072014398872852,0.0004421320918481797,-0.003177620004862547,0.0027354878839105368,-0.0013183830305933952,-0.0017410388682037592,0.0030594218987971544,-0.001212421921081841,0.001319224014878273,-0.00010680205014068633,0.0008391709998250008,-0.0009677095804363489,0.00012853863881900907,0.00086502346675843,0.00010842134361155331,-0.0009734449558891356,-0.0002146306069334969,0.0020704767666757107,-0.0018558462616056204,0.0012244457611814141,0.0003532204427756369,-0.0015776663785800338,-0.0006933130789548159,0.00022377991990651935,0.00046953317360021174,0.00010666132584447041,-0.002556708175688982,0.0024500470608472824,-0.00029037220519967377,7.632857887074351e-05,0.00021404365543276072,-0.0009236502810381353,-0.0028124148957431316,0.003736065234988928],[0.003802200313657522,0.05464240163564682,-0.05744460970163345,0.002520462963730097,0.008792633190751076,-0.01131309662014246,-0.006947028916329145,0.018128465861082077,-0.011181436479091644,0.0003997764433734119,0.006643123924732208,-0.007042900193482637,0.001782469917088747,0.006599154323339462,-0.008381623774766922,-0.006949226371943951,0.007776964921504259,-0.0008277394226752222,0.0013706873869523406,0.0026718005537986755,-0.004042488057166338,0.002991382498294115,0.008834055624902248,-0.01182543858885765,0.004418647848069668,0.009775534272193909,-0.014194181188941002,-0.0026323527563363314,0.010402215644717216,-0.007769863121211529,0.002284749411046505,0.0005737299798056483,-0.002858479041606188,0.0002997869742102921,0.0022361089941114187,-0.0025358954444527626,0.008042165078222752,0.008888211101293564,-0.01693037711083889,0.0009863695595413446,-0.00297533068805933,0.0019889611285179853,-0.00278128101490438,0.005251400172710419,-0.0024701186921447515,0.0024435585364699364,0.0017920451937243342,-0.004235603380948305,-0.001757538877427578,0.0023103172425180674,-0.0005527784815058112,-0.0012036599218845367,0.01048339158296585,-0.009279731661081314,0.0026293620467185974,0.0034243951085954905,-0.006053756922483444,0.0018047457560896873,0.002929136622697115,-0.004733882378786802,-0.0011679078452289104,0.002295607002452016,-0.0011276989243924618,-0.000514573825057596,-0.0008516349480487406,0.0013662088895216584,0.001857674797065556,-0.001297538634389639,-0.0005601361626759171,-0.0005027326988056302,-0.0015806999290362,0.0020834323950111866,-0.0005127604817971587,-0.0007292488007806242,0.0012420093407854438,0.0005694089340977371,0.00010974344331771135,-0.0006791523192077875,-0.0015921607846394181,-0.000753659987822175,0.0023458204232156277,0.002137844217941165,-0.00016461039194837213,-0.0019732334185391665],[-0.008969475515186787,-0.05744460970163345,0.06741407513618469,0.009192761033773422,-0.008594783022999763,-0.000597977195866406,0.003575769020244479,-0.012436549179255962,0.008860780857503414,0.002048647031188011,-0.003809221088886261,0.0017605745233595371,-0.003995687700808048,-0.006089219823479652,0.010084908455610275,0.0047630490735173225,-0.005296520423144102,0.0005334712332114577,-0.0026006766129285097,-0.00440953578799963,0.007010211702436209,-0.003066128119826317,-0.0027383952401578426,0.0058045233599841595,-0.004406536463648081,-0.004868179559707642,0.009274715557694435,0.002624178770929575,-0.0071543194353580475,0.004530140198767185,-0.0024878305848687887,-0.0005154191749170423,0.0030032494105398655,-0.0018076517153531313,-0.0009806026937440038,0.0027882540598511696,-0.006756759248673916,-0.005736843217164278,0.01249360479414463,-0.0011086007580161095,0.006122131831943989,-0.005013531073927879,-0.0009594595758244395,-0.005187463015317917,0.006146922707557678,-0.00022096955217421055,-0.002269663382321596,0.0024906329344958067,0.0009539735619910061,-0.003713951911777258,0.0027599784079939127,0.0007615271606482565,-0.007305771112442017,0.006544244475662708,-0.0013109788997098804,-0.0016833554254844785,0.002994334092363715,-0.00059232406783849,-0.004248360171914101,0.004840684123337269,0.00032873707823455334,-0.0013278988189995289,0.0009991617407649755,-0.0003504489432089031,0.0007432139827869833,-0.00039276498137041926,-0.0016430430114269257,-0.0007729381322860718,0.0024159809108823538,-0.0007217131787911057,0.0012274796608835459,-0.0005057660164311528,0.0012060742592439055,0.0005054701468907297,-0.001711544580757618,-0.0006760699907317758,0.0024469655472785234,-0.0017708954401314259,0.0018825316801667213,0.0006773305358365178,-0.0025598620995879173,-0.0012141932966187596,0.002977024996653199,-0.001762831467203796],[-0.011713225394487381,0.002520462963730097,0.009192761033773422,0.025128517299890518,-0.009264964610338211,-0.014863554388284683,-0.002468912163749337,0.0025590702425688505,-9.015790419653058e-05,0.0025947210378944874,-0.0043753874488174915,0.001780665828846395,-0.0015958528965711594,-0.009194141253829002,0.010789995081722736,-0.0002819245564751327,0.0013787157367914915,-0.001096791005693376,0.0015288535505533218,-0.0035733222030103207,0.002044468652456999,0.0007260866113938391,-0.0007190529722720385,-7.033580914139748e-06,-0.0003620111383497715,0.0006705166888423264,-0.000308505492284894,7.634231587871909e-05,0.0007675602682866156,-0.000843902351334691,0.0006560565670952201,-0.0015437598340213299,0.0008877033251337707,-0.0010839196620509028,-0.0004415482981130481,0.001525467843748629,-0.00043310204637236893,0.001166138332337141,-0.0007330364896915853,0.0008159155258908868,0.001936399145051837,-0.0027523147873580456,-0.00012235075701028109,0.0011672456748783588,-0.001044894801452756,0.001158478087745607,-0.004262223839759827,0.003103745635598898,-0.0017695564310997725,-0.0007241535931825638,0.0024937097914516926,0.0007078128401190042,0.002918597776442766,-0.003626410383731127,0.001006035367026925,-0.0003086555516347289,-0.000697379931807518,-3.293584450148046e-05,-0.000364827923476696,0.0003977638261858374,-0.0009979922324419022,0.00189554737880826,-0.000897555029951036,0.00017152087821159512,-0.0019240716937929392,0.0017525508301332593,0.0003778923419304192,-0.0007951384177431464,0.0004172460758127272,-0.0006014150567352772,-0.00029881478985771537,0.0009002299630083144,0.0005854388000443578,0.00047085408004932106,-0.0010562930256128311,0.00035498407669365406,8.543724106857553e-05,-0.0004404212813824415,-0.00020892151223961264,-0.0005403559189289808,0.0007492774166166782,0.0008660561870783567,0.0013619690435007215,-0.0022280253469944],[-0.00019784702453762293,0.008792633190751076,-0.008594783022999763,-0.009264964610338211,0.03976941108703613,-0.02950444258749485,-0.0023993614595383406,0.004772950895130634,-0.00237358920276165,0.0010301711736246943,0.0068302396684885025,-0.007860411889851093,2.891268377425149e-05,0.00230806996114552,-0.0023369828704744577,0.00038563809357583523,0.0013494640588760376,-0.0017351021524518728,0.0019491465063765645,0.008301438763737679,-0.010250584222376347,-0.002819663379341364,0.004026446491479874,-0.001206782995723188,-0.000390436383895576,0.005894853267818689,-0.005504416301846504,-0.0017303164349868894,0.004374506883323193,-0.002644190564751625,-0.0002358458878006786,0.0017486020224168897,-0.0015127559890970588,0.004336596000939608,0.004734736867249012,-0.009071332402527332,-0.0014350295532494783,0.0008668918162584305,0.0005681379698216915,0.0017870801966637373,0.00028879393357783556,-0.002075874013826251,0.0005622254684567451,-0.0011644504265859723,0.0006022249581292272,0.0006475603440776467,0.00048295152373611927,-0.0011305115185678005,0.0007873601862229407,-0.0003663409734144807,-0.00042101903818547726,-0.0005682650371454656,0.007691975682973862,-0.00712371151894331,-0.00029435494798235595,-0.0037694936618208885,0.004063848871737719,0.0010040802881121635,-0.0039025573059916496,0.0028984767850488424,-0.0001276323600905016,-0.00015439678099937737,0.0002820291556417942,-0.001523481449112296,-0.0016791686648502946,0.0032026502303779125,0.0005058966926299036,-0.002096479292958975,0.0015905825421214104,-0.0003946758806705475,-0.0016333060339093208,0.0020279819145798683,0.00014402245869860053,0.00019140285439789295,-0.0003354254877194762,-0.0006946075009182096,-0.0010534677421674132,0.0017480752430856228,0.0014815462054684758,0.0011862789979204535,-0.0026678249705582857,0.0005684127099812031,0.0011769202537834644,-0.0017453328473493457],[0.011911071836948395,-0.01131309662014246,-0.000597977195866406,-0.014863554388284683,-0.02950444258749485,0.045367997139692307,0.0048682731576263905,-0.007332021836191416,0.0024637484457343817,-0.003624892793595791,-0.00245485152117908,0.0060797445476055145,0.0015669395215809345,0.006886071525514126,-0.008453012444078922,-0.00010371394455432892,-0.0027281809598207474,0.0028318949043750763,-0.003478000406175852,-0.004728114232420921,0.008206116035580635,0.002093577990308404,-0.0033073904924094677,0.0012138126185163856,0.000752448511775583,-0.006565366871654987,0.005812918767333031,0.001653974293731153,-0.005142065696418285,0.003488091751933098,-0.00042021082481369376,-0.00020484020933508873,0.0006250509177334607,-0.0032526757568120956,-0.004293185193091631,0.007545860018581152,0.001868132734671235,-0.002033029682934284,0.00016489578410983086,-0.0026029967702925205,-0.0022251936607062817,0.004828190430998802,-0.0004398749442771077,-2.7958303689956665e-06,0.00044267065823078156,-0.0018060387810692191,0.0037792716175317764,-0.0019732334185391665,0.0009821956045925617,0.0010904950322583318,-0.002072690287604928,-0.00013954751193523407,-0.01061057299375534,0.010750120505690575,-0.0007116806227713823,0.0040781497955322266,-0.003366469405591488,-0.0009711451712064445,0.004267384763807058,-0.0032962397672235966,0.001125624869018793,-0.0017411517910659313,0.0006155269802547991,0.0013519609346985817,0.0036032414063811302,-0.004955202806740999,-0.0008837903151288629,0.0028916173614561558,-0.002007826929911971,0.0009960904717445374,0.0019321204163134098,-0.0029282113537192345,-0.0007294606184586883,-0.0006622568471357226,0.0013917175820097327,0.00033962365705519915,0.0009680312359705567,-0.0013076548930257559,-0.0012726244749501348,-0.0006459220312535763,0.0019185463897883892,-0.0014344691298902035,-0.0025388896465301514,0.0039733583107590675],[0.003371261293068528,-0.006947028916329145,0.003575769020244479,-0.002468912163749337,-0.0023993614595383406,0.0048682731576263905,0.006515912711620331,-0.0015087580541148782,-0.004007155541330576,-0.0012731475289911032,-0.0008470347383990884,0.0021201823838055134,-0.0010005950462073088,-0.0011522609274834394,0.0021528564393520355,0.00067344174021855,-0.0021529856603592634,0.001479544211179018,-0.0009480195585638285,0.0006120888283476233,0.0003359306720085442,-0.002394998911768198,-0.0019342011073604226,0.004329199902713299,-0.0005733468569815159,-0.004352935589849949,0.004926282446831465,0.0006132941925898194,-0.002164475154131651,0.0015511810779571533,-0.00040608723065815866,0.00012131512630730867,0.00028477207524701953,-0.0005545137100853026,-0.0008794011082500219,0.0014339146437123418,-0.0007162662805058062,-0.0030467978212982416,0.003763064043596387,-0.0009587855311110616,-0.0014366618124768138,0.0023954473435878754,0.0009974801214411855,-0.001772069837898016,0.0007745897164568305,-0.0015683245146647096,-0.0015153134008869529,0.0030836379155516624,0.001667347620241344,-0.001383167109452188,-0.0002841801615431905,0.000540924200322479,-0.0002795660402625799,-0.0002613581018522382,-0.0023360191844403744,0.0005504406872205436,0.001785578322596848,-0.0003637478221207857,0.0001743929460644722,0.0001893548178486526,0.0011368475388735533,-0.0005242190090939403,-0.0006126285879872739,-0.0004615278448909521,0.0006475952686741948,-0.00018606745288707316,-0.00020146710448898375,0.0006058306316845119,-0.0004043634980916977,0.0005956738023087382,0.0008150349021889269,-0.001410708762705326,-0.00018965726485475898,0.00025962135987356305,-6.99640077073127e-05,-0.0011539157712832093,-0.001282519893720746,0.002436435781419277,3.809496411122382e-05,0.0007017443422228098,-0.0007398392772302032,-3.4705939469859004e-05,-0.0010949524585157633,0.0011296584270894527],[-0.005691917613148689,0.018128465861082077,-0.012436549179255962,0.0025590702425688505,0.004772950895130634,-0.007332021836191416,-0.0015087580541148782,0.0210434440523386,-0.018534686416387558,-0.0010774268303066492,0.00490319961681962,-0.0038257732521742582,-0.001010021660476923,0.004580089822411537,-0.003570068394765258,-0.0029397900216281414,0.007514683064073324,-0.00457489350810647,-0.0020439052022993565,-0.00032923484104685485,0.0023731403052806854,0.001240965910255909,0.004496355075389147,-0.005737320985645056,0.0020776884630322456,0.006369557231664658,-0.008447245694696903,-0.0016306715551763773,0.007191796321421862,-0.005561124533414841,0.0012716259807348251,0.0035082055255770683,-0.0047798315063118935,0.00033237680327147245,0.0024977135471999645,-0.002830090466886759,0.004229017533361912,0.006094465032219887,-0.010323482565581799,0.00010849739192053676,0.0022228099405765533,-0.002331307390704751,-0.0009098153095692396,-0.0017146574100479484,0.002624472603201866,-0.00036331990850158036,0.0015171795384958386,-0.0011538596590980887,0.0008643887704238296,-0.0020595230162143707,0.0011951344786211848,-0.0008182005258277059,0.004082034341990948,-0.0032638339325785637,0.0003598380135372281,0.003286580089479685,-0.0036464182194322348,0.0012024946045130491,-0.0031894268468022346,0.001986932475119829,-0.0003453458193689585,0.0008974684751592577,-0.0005521225975826383,-0.0008692306000739336,-0.0002165828482247889,0.0010858135065063834,0.0015000473940744996,-0.001576772890985012,7.672549691051245e-05,-0.0008895178325474262,0.00016605053679086268,0.0007234672666527331,-0.0002759295457508415,0.000671279092784971,-0.00039534951793029904,-0.0016894219443202019,-0.00021393754286691546,0.0019033595453947783,0.0003537496377248317,-0.0007043532095849514,0.00035060360096395016,0.0017902750987559557,0.0010951256845146418,-0.00288540031760931],[0.0023206560872495174,-0.011181436479091644,0.008860780857503414,-9.015790419653058e-05,-0.00237358920276165,0.0024637484457343817,-0.004007155541330576,-0.018534686416387558,0.02354184351861477,0.0023505757562816143,-0.004056164529174566,0.0017055883072316647,0.00201061787083745,-0.0034278281964361668,0.001417210209183395,0.0022663483396172523,-0.00536169670522213,0.003095348598435521,0.0029919245280325413,-0.00028285407461225986,-0.002709070686250925,0.0011540328850969672,-0.0025621536187827587,0.0014081209665164351,-0.0015043410239741206,-0.0020166216418147087,0.003520962316542864,0.0010173775954172015,-0.005027320701628923,0.0040099429897964,-0.0008655387791804969,-0.003629520768299699,0.004495059140026569,0.00022213667398318648,-0.001618312089703977,0.0013961754739284515,-0.003512750379741192,-0.003047667909413576,0.006560418754816055,0.0008502885466441512,-0.0007861496414989233,-6.413907976821065e-05,-8.766501559875906e-05,0.003486726898699999,-0.003399061970412731,0.001931644044816494,-1.868000254034996e-06,-0.0019297755789011717,-0.002531736623495817,0.0034426902420818806,-0.000910953851416707,0.00027727585984393954,-0.003802467603236437,0.00352519191801548,0.0019761810544878244,-0.0038370201364159584,0.0018608391983434558,-0.0008387463167309761,0.003015032736584544,-0.002176286419853568,-0.0007915014866739511,-0.0003732495242729783,0.0011647508945316076,0.0013307586777955294,-0.0004310122749302536,-0.0008997463155537844,-0.0012985806679353118,0.0009709428413771093,0.0003276377683505416,0.0002938439429271966,-0.0009810853516682982,0.0006872413796372712,0.00046558689791709185,-0.000930900452658534,0.0004653134383261204,0.002843337133526802,0.001496457727625966,-0.0043397946283221245,-0.0003918450966011733,2.609565854072571e-06,0.00038923544343560934,-0.0017555691301822662,-1.7310958355665207e-07,0.0017557418905198574],[-0.0024484246969223022,0.0003997764433734119,0.002048647031188011,0.0025947210378944874,0.0010301711736246943,-0.003624892793595791,-0.0012731475289911032,-0.0010774268303066492,0.0023505757562816143,0.004270799923688173,0.0030622321646660566,-0.006333032622933388,-0.0010924669913947582,-0.000358530436642468,0.0014509974280372262,8.334209269378334e-05,0.000508439727127552,-0.0005917818052694201,0.0014940003165975213,0.0007217538659460843,-0.002215753775089979,-5.147032788954675e-05,4.118817741982639e-06,4.735152469947934e-05,0.0005349726998247206,-0.002232761587947607,0.0016977890627458692,0.0002532475918997079,-0.00013538094935938716,-0.00011786667164415121,0.0012364654103294015,-0.0006848462508060038,-0.0005516193341463804,0.0006516350549645722,-0.0008245109347626567,0.00017287612718064338,0.0023980862461030483,-0.002888895571231842,0.0004908093251287937,0.0003449386276770383,-0.0003394206869415939,-5.517991667147726e-06,-0.0004260791465640068,0.0006952273542992771,-0.0002691481786314398,0.0006498106522485614,0.002521102549508214,-0.0031709130853414536,-0.0010259015252813697,-0.0001722439774312079,0.001198145211674273,0.0005940439878031611,-0.00040115765295922756,-0.00019288613111712039,0.0013543420936912298,0.0014583212323486805,-0.0028126633260399103,0.0010619164677336812,-0.0004906583926640451,-0.0005712578422389925,-0.00039469863986596465,-0.0012706952402368188,0.0016653939383104444,0.00012126853107474744,-0.0015746953431516886,0.0014534268993884325,9.723461698740721e-05,-0.0012217091862112284,0.0011244744528084993,-0.0003897094866260886,-0.0001589098828844726,0.0005486193695105612,-4.795364657184109e-05,-7.895164890214801e-05,0.00012690527364611626,0.0005707505042664707,0.0009757339721545577,-0.0015464845346286893,-0.0010892994469031692,-0.001363746589049697,0.0024530459195375443,-0.0002731572021730244,-2.586637856438756e-05,0.0002990235516335815],[-0.002833903767168522,0.006643123924732208,-0.003809221088886261,-0.0043753874488174915,0.0068302396684885025,-0.00245485152117908,-0.0008470347383990884,0.00490319961681962,-0.004056164529174566,0.0030622321646660566,0.03125283122062683,-0.033315062522888184,0.0020812652073800564,0.010191529989242554,-0.012272795662283897,-0.0016751878429204226,0.003537591779604554,-0.001862403703853488,-0.0022448659874498844,0.009821813553571701,-0.007576948497444391,0.000807593809440732,0.008253106847405434,-0.009060700424015522,0.0020730048418045044,0.0009399856207892299,-0.003012989880517125,-0.0032103578560054302,0.0020822477526962757,0.0011281098704785109,-0.0016414844430983067,0.00442584790289402,-0.002784363692626357,0.0008419532678090036,0.004579851403832436,-0.0054218047298491,0.006097088567912579,-0.0002031656913459301,-0.005893923342227936,0.000320656894473359,0.00021068041678518057,-0.0005313371657393873,-0.001950284349732101,0.00029255333356559277,0.00165773113258183,0.0008929531904868782,0.006177360191941261,-0.007070313207805157,-0.0003647469275165349,0.0030241224449127913,-0.002659375546500087,-0.0019769107457250357,0.0045666201040148735,-0.0025897095911204815,0.0012864822056144476,5.609903018921614e-05,-0.0013425813522189856,0.0003062973264604807,-0.0005925956065766513,0.00028629833832383156,-0.0003939253801945597,-0.0016269654734060168,0.002020890824496746,0.00016988144489005208,0.000676957715768367,-0.0008468389860354364,0.0005068660248070955,0.001514944713562727,-0.002021810505539179,-5.046848673373461e-05,-0.00047109939623624086,0.0005215678829699755,6.624043453484774e-05,0.000373151502572,-0.00043939193710684776,-0.000869381707161665,0.0006880203727632761,0.00018136136350221932,7.487658876925707e-05,0.002445612568408251,-0.0025204892735928297,0.0007392250699922442,0.001055382308550179,-0.0017946073785424232],[0.005282328464090824,-0.007042900193482637,0.0017605745233595371,0.001780665828846395,-0.007860411889851093,0.0060797445476055145,0.0021201823838055134,-0.0038257732521742582,0.0017055883072316647,-0.006333032622933388,-0.033315062522888184,0.040648095309734344,-0.0009887975174933672,-0.009832998737692833,0.010821796953678131,0.0015918470453470945,-0.00404603173956275,0.0024541844613850117,0.0007508655544370413,-0.010543568059802055,0.00979270227253437,-0.0007561231032013893,-0.008257224224507809,0.009013348259031773,-0.002607975620776415,0.0012927777133882046,0.0013151976745575666,0.00295711075887084,-0.0019468662794679403,-0.0010102440137416124,0.0004050192073918879,-0.0037410007789731026,0.003335982095450163,-0.0014935880899429321,-0.003755338490009308,0.00524892657995224,-0.00849517434835434,0.0030920624267309904,0.0054031116887927055,-0.0006655951146967709,0.00012874075036961585,0.0005368546117097139,0.0023763636127114296,-0.0009877814445644617,-0.0013885824009776115,-0.0015427636681124568,-0.00869846437126398,0.01024122815579176,0.0013906479580327868,-0.0028518782928586006,0.0014612305676564574,0.0013828668743371964,-0.00416546268388629,0.0027825958095490932,-0.0026408242993056774,-0.0015144206117838621,0.004155244678258896,-0.00136821367777884,0.0010832539992406964,0.0002849594457075,0.0007886242819949985,0.0028976607136428356,-0.0036862846463918686,-0.0002911498013418168,0.0008977382676675916,-0.0006065885536372662,-0.0006041000597178936,-0.0002932363422587514,0.000897336401976645,0.00044017808977514505,0.000630008929874748,-0.0010701871942728758,-1.828644599299878e-05,-0.000294200552161783,0.00031248698360286653,0.00029863137751817703,-0.0016637538792565465,0.0013651225017383695,0.0010144233237951994,-0.0010818664450198412,6.744338315911591e-05,-0.00046606772230006754,-0.0010295172687619925,0.0014955848455429077],[0.002213219180703163,0.001782469917088747,-0.003995687700808048,-0.0015958528965711594,2.891268377425149e-05,0.0015669395215809345,-0.0010005950462073088,-0.001010021660476923,0.00201061787083745,-0.0010924669913947582,0.0020812652073800564,-0.0009887975174933672,0.012774268165230751,-0.006699582561850548,-0.005074686370790005,-0.0006612009601667523,0.0005370080471038818,0.00012419297127053142,-0.00023543360293842852,0.0008173473761416972,-0.0005819139769300818,0.0019779815338552,0.002330425661057234,-0.004308406729251146,0.00022879207972437143,0.000997716560959816,-0.0012265086406841874,-0.0003425440227147192,0.0006095646531321108,-0.00026702083414420485,-0.00038509018486365676,0.0003678891807794571,1.720088766887784e-05,0.0012111577671021223,0.001898245420306921,-0.0031094031874090433,0.0015738869551569223,0.002810707315802574,-0.0043845949694514275,0.0016327106859534979,-0.0006312275072559714,-0.0010014830622822046,-0.001568606006912887,0.0017101084813475609,-0.00014150234346743673,0.0016759303398430347,-0.001597049180418253,-7.888077379902825e-05,-4.004860238637775e-05,0.000580140040256083,-0.00054009142331779,0.0005333917797543108,0.0016455173026770353,-0.0021789090242236853,0.0006473133689723909,-0.0012490624794736505,0.0006017491687089205,0.0005428713047876954,0.0011125488672405481,-0.0016554201720282435,-0.000473057443741709,-0.0004659219994209707,0.0009389794431626797,4.0523402276448905e-05,9.893969399854541e-05,-0.00013946311082690954,-0.0003895078261848539,-0.0011957141105085611,0.0015852219657972455,-0.00035704229958355427,0.0007285051979124546,-0.00037146281101740897,0.00021325383568182588,-0.0008461480611003935,0.0006328942254185677,0.0003124903014395386,-0.0002939828555099666,-1.8507475033402443e-05,-0.00015817083476576954,-0.0007946185069158673,0.0009527893853373826,-5.3380688768811524e-05,0.0009090065723285079,-0.0008556258399039507],[-0.0005099313566461205,0.006599154323339462,-0.006089219823479652,-0.009194141253829002,0.00230806996114552,0.006886071525514126,-0.0011522609274834394,0.004580089822411537,-0.0034278281964361668,-0.000358530436642468,0.010191529989242554,-0.009832998737692833,-0.006699582561850548,0.026056867092847824,-0.018357284367084503,-0.0007272516959346831,0.0019835003186017275,-0.0012562485644593835,-0.0018177162855863571,0.0036837889347225428,-0.0018660726491361856,0.0014276036527007818,0.0069435033947229385,-0.00837110634893179,0.0003456255653873086,0.0034354939125478268,-0.0037811193615198135,-0.0009076555143110454,0.002604348585009575,-0.0016966932453215122,-0.001125554321333766,0.002144942991435528,-0.0010193884372711182,0.0008111943025141954,0.004666831344366074,-0.005478025414049625,0.0028098970651626587,0.002904864028096199,-0.005714761093258858,0.0009661631193011999,-0.0004252766666468233,-0.0005408864235505462,-0.003312524640932679,0.0005114490631967783,0.0028010758105665445,0.0020086239092051983,0.0036897617392241955,-0.005698385648429394,-0.00018342677503824234,0.0009860759600996971,-0.0008026491850614548,-0.0015463692834600806,0.001704613445326686,-0.00015824424917809665,0.0011266556102782488,0.0004950400907546282,-0.001621695701032877,0.001285356585867703,-0.0001672650978434831,-0.0011180911678820848,0.00021687272237613797,-0.001304376288317144,0.0010875036241486669,-7.707491749897599e-05,0.0017690262757241726,-0.0016919513000175357,-0.0006038937135599554,-0.0007382839685305953,0.0013421778567135334,-0.0005278819007799029,0.0005662168259732425,-3.833491064142436e-05,0.00017752169515006244,-0.0005156061379238963,0.0003380844136700034,0.0003514985437504947,0.0015973948175087571,-0.001948893303051591,-0.00010600396490190178,-0.00011259352322667837,0.00021859747357666492,-0.0002199701266363263,0.00143586122430861,-0.0012158912140876055],[-0.0017032885225489736,-0.008381623774766922,0.010084908455610275,0.010789995081722736,-0.0023369828704744577,-0.008453012444078922,0.0021528564393520355,-0.003570068394765258,0.001417210209183395,0.0014509974280372262,-0.012272795662283897,0.010821796953678131,-0.005074686370790005,-0.018357284367084503,0.024431973695755005,0.0013884520158171654,-0.0025205088313668966,0.0011320565827190876,0.0020531518384814262,-0.004501135554164648,0.0024479839485138655,-0.0034055854193866253,-0.009273930452764034,0.012679515406489372,-0.0005744171794503927,-0.004433211404830217,0.005007628817111254,0.001250199624337256,-0.003213912481442094,0.001963712740689516,0.0015106449136510491,-0.0025128317065536976,0.001002187142148614,-0.0020223516039550304,-0.006565074436366558,0.008587425574660301,-0.004383784718811512,-0.005715571343898773,0.01009935699403286,-0.0025988740380853415,0.0010565042030066252,0.00154237006790936,0.004881130997091532,-0.0022215573117136955,-0.0026595741510391235,-0.0036845533177256584,-0.002092712791636586,0.005777265876531601,0.00022347562480717897,-0.0015662156511098146,0.0013427401427179575,0.0010129774454981089,-0.0033501319121569395,0.0023371544666588306,-0.0017739683389663696,0.0007540226215496659,0.0010199456010013819,-0.0018282271921634674,-0.0009452831000089645,0.002773510292172432,0.0002561855362728238,0.0017702975310385227,-0.0020264829508960247,3.655219916254282e-05,-0.0018679657950997353,0.0018314134795218706,0.0009934016270563006,0.0019339976133778691,-0.0029273992404341698,0.0008849238511174917,-0.0012947217328473926,0.0004097978526260704,-0.0003907752688974142,0.001361754722893238,-0.000970979337580502,-0.0006639893399551511,-0.0013034124858677387,0.001967401709407568,0.00026417471235617995,0.0009072124375961721,-0.0011713870335370302,0.00027335056802257895,-0.002344868378713727,0.002071517752483487],[0.0021861770655959845,-0.006949226371943951,0.0047630490735173225,-0.0002819245564751327,0.00038563809357583523,-0.00010371394455432892,0.00067344174021855,-0.0029397900216281414,0.0022663483396172523,8.334209269378334e-05,-0.0016751878429204226,0.0015918470453470945,-0.0006612009601667523,-0.0007272516959346831,0.0013884520158171654,0.0030961360316723585,0.007910127751529217,-0.010006265714764595,0.00034015439450740814,0.001786785083822906,-0.002126939594745636,-0.002089987974613905,-0.0035119974054396152,0.00560198538005352,-0.001376279629766941,-0.0006325115682557225,0.0020087910816073418,0.00016517966287210584,-0.002336949808523059,0.002171770203858614,0.0020195450633764267,0.0021175583824515343,-0.004137103445827961,-0.001437159487977624,-0.0013291970826685429,0.002766356570646167,-0.0034218088258057833,-0.0025542662478983402,0.0059760757721960545,0.003185913898050785,0.00028881675098091364,-0.003474730532616377,0.0015015390235930681,-0.00036825932329520583,-0.0011332801077514887,-0.0009770544711500406,-0.0008606416522525251,0.0018376960651949048,0.0009313158225268126,-0.0009050287771970034,-2.6286928914487362e-05,0.0015832207864150405,-0.0024126190692186356,0.0008293981081806123,-0.0012680486543104053,-0.001803735038265586,0.003071783808991313,-0.0008978746482171118,-0.002500543836504221,0.003398418426513672,0.0005880961543880403,-2.0385487005114555e-06,-0.0005860575474798679,-0.0003631429863162339,-0.0008829182479530573,0.0012460611760616302,-0.0003716480568982661,0.0004687361652031541,-9.70881519606337e-05,0.0005133412196300924,0.00016747495101299137,-0.000680816185194999,-9.651697473600507e-05,-0.0012763214763253927,0.0013728383928537369,-0.0001323446340393275,-0.0007189408061094582,0.0008512854692526162,0.00048275745939463377,-0.001063327887095511,0.0005805704277008772,-0.0006730870809406042,-0.0005934282089583576,0.0012665153481066227],[-0.002480443101376295,0.007776964921504259,-0.005296520423144102,0.0013787157367914915,0.0013494640588760376,-0.0027281809598207474,-0.0021529856603592634,0.007514683064073324,-0.00536169670522213,0.000508439727127552,0.003537591779604554,-0.00404603173956275,0.0005370080471038818,0.0019835003186017275,-0.0025205088313668966,0.007910127751529217,0.013170883059501648,-0.020081011578440666,-0.0018096179701387882,0.0017001692904159427,0.00010944856330752373,0.0003159097395837307,0.004381213802844286,-0.004697123542428017,7.071980508044362e-05,0.0039890604093670845,-0.004059780389070511,-0.001976564060896635,0.004192102700471878,-0.0022155384067445993,0.0020993580110371113,0.0038663430605083704,-0.005965700838714838,-0.0015661318320780993,0.0011044838465750217,0.0004616479272954166,0.0006836424581706524,0.0030305907130241394,-0.003714233171194792,0.002835743362084031,0.0007311255903914571,-0.0035668688360601664,0.00020712088735308498,0.0022149516735225916,-0.00242207245901227,0.0005664693308062851,-0.0018180488841608167,0.001251579844392836,0.00029143219580873847,0.0008140405407175422,-0.001105472561903298,-9.876477997750044e-05,0.0010290885111317039,-0.0009303238475695252,0.0010168934240937233,0.0008532516076229513,-0.0018701450899243355,0.00013658168609254062,-0.0027923081070184708,0.0026557266246527433,-0.00028281257255002856,0.0004464171070139855,-0.0001636045053601265,-0.0006632647127844393,-0.0011756157036870718,0.0018388807075098157,0.001259151380509138,-0.00078177748946473,-0.00047737383283674717,-0.0005921485717408359,-0.0006688747089356184,0.0012610232224687934,-0.0001862030039774254,-0.0014037815853953362,0.0015899845166131854,-0.0010605539428070188,-0.0006629814743064344,0.0017235353589057922,-0.00045003200648352504,-0.0009708523284643888,0.001420884276740253,0.0003057474095840007,0.0017792305443435907,-0.002084977924823761],[0.00029426615219563246,-0.0008277394226752222,0.0005334712332114577,-0.001096791005693376,-0.0017351021524518728,0.0028318949043750763,0.001479544211179018,-0.00457489350810647,0.003095348598435521,-0.0005917818052694201,-0.001862403703853488,0.0024541844613850117,0.00012419297127053142,-0.0012562485644593835,0.0011320565827190876,-0.010006265714764595,-0.020081011578440666,0.031087281182408333,0.0014694632263854146,-0.0034869546070694923,0.0020174914970993996,0.001774079049937427,-0.0008692163391970098,-0.0009048625361174345,0.0013055595336481929,-0.0033565491903573275,0.0020509897731244564,0.0018113846890628338,-0.0018551533576101065,4.376875585876405e-05,-0.004118902143090963,-0.005983900278806686,0.010102802887558937,0.003003290854394436,0.00022471393458545208,-0.003228004090487957,0.002738166833296418,-0.00047632440691813827,-0.0022618428338319063,-0.006021657958626747,-0.0010199419921264052,0.007041599601507187,-0.0017086607404053211,-0.0018466922920197248,0.003555353032425046,0.00041058595525100827,0.0026786895468831062,-0.00308927521109581,-0.0012227481929585338,9.098791633732617e-05,0.0011317599564790726,-0.0014844561228528619,0.0013835299760103226,0.00010092591401189566,0.0002511541242711246,0.0009504834306426346,-0.0012016375549137592,0.0007612928748130798,0.005292851943522692,-0.006054144352674484,-0.00030528297065757215,-0.00044437893666327,0.0007496618782170117,0.001026407117024064,0.002058533951640129,-0.0030849415343254805,-0.0008875037892721593,0.0003130416152998805,0.0005744623485952616,7.880736666265875e-05,0.0005013990448787808,-0.0005802065134048462,0.00028272016788832843,0.002680102363228798,-0.002962822560220957,0.0011928981402888894,0.0013819228624925017,-0.002574821002781391,-3.272551839472726e-05,0.0020341803319752216,-0.002001454820856452,0.0003673394094221294,-0.0011858020443469286,0.0008184626349247992],[0.0012299898080527782,0.0013706873869523406,-0.0026006766129285097,0.0015288535505533218,0.0019491465063765645,-0.003478000406175852,-0.0009480195585638285,-0.0020439052022993565,0.0029919245280325413,0.0014940003165975213,-0.0022448659874498844,0.0007508655544370413,-0.00023543360293842852,-0.0018177162855863571,0.0020531518384814262,0.00034015439450740814,-0.0018096179701387882,0.0014694632263854146,0.015037056058645248,-0.0030525459442287683,-0.010984511114656925,0.0007856718730181456,-0.0016877982998266816,0.0009021265432238579,0.0021715816110372543,0.0007765835616737604,-0.002948164939880371,-0.00019306634203530848,-5.602621240541339e-05,0.0002490925253368914,0.00022555884788744152,-0.002011167583987117,0.0017856084741652012,-0.0003892178647220135,-0.0005987185286357999,0.0009879362769424915,-0.0008099409169517457,-0.0007477922481484711,0.0015577331651002169,-0.0018375619547441602,0.0022575275506824255,-0.00041996565414592624,-0.00027439050609245896,0.0017092167399823666,-0.0014348261756822467,-0.0002671199617907405,0.004114286042749882,-0.0038471664302051067,0.0004055533208884299,0.002169231651350856,-0.0025747851468622684,0.0005420599482022226,-0.0028018292505294085,0.002259769244119525,0.0005174244288355112,0.0004703929298557341,-0.0009878174168989062,0.0003251925518270582,0.0003315652720630169,-0.0006567579112015665,-0.0007820744067430496,0.0007863880600780249,-4.313740646466613e-06,0.001640589558519423,0.0009329926106147468,-0.0025735823437571526,-0.00012597610475495458,-0.0002551748475525528,0.0003811508940998465,-0.0008236398571170866,-0.00017387408297508955,0.000997514114715159,-0.0009086781647056341,-0.0009130541002377868,0.0018217324977740645,0.00039431563345715404,0.0012877484550699592,-0.0016820640303194523,-0.0009490613592788577,-0.0007824640488252044,0.0017315251752734184,0.0003504526393953711,2.1167012164369226e-05,-0.0003716195933520794],[0.001737738843075931,0.0026718005537986755,-0.00440953578799963,-0.0035733222030103207,0.008301438763737679,-0.004728114232420921,0.0006120888283476233,-0.00032923484104685485,-0.00028285407461225986,0.0007217538659460843,0.009821813553571701,-0.010543568059802055,0.0008173473761416972,0.0036837889347225428,-0.004501135554164648,0.001786785083822906,0.0017001692904159427,-0.0034869546070694923,-0.0030525459442287683,0.024340007454156876,-0.020287463441491127,0.0011470603058114648,0.005603081546723843,-0.006750141270458698,0.0015582820633426309,0.004226025193929672,-0.005784306675195694,-0.002725952072069049,-0.0008534266380593181,0.003579378593713045,-0.0016209135064855218,0.003582230769097805,-0.0019613178446888924,-0.0004677959659602493,0.0023661493323743343,-0.001898353104479611,0.0012605872470885515,0.0021593349520117044,-0.003419922199100256,3.0755181796848774e-05,-0.0002464496938046068,0.00021569489035755396,-0.0021715143229812384,0.0005159403081052005,0.0016555743059143424,0.0014806626131758094,0.0014838255010545254,-0.002964487997815013,0.0004897954640910029,0.0027911958750337362,-0.0032809912227094173,-0.0005378577625378966,-0.0017817013431340456,0.002319559222087264,-0.00021078169811517,-0.000597106060013175,0.0008078876999206841,0.0001697121188044548,-0.0011387596605345607,0.0009690475999377668,-0.0007119897054508328,0.001484112348407507,-0.0007721226429566741,0.0014047614531591535,0.0014876562636345625,-0.0028924178332090378,0.0005654008127748966,0.0013911472633481026,-0.001956548308953643,-0.0002995107206515968,-0.000482624105643481,0.0007821348262950778,-0.0005099089466966689,-0.002235572785139084,0.002745481673628092,-0.00042924837907776237,0.00043347873724997044,-4.230299964547157e-06,-0.0007409125100821257,0.002136352937668562,-0.00139544066041708,0.00010887422831729054,-3.402904258109629e-05,-7.48451566323638e-05],[-0.002967728301882744,-0.004042488057166338,0.007010211702436209,0.002044468652456999,-0.010250584222376347,0.008206116035580635,0.0003359306720085442,0.0023731403052806854,-0.002709070686250925,-0.002215753775089979,-0.007576948497444391,0.00979270227253437,-0.0005819139769300818,-0.0018660726491361856,0.0024479839485138655,-0.002126939594745636,0.00010944856330752373,0.0020174914970993996,-0.010984511114656925,-0.020287463441491127,0.03227197751402855,-0.0019327327609062195,-0.00391528382897377,0.00584801658987999,-0.0037298640236258507,-0.005002609919756651,0.008732473477721214,0.002919018268585205,0.0009094519773498178,-0.0038284698966890574,0.0013953536981716752,-0.0015710637671872973,0.000175710505573079,0.0008570143254473805,-0.0017674303380772471,0.0009104164782911539,-0.0004506450495682657,-0.0014115436933934689,0.0018621886847540736,0.001806806307286024,-0.002011077245697379,0.00020427093841135502,0.0024459054693579674,-0.002225159201771021,-0.00022074638400226831,-0.0012135434662923217,-0.005598112009465694,0.006811655126512051,-0.0008953475044108927,-0.004960427992045879,0.005855775438249111,-4.202011041343212e-06,0.004583531059324741,-0.004579328931868076,-0.0003066423814743757,0.00012671318836510181,0.00017992928042076528,-0.0004949056310579181,0.0008071943884715438,-0.0003122886409983039,0.0014940636465325952,-0.0022704999428242445,0.0007764361798763275,-0.0030453514773398638,-0.00242064893245697,0.005466000642627478,-0.00043942456250078976,-0.0011359723284840584,0.001575396629050374,0.0011231506941840053,0.0006564978393726051,-0.0017796484753489494,0.0014185874024406075,0.003148626536130905,-0.004567213822156191,3.493280382826924e-05,-0.0017212268430739641,0.0016862940974533558,0.0016899742186069489,-0.0013538894709199667,-0.00033608480589464307,-0.0004593265475705266,1.2861455616075546e-05,0.00044646498281508684],[7.474824087694287e-05,0.002991382498294115,-0.003066128119826317,0.0007260866113938391,-0.002819663379341364,0.002093577990308404,-0.002394998911768198,0.001240965910255909,0.0011540328850969672,-5.147032788954675e-05,0.000807593809440732,-0.0007561231032013893,0.0019779815338552,0.0014276036527007818,-0.0034055854193866253,-0.002089987974613905,0.0003159097395837307,0.001774079049937427,0.0007856718730181456,0.0011470603058114648,-0.0019327327609062195,0.004137676674872637,0.004262299742549658,-0.007399977184832096,0.0017379859928041697,0.0022772853262722492,-0.004015271086245775,-0.0009438489796593785,0.002615200122818351,-0.001671351375989616,-0.000608839385677129,8.881924441084266e-05,0.0005200200248509645,0.0010837647132575512,0.0025465418584644794,-0.00363030564039