{"epoch":0,"H":[[0.006300571374595165,0.00456167571246624,-0.009862247854471207,-0.0028035680297762156,-0.009871783666312695,0.012675350531935692,0.004413365852087736,-0.00197775149717927,-0.0024356143549084663,-0.0008351884898729622,-0.0032369974069297314,0.004072186071425676,-0.003755132667720318,-0.0071168686263263226,0.010872000828385353,0.0006234675529412925,-0.0030635034199804068,0.0024400358088314533,-0.001230577821843326,-0.002046450274065137,0.0032770284451544285,0.0036580227315425873,0.001341730123385787,-0.004999753553420305,-0.002676505595445633,-0.0014481176622211933,0.004124622792005539,-0.0003956471337005496,-0.0026574654038995504,0.003053112421184778,-0.00041660061106085777,0.00119127263315022,-0.0007746718474663794,-0.0014203551691025496,-0.0046743652783334255,0.006094720214605331,-0.0014039975358173251,4.555763734970242e-05,0.0013584396801888943,-0.000348023691913113,2.276146551594138e-05,0.00032526219729334116,-0.0011434457264840603,-0.00259753898717463,0.003740984946489334,0.0012185354717075825,0.0022514283191412687,-0.0034699635580182076,0.0005769357667304575,-0.00041770481038838625,-0.00015923083992674947,0.0003701817768160254,0.0005388208664953709,-0.0009090026724152267,0.0010188538581132889,-0.0012802592245861888,0.0002614055701997131,-0.0009127205703407526,0.00020841567311435938,0.0007043047808110714,0.001379101537168026,0.0008843069663271308,-0.002263408387079835,-0.00021770202147308737,-0.00044605854782275856,0.0006637605256401002,0.0005363517557270825,-0.002149574225768447,0.0016132222954183817,0.00017394138558302075,-0.0015473852399736643,0.0013734438689425588,0.0014358042972162366,-0.000480030314065516,-0.0009557739831507206,-0.0010546433040872216,0.0003189796698279679,0.0007356635760515928,-0.0008071390329860151,-0.002768217585980892,0.003575356677174568,-0.00017074093921110034,-0.0014002583920955658,0.0015709992730990052],[0.00456167571246624,-0.0022861850447952747,-0.0012754920171573758,-0.004165565595030785,0.006623692344874144,-0.0024581248871982098,-0.0035303495824337006,0.0035687789786607027,-3.8429396227002144e-05,0.0021486554760485888,0.009187537245452404,-0.011336191557347775,0.010937458835542202,0.014725087210536003,-0.02566254325211048,-0.0002638260484673083,0.0002987002662848681,-3.4874246921390295e-05,-0.0007075282046571374,-9.796896483749151e-05,0.0008054971694946289,0.00019441609038040042,0.0025463495403528214,-0.00274076615460217,0.004394254647195339,-0.0016693316865712404,-0.002724922029301524,-0.000791373779065907,-0.0001521880622021854,0.0009435616666451097,-0.001678620115853846,0.0018228207482025027,-0.00014420073421206325,0.0022266239393502474,0.003271521534770727,-0.005498145241290331,0.003186490386724472,-0.0008232459658756852,-0.002363244304433465,-0.0008195550180971622,-0.0011637212010100484,0.001983276568353176,0.0009207996190525591,0.003245412604883313,-0.004166212398558855,-0.0005709677934646606,-0.00413239561021328,0.00470336340367794,0.0012153605930507183,-1.3057608157396317e-05,-0.0012023027520626783,0.0015261037042364478,0.0016766010085120797,-0.003202705178409815,-0.0017313880380243063,0.0003345580189488828,0.0013968294952064753,-0.0003214523021597415,0.00224674423225224,-0.0019252919591963291,-0.00015026750043034554,0.0011030705645680428,-0.0009528028313070536,-0.001616450259461999,-0.0017760379705578089,0.003392488230019808,-0.00018491677474230528,-0.0015998563030734658,0.001784773077815771,0.0006730775348842144,0.0007600699318572879,-0.0014331478159874678,-0.001392975216731429,-0.0013375020353123546,0.002730477135628462,0.002517357002943754,0.0019425391219556332,-0.0044598956592381,0.0008591071818955243,-0.0011134665692225099,0.00025435921270400286,-0.0022633313201367855,0.0014710812829434872,0.0007922500954009593],[-0.009862247854471207,-0.0012754920171573758,0.01213773712515831,0.006969137117266655,0.0032480969093739986,-0.010217233560979366,-0.000883018015883863,-0.0015910235233604908,0.0024740418884903193,-0.001313465996645391,-0.005950539372861385,0.007264005020260811,-0.007182323839515448,-0.00760821346193552,0.014790534973144531,-0.00035964144626632333,0.002764803823083639,-0.0024051624350249767,0.0019381062593311071,0.0021444212179630995,-0.004082527942955494,-0.003852434689179063,-0.003888076404109597,0.007740510627627373,-0.001717747887596488,0.003117447718977928,-0.001399700646288693,0.0011870197486132383,0.002809655386954546,-0.003996674902737141,0.002095220610499382,-0.003014091867953539,0.0009188714320771396,-0.0008062685956247151,0.0014028444420546293,-0.0005965764867141843,-0.001782492850907147,0.0007776896236464381,0.001004803110845387,0.0011675790883600712,0.0011409586295485497,-0.002308537717908621,0.00022265005100052804,-0.0006478715222328901,0.00042522145668044686,-0.0006475708796642721,0.0018809669418260455,-0.0012333961203694344,-0.0017922944389283657,0.00043076183646917343,0.0013615324860438704,-0.0018962861504405737,-0.002215422224253416,0.004111708607524633,0.0007125350530259311,0.0009457020787522197,-0.001658236957155168,0.0012341731926426291,-0.002455158857628703,0.0012209860142320395,-0.0012288328725844622,-0.001987377181649208,0.0032162098214030266,0.0018341518007218838,0.0022220967803150415,-0.004056248813867569,-0.0003514353884384036,0.00374942971393466,-0.0033979942090809345,-0.000847018847707659,0.0007873146096244454,5.970441270619631e-05,-4.2829837184399366e-05,0.001817532698623836,-0.0017747029196470976,-0.001462714048102498,-0.0022615203633904457,0.0037242346443235874,-5.1967683248221874e-05,0.003881683573126793,-0.003829715773463249,0.0024340730160474777,-7.082280353643e-05,-0.0023632503580302],[-0.0028035680297762156,-0.004165565595030785,0.006969137117266655,-0.0018212057184427977,0.015448890626430511,-0.012627684511244297,-0.003995632287114859,-0.00048078340478241444,0.004476416390389204,0.0037387097254395485,0.002995505463331938,-0.006734215654432774,0.005229152739048004,0.0018435465171933174,-0.007072698790580034,-0.0012431553332135081,0.0027461042627692223,-0.0015029488131403923,0.002914063399657607,0.002976152114570141,-0.005890215747058392,-0.0015782766276970506,-0.004658602178096771,0.006236879155039787,0.002839576918631792,0.0006489031366072595,-0.0034884794149547815,-0.00012063374742865562,0.0001619442191440612,-4.1310559026896954e-05,0.00288076582364738,0.0016241134144365788,-0.004504879005253315,0.002505010925233364,0.002246505580842495,-0.004751516506075859,0.002266776980832219,0.0008022595429793,-0.0030690364073961973,0.0014328975230455399,-0.00024352854234166443,-0.0011893690098077059,0.0008590227807871997,0.0009886487387120724,-0.001847671577706933,-0.0007326811901293695,-0.0019228211604058743,0.0026555024087429047,-3.8523510738741606e-05,0.0026277052238583565,-0.002589181764051318,0.0005451607867144048,0.0026587843894958496,-0.0032039452344179153,-0.0005132489604875445,-0.0004199070099275559,0.00093315594131127,0.00028059916803613305,0.0006571256672032177,-0.0009377247770316899,-0.0019941148348152637,-0.0013274631928652525,0.003321577562019229,0.00014086280134506524,-0.00020709657110273838,6.623371155001223e-05,0.0006249393336474895,0.0010823674965649843,-0.001707306713797152,0.00020934561325702816,0.0008861496462486684,-0.0010954953031614423,-0.001534097595140338,0.0007121494272723794,0.0008219478186219931,0.0007333375979214907,0.0006260845111683011,-0.00135942199267447,0.0005369260325096548,0.0016234457725659013,-0.002160371746867895,-0.00012794701615348458,0.0015263657551258802,-0.001398418564349413],[-0.009871783666312695,0.006623692344874144,0.0032480969093739986,0.015448890626430511,0.011785602197051048,-0.026234494522213936,-0.004688919987529516,0.0005659712478518486,0.004122948739677668,-0.006491813808679581,0.016104502603411674,-0.009612688794732094,0.015601923689246178,0.01178742665797472,-0.027389349415898323,-0.00022187433205544949,-0.004920022562146187,0.00514189712703228,-0.004111160058528185,0.00840630754828453,-0.0042951470240950584,0.008326482027769089,0.005862351041287184,-0.014188832603394985,0.00638312753289938,0.003611141350120306,-0.009994268417358398,-0.0018944267649203539,-0.003301232121884823,0.005195658653974533,-0.002840902889147401,0.007468116004019976,-0.0046272133477032185,0.00223869108594954,0.004054599907249212,-0.006293291226029396,0.003685170551761985,0.0038944820407778025,-0.007579652592539787,0.002288466552272439,0.00387514173053205,-0.006163608282804489,0.0015829148469492793,0.002387609565630555,-0.0039705247618258,-0.0025886676739901304,-0.00452440045773983,0.007113068830221891,0.00025747239124029875,-0.001279577729292214,0.001022105454467237,4.316982813179493e-05,0.0021801397670060396,-0.002223309362307191,-0.0028721156995743513,0.0015091171953827143,0.0013629980385303497,-0.0006379955448210239,0.0023481326643377542,-0.0017101370031014085,0.0001609948230907321,-0.00269952486269176,0.00253853015601635,5.3812051191926e-05,0.003837090916931629,-0.003890902968123555,0.002636872697621584,0.005356865935027599,-0.007993738166987896,-4.3227628339082e-05,0.0019059358164668083,-0.0018627080135047436,-0.002102605300024152,0.0005764589295722544,0.0015261464286595583,-0.001676125917583704,0.0014290644321590662,0.00024706125259399414,-0.0016709621995687485,0.0020360713824629784,-0.00036510906647890806,0.000441393960500136,0.0019973618909716606,-0.0024387557059526443],[0.012675350531935692,-0.0024581248871982098,-0.010217233560979366,-0.012627684511244297,-0.026234494522213936,0.03986218199133873,0.008684552274644375,-8.519156835973263e-05,-0.008599361404776573,0.002753103617578745,-0.01910000666975975,0.016346903517842293,-0.020831076428294182,-0.013630976900458336,0.03446204960346222,0.001465031411498785,0.0021739162039011717,-0.003638947382569313,0.0011970946798101068,-0.011382459662854671,0.010185363702476025,-0.006748205050826073,-0.001203747931867838,0.007951956242322922,-0.009222705848515034,-0.0042600445449352264,0.013482749462127686,0.002015060745179653,0.0031392876990139484,-0.005154347978532314,-3.9863516576588154e-05,-0.009092230349779129,0.009132093749940395,-0.004743702709674835,-0.00630110502243042,0.01104480680078268,-0.005951947532594204,-0.00469674076884985,0.010648687370121479,-0.0037213657051324844,-0.003631613217294216,0.007352978922426701,-0.0024419373366981745,-0.003376259934157133,0.005818197503685951,0.00332134822383523,0.006447220221161842,-0.009768567979335785,-0.0002189491642639041,-0.0013481245841830969,0.0015670738648623228,-0.0005883316043764353,-0.004838923923671246,0.005427255295217037,0.003385363845154643,-0.001089210039936006,-0.002296153223142028,0.00035739660961553454,-0.003005256876349449,0.0026478604413568974,0.001833118498325348,0.0040269880555570126,-0.005860107019543648,-0.000194674008525908,-0.0036299945786595345,0.0038246684707701206,-0.00326181179843843,-0.006439232267439365,0.009701043367385864,-0.00016611715545877814,-0.002792085288092494,0.0029582022689282894,0.003636702662333846,-0.0012886077165603638,-0.0023480947129428387,0.0009427890763618052,-0.002055147662758827,0.0011123591102659702,0.0011340357596054673,-0.003659518202766776,0.0025254820939153433,-0.00031344639137387276,-0.003523728111758828,0.003837174503132701],[0.004413365852087736,-0.0035303495824337006,-0.000883018015883863,-0.003995632287114859,-0.004688919987529516,0.008684552274644375,0.0040550995618104935,-0.000320861377986148,-0.0027342387475073338,-0.0029139528051018715,-0.0030823026318103075,0.005996255204081535,-0.0011199545115232468,-0.0011427716817706823,0.0022627259604632854,0.0010091073345392942,4.073415766470134e-05,-0.0010498412884771824,-0.0019629783928394318,-0.0014908220618963242,0.003453800454735756,0.0004958653589710593,0.001315357512794435,-0.001811223104596138,0.00022240911494009197,0.002059133490547538,-0.0022815424017608166,0.0010747724445536733,-0.0009329518652521074,-0.00014182076847646385,-0.0006029410869814456,0.0007521915249526501,-0.00014925046707503498,-0.0011246351059526205,-0.0008166881161741912,0.0019413231639191508,0.0013943047961220145,-0.0012599948095157743,-0.00013430995750240982,9.576184675097466e-05,0.0004500402428675443,-0.0005458021769300103,-0.0018786564469337463,0.00012737431097775698,0.0017512822523713112,0.0017444152617827058,0.0022807917557656765,-0.004025207366794348,0.00017744832439348102,9.888177737593651e-05,-0.00027633007266558707,0.0010403001215308905,-0.0007241331622935832,-0.0003161670174449682,-0.000704335980117321,7.94024090282619e-05,0.0006249335128813982,-0.0015357120428234339,-0.00027861548005603254,0.0018143273191526532,-0.0004928396083414555,-0.00010414810822112486,0.000596987665630877,0.0006323292618617415,0.00039231189293786883,-0.0010246412130072713,4.800528404302895e-05,0.0005650512175634503,-0.0006130564725026488,0.00045954689267091453,-0.0003240041551180184,-0.00013554259203374386,0.0016398894367739558,-0.0006580810877494514,-0.0009818081744015217,-0.0008751340210437775,-0.0003962284536100924,0.001271362416446209,2.2517575416713953e-05,0.00041532673640176654,-0.0004378443118184805,-0.0009176491294056177,-0.0008379686041735113,0.001755617675371468],[-0.00197775149717927,0.0035687789786607027,-0.0015910235233604908,-0.00048078340478241444,0.0005659712478518486,-8.519156835973263e-05,-0.000320861377986148,0.011004099622368813,-0.009683238342404366,0.0022345208562910557,0.007011067122220993,-0.009245588444173336,0.0013841468608006835,0.0058767544105648994,-0.0072609009221196175,-0.0008516240632161498,0.004051616881042719,-0.003199992934241891,-3.0084374884609133e-06,0.0014607993653044105,-0.0014577910769730806,-0.00029773893766105175,0.002068755915388465,-0.0017710166284814477,0.0009072615066543221,0.003410215489566326,-0.0043174768798053265,-5.233037518337369e-05,0.006395621690899134,-0.006343291141092777,-0.0012527825310826302,0.001139619154855609,0.00011316340533085167,0.0009544452768750489,0.0026535741053521633,-0.003608019556850195,0.0023793859872967005,0.00372167956084013,-0.006101065780967474,0.0010059344349429011,0.0008657618309371173,-0.0018716963240876794,-0.0002769568527583033,0.0038325644563883543,-0.0035556075163185596,3.0143302865326405e-05,0.0006596566527150571,-0.0006898000137880445,0.0023867953568696976,-0.002772653941065073,0.00038585887523368,-0.0012220407370477915,0.0014516315422952175,-0.0002295906888321042,-0.0014379604253917933,0.0020618443377316,-0.0006238840869627893,-0.00039575944538228214,0.0012635319726541638,-0.0008677725563757122,-0.0009261089144274592,0.00039850466419011354,0.0005276042502373457,0.0012100531021133065,0.0016948585398495197,-0.0029049119912087917,-0.001904827542603016,-0.001674497383646667,0.003579324809834361,0.0006223448435775936,-0.0011314627481624484,0.0005091179045848548,-0.001166111440397799,-0.0001987480791285634,0.0013648595195263624,0.0027024082373827696,0.0020087789744138718,-0.004711186978965998,0.000730524945538491,-0.0002845411654561758,-0.0004459838673938066,-0.0018840425182133913,0.00010286949691362679,0.0017811731668189168],[-0.0024356143549084663,-3.8429396227002144e-05,0.0024740418884903193,0.004476416390389204,0.004122948739677668,-0.008599361404776573,-0.0027342387475073338,-0.009683238342404366,0.013417486101388931,0.0006794336950406432,-0.003928763791918755,0.003249330446124077,-0.0002641947939991951,-0.004733982961624861,0.0049981772899627686,-0.00015748391160741448,-0.004092351999133825,0.004249835852533579,0.001965986331924796,3.0021416023373604e-05,-0.0019960086792707443,-0.00019812682876363397,-0.003384112846106291,0.0035822398494929075,-0.0011296714656054974,-0.005469349212944508,0.006599020212888718,-0.001022443757392466,-0.005462669767439365,0.006485112942755222,0.0018557221628725529,-0.0018918135901913047,3.609138366300613e-05,0.00017018907237797976,-0.0018368854653090239,0.0016666962765157223,-0.003773691365495324,-0.002461686497554183,0.0062353769317269325,-0.0011016966309398413,-0.001315802219323814,0.0024174987338483334,0.0021556150168180466,-0.003959940280765295,0.0018043251475319266,-0.0017745612422004342,-0.002940449398010969,0.004715010989457369,-0.002564243273809552,0.002673771232366562,-0.00010952781303785741,0.00018174207070842385,-0.0007274987874552608,0.0005457567749544978,0.0021422947756946087,-0.0021412477362900972,-1.046690158545971e-06,0.001931472448632121,-0.000984915066510439,-0.0009465572657063603,0.0014189486391842365,-0.00029435608303174376,-0.0011245924979448318,-0.0018423828296363354,-0.0020871697925031185,0.003929552622139454,0.0018568208906799555,0.0011094457004219294,-0.002966266591101885,-0.001081890775822103,0.0014554666122421622,-0.0003735758364200592,-0.0004737776471301913,0.0008568293997086585,-0.0003830518980976194,-0.0018272739835083485,-0.0016125496476888657,0.003439823631197214,-0.0007530431030318141,-0.0001307862694375217,0.0008838293724693358,0.002801691647619009,0.0007350982632488012,-0.0035367903765290976],[-0.0008351884898729622,0.0021486554760485888,-0.001313465996645391,0.0037387097254395485,-0.006491813808679581,0.002753103617578745,-0.0029139528051018715,0.0022345208562910557,0.0006794336950406432,0.011164236813783646,0.009591523557901382,-0.019755758345127106,0.001738005317747593,-0.001116225030273199,-0.0006217799382284284,-0.0013307963963598013,0.0020788125693798065,-0.000748016289435327,0.004448487423360348,-0.0007821330800652504,-0.0036663557402789593,-0.0006252267048694193,-0.002999895252287388,0.0036251218989491463,0.0016842428594827652,-0.006120616570115089,0.004436373710632324,-0.0017058473313227296,0.0013446504017338157,0.00036119658034294844,0.0033896462991833687,-0.0019473034190014005,-0.0014423420652747154,0.0016210316680371761,-0.0007242037681862712,-0.0008968276670202613,0.0003687824937514961,-0.0075970059260725975,0.007228223606944084,0.001755199977196753,-0.003083891933783889,0.0013286923058331013,0.0024463566951453686,0.0007416250882670283,-0.003187982365489006,-0.001108823111280799,0.0005810128059238195,0.0005278103635646403,0.0016969945281744003,-0.0004251616192050278,-0.0012718327343463898,-0.0012089840602129698,0.0006359664257615805,0.0005730176926590502,0.0009276769706048071,-0.0022161866072565317,0.0012885099276900291,0.0007868967368267477,-0.0002697124145925045,-0.0005171843222342432,-0.0016385378548875451,-0.00021591178665403277,0.0018544496269896626,0.00017841435328591615,-0.0020214796531945467,0.0018430652562528849,-9.276664059143513e-06,-0.0015751902246847749,0.0015844667796045542,3.8635142118437216e-05,-0.001437515253201127,0.0013988800346851349,-0.000920018763281405,0.0008472019108012319,7.281664875335991e-05,0.0020069980528205633,0.000620563980191946,-0.0026275618001818657,6.637844489887357e-05,-0.0015424878802150488,0.0014761094935238361,-0.0005090294289402664,0.0009528693626634777,-0.0004438398755155504],[-0.0032369974069297314,0.009187537245452404,-0.005950539372861385,0.002995505463331938,0.016104502603411674,-0.01910000666975975,-0.0030823026318103075,0.007011067122220993,-0.003928763791918755,0.009591523557901382,0.010398099198937416,-0.018989622592926025,0.004433792550116777,0.006711858790367842,-0.01114565134048462,-0.0008997024269774556,0.0016754607204347849,-0.0007757584098726511,-0.0005169789073988795,0.0055397553369402885,-0.005022776313126087,0.0026018344797194004,0.0010010997066274285,-0.0036029345355927944,0.008185284212231636,0.00040741765405982733,-0.008592700585722923,-0.002391955116763711,0.0010176119394600391,0.0013743434101343155,0.00029692932730540633,0.003898594295606017,-0.004195523913949728,0.0018860467243939638,0.0007486306130886078,-0.0026346775703132153,0.004233549814671278,-0.0029432489536702633,-0.0012903003953397274,0.004642015788704157,0.0015133084962144494,-0.0061553241685032845,0.0008629966177977622,0.0019818167202174664,-0.0028448132798075676,-0.0006932861870154738,0.0019279520493000746,-0.0012346659786999226,0.001266340259462595,-0.001787712099030614,0.0005213717231526971,-6.271060556173325e-05,0.0014998211991041899,-0.0014371104771271348,-6.166112143546343e-05,-0.00047955045010894537,0.0005412116297520697,-0.0005191277014091611,-0.0013226602459326386,0.001841787830926478,-0.0011097444221377373,-0.0011317258467897773,0.0022414701525121927,0.0007344271871261299,0.0014862805837765336,-0.002220707945525646,-0.00013305942411534488,-0.00016134674660861492,0.00029440619982779026,0.0003871980297844857,-0.001195400021970272,0.000808201904874295,-0.0011531603522598743,0.0008203207980841398,0.00033283932134509087,-0.0003696655039675534,-0.00013856502482667565,0.000508230528794229,0.00022450039978139102,0.0010102211963385344,-0.0012347216252237558,-0.00012311403406783938,0.0006930263480171561,-0.0005699123139493167],[0.004072186071425676,-0.011336191557347775,0.007264005020260811,-0.006734215654432774,-0.009612688794732094,0.016346903517842293,0.005996255204081535,-0.009245588444173336,0.003249330446124077,-0.019755758345127106,-0.018989622592926025,0.039745379239320755,-0.006171795539557934,-0.005595632828772068,0.011767429299652576,0.0022304984740912914,-0.0037542725913226604,0.0015237744664773345,-0.003931509796530008,-0.004757623188197613,0.008689132519066334,-0.001976607833057642,0.00199879496358335,-2.21871305257082e-05,-0.009869526140391827,0.005713198333978653,0.004156326875090599,0.004097803495824337,-0.0023622626904398203,-0.0017355411546304822,-0.0036865752190351486,-0.0019512905273586512,0.005637865047901869,-0.0035070781596004963,-2.442707773298025e-05,0.003531506285071373,-0.004602331202477217,0.010540255345404148,-0.005937923677265644,-0.006397216580808163,0.001570585067383945,0.004826631397008896,-0.003309353021904826,-0.002723440993577242,0.006032794713973999,0.0018021068535745144,-0.0025089639239013195,0.0007068573031574488,-0.0029633359517902136,0.0022128757555037737,0.0007504605455324054,0.0012716950150206685,-0.0021357883233577013,0.0008640930755063891,-0.0008660159655846655,0.002695738570764661,-0.0018297226633876562,-0.0002677692100405693,0.0015923712635412812,-0.00132460193708539,0.0027482809964567423,0.0013476376188918948,-0.004095918498933315,-0.0009128421079367399,0.0005351998843252659,0.0003776424564421177,0.00014233597903512418,0.0017365362728014588,-0.0018788722809404135,-0.0004258324333932251,0.0026329150423407555,-0.0022070826962590218,0.002073178067803383,-0.001667522476054728,-0.00040565550443716347,-0.001637331792153418,-0.0004819991299882531,0.002119330922141671,-0.0002908795140683651,0.0005322663928382099,-0.00024138670414686203,0.0006321443361230195,-0.0016458954196423292,0.0010137510253116488],[-0.003755132667720318,0.010937458835542202,-0.007182323839515448,0.005229152739048004,0.015601923689246178,-0.020831076428294182,-0.0011199545115232468,0.0013841468608006835,-0.0002641947939991951,0.001738005317747593,0.004433792550116777,-0.006171795539557934,-0.0073122805915772915,0.023722415789961815,-0.01541012991219759,-0.0005800739163532853,-0.0011028822045773268,0.001682956120930612,0.0008379375794902444,0.0028049012180417776,-0.003642838913947344,0.0016513608861714602,0.0008394672768190503,-0.0024908287450671196,0.004734445363283157,-0.006055085454136133,0.0013206400908529758,-0.0007094868924468756,0.00011431780876591802,0.0005951689672656357,0.0005476326332427561,0.003067709505558014,-0.003615341614931822,0.0015167002566158772,0.0006810327176935971,-0.002197733148932457,0.004167093895375729,-0.0018278753850609064,-0.0023392182774841785,0.000464212876977399,-0.002506658900529146,0.0020424460526555777,0.00048152229283005,0.005041001830250025,-0.005522524006664753,-0.0005055160727351904,0.00020964723080396652,0.00029586884193122387,0.0007779613370075822,0.00018998814630322158,-0.0009679494542069733,9.436116670258343e-05,0.0016588657163083553,-0.0017532268539071083,-0.0008038054220378399,-0.0011563340667635202,0.00196013948880136,0.0007295365212485194,-9.680710354587063e-05,-0.0006327293813228607,-0.0001914915192173794,-0.000431185238994658,0.0006226767436601222,0.00013490418496076018,6.392505019903183e-05,-0.00019882922060787678,-6.0315705923130736e-05,0.0010792281245812774,-0.0010189124150201678,-7.721379370195791e-05,-0.00041885976679623127,0.0004960736259818077,-0.0011708319652825594,0.0002920198021456599,0.0008788119303062558,-2.0519946701824665e-06,-3.3457763493061066e-06,5.3978292271494865e-06,-6.371211929945275e-05,0.00046964018838480115,-0.0004059280327055603,6.198974006110802e-05,0.0006097059231251478,-0.0006716956268064678],[-0.0071168686263263226,0.014725087210536003,-0.00760821346193552,0.0018435465171933174,0.01178742665797472,-0.013630976900458336,-0.0011427716817706823,0.0058767544105648994,-0.004733982961624861,-0.001116225030273199,0.006711858790367842,-0.005595632828772068,0.023722415789961815,3.1423172913491726e-05,-0.022753838449716568,-0.00012472458183765411,0.00045868134475313127,-0.0003339567920193076,-0.0008076431113295257,0.004174776840955019,-0.0033671336714178324,0.0014802971854805946,0.0023153708316385746,-0.0037956680171191692,0.0033125183545053005,-0.003070533974096179,-0.0002419834490865469,0.00018476898549124599,0.0037034032866358757,-0.0038881725631654263,-0.0016435608267784119,0.0009009448694996536,0.0007426157826557755,0.0012836167588829994,0.0013229197356849909,-0.0026065364945679903,0.003207277273759246,-0.001488757086917758,-0.0017185199540108442,0.0008684538770467043,-0.0010172845795750618,0.00014883061521686614,0.0014831430744379759,0.008019666187465191,-0.00950280949473381,-0.001891394262202084,0.0007118533831089735,0.0011795409955084324,0.000959482102189213,-0.0009447963093407452,-1.4685734640806913e-05,-0.0008986900211311877,0.0002805532421916723,0.0006181368371471763,-0.0002254442952107638,0.0008473624475300312,-0.0006219182396307588,0.0014860283117741346,0.0017700111493468285,-0.0032560392282903194,0.00017500185640528798,-0.000220239904592745,4.523809184320271e-05,0.00036020236439071596,0.0015744140837341547,-0.001934616593644023,-0.0009621341596357524,0.00032589430338703096,0.0006362397689372301,6.147718522697687e-06,-0.0004759388684760779,0.00046979106264188886,-0.001689818687736988,0.00016130448784679174,0.0015285139670595527,2.263521309942007e-06,-0.0010931375436484814,0.0010908739641308784,0.00011726186494342983,0.0005616003181785345,-0.0006788622122257948,0.00028890324756503105,-0.0003090639947913587,2.0160747226327658e-05],[0.010872000828385353,-0.02566254325211048,0.014790534973144531,-0.007072698790580034,-0.027389349415898323,0.03446204960346222,0.0022627259604632854,-0.0072609009221196175,0.0049981772899627686,-0.0006217799382284284,-0.01114565134048462,0.011767429299652576,-0.01541012991219759,-0.022753838449716568,0.03916395828127861,0.0007047971012070775,0.0006442000158131123,-0.0013489972334355116,-3.0294686439447105e-05,-0.006979675963521004,0.007009970489889383,-0.0031316597014665604,-0.0031548377592116594,0.0062864976935088634,-0.008046964183449745,0.009125618264079094,-0.0010786548955366015,0.0005247174995020032,-0.0038177212700247765,0.0032930043525993824,0.001095929415896535,-0.0039686523377895355,0.0028727229218930006,-0.002800317946821451,-0.0020039540249854326,0.004804271273314953,-0.007374370936304331,0.0033166310749948025,0.004057738929986954,-0.0013326671905815601,0.0035239439457654953,-0.002191276289522648,-0.0019646661821752787,-0.013060666620731354,0.015025332570075989,0.002396908588707447,-0.0009215001482516527,-0.001475408673286438,-0.0017374437302350998,0.0007548099965788424,0.0009826337918639183,0.000804330047685653,-0.0019394205883145332,0.0011350904824212193,0.0010292504448443651,0.0003089731326326728,-0.001338223577477038,-0.0022155647166073322,-0.0016732023796066642,0.003888766746968031,1.6489502741023898e-05,0.0006514266133308411,-0.0006679160869680345,-0.0004951062146574259,-0.001638337504118681,0.0021334439516067505,0.0010224494617432356,-0.0014051228063181043,0.0003826734609901905,7.106619887053967e-05,0.0008947975584305823,-0.0009658638155087829,0.002860650420188904,-0.00045332335866987705,-0.002407326828688383,-2.1175947040319443e-07,0.001096484251320362,-0.0010962726082652807,-5.3550334996543825e-05,-0.001031240914016962,0.001084791263565421,-0.00035089399898424745,-0.00030064210295677185,0.0006515362183563411],[0.0006234675529412925,-0.0002638260484673083,-0.00035964144626632333,-0.0012431553332135081,-0.00022187433205544949,0.001465031411498785,0.0010091073345392942,-0.0008516240632161498,-0.00015748391160741448,-0.0013307963963598013,-0.0008997024269774556,0.0022304984740912914,-0.0005800739163532853,-0.00012472458183765411,0.0007047971012070775,0.0022724857553839684,-0.0012077395804226398,-6.474682595580816e-05,-0.0008195051923394203,-0.000867829192429781,0.001687334617599845,0.00010046236275229603,0.0006345229339785874,-0.0007349853403866291,-0.0001733227982185781,0.0005469573079608381,-0.00037363450974226,0.0004692396323662251,0.00017338572070002556,-0.000642625498585403,0.0005492806085385382,-0.0006606457754969597,0.0001113652833737433,-0.0014861581148579717,-0.0008167242631316185,0.002302882494404912,-0.0006917132996022701,-0.00033246728708036244,0.0010241804411634803,-5.7379016652703285e-05,-0.0006805857410654426,0.0007379646995104849,0.0006473948596976697,-0.0010645638685673475,0.00041716889245435596,-0.0017545523587614298,0.0021515176631510258,-0.0003969654790125787,0.0005550660425797105,0.0004631080664694309,-0.0010181739926338196,-0.00036833295598626137,0.0017698582960292697,-0.0014015252236276865,0.0005553363007493317,0.0007822733023203909,-0.0013376094866544008,-2.2583808458875865e-05,-0.0003121469053439796,0.0003347307210788131,0.0010909474221989512,-0.00041261903243139386,-0.0006783283315598965,-0.0008694402640685439,-0.00041979950037784874,0.001289239851757884,-0.0002953374059870839,-0.00015359054668806493,0.00044892789446748793,0.0010834741406142712,-0.0002912757045123726,-0.0007921986398287117,0.0013968609273433685,0.0004291666264180094,-0.0018260276410728693,-0.0015562043990939856,-0.0007916175527498126,0.00234782206825912,-0.0003822021826636046,-0.00010939885396510363,0.0004916010657325387,0.00010937568731606007,-0.0021809313911944628,0.0020715557038784027],[-0.0030635034199804068,0.0002987002662848681,0.002764803823083639,0.0027461042627692223,-0.004920022562146187,0.0021739162039011717,4.073415766470134e-05,0.004051616881042719,-0.004092351999133825,0.0020788125693798065,0.0016754607204347849,-0.0037542725913226604,-0.0011028822045773268,0.00045868134475313127,0.0006442000158131123,-0.0012077395804226398,0.007700276095420122,-0.005492537282407284,0.0005916464142501354,-0.001458852901123464,0.0008672064868733287,-0.0012107300572097301,-0.0014363230438902974,0.0026470532175153494,5.424270057119429e-06,-0.001539888558909297,0.0015344640705734491,3.363194991834462e-05,0.0031494772993028164,-0.0031831092201173306,0.0003470199299044907,6.772245978936553e-05,-0.0004147423605900258,-0.00104053458198905,-0.0002615858684293926,0.0013021206250414252,4.3170861317776144e-05,0.0001898008049465716,-0.00023297170992009342,-0.0005152813391759992,0.003339411225169897,-0.002824129769578576,0.0014014685293659568,0.0009843942243605852,-0.002385862870141864,-3.492168616503477e-06,0.0012425341410562396,-0.001239042030647397,0.0016720594139769673,-0.0028645615093410015,0.0011925019789487123,-0.0012610454577952623,0.0005687035154551268,0.0006923420587554574,-0.001767980633303523,-0.0011523959692567587,0.002920376369729638,-0.0004676665412262082,-0.00042315744212828577,0.0008908239542506635,-0.0002451658947393298,0.0008665697532705963,-0.0006214038585312665,-0.00031531372223980725,-0.0004607804585248232,0.0007760942680761218,-0.0010052213910967112,-0.0005597859271802008,0.001565007260069251,0.0008951639174483716,-0.00048757600598037243,-0.0004075878532603383,0.0003132745623588562,-0.00042000561370514333,0.00010673110955394804,0.001532498630695045,-0.0003625263925641775,-0.0011699721217155457,0.00037911717663519084,0.00045005878200754523,-0.0008291759295389056,-0.000936544849537313,-0.0005965944728814065,0.0015331392642110586],[0.0024400358088314533,-3.4874246921390295e-05,-0.0024051624350249767,-0.0015029488131403923,0.00514189712703228,-0.003638947382569313,-0.0010498412884771824,-0.003199992934241891,0.004249835852533579,-0.000748016289435327,-0.0007757584098726511,0.0015237744664773345,0.001682956120930612,-0.0003339567920193076,-0.0013489972334355116,-6.474682595580816e-05,-0.005492537282407284,0.0065572867169976234,0.00022785889450460672,0.002326682209968567,-0.0025545412208884954,0.0011102668941020966,0.0008017985965125263,-0.0019120655488222837,0.00016789534129202366,0.000992929213680327,-0.0011608244385570288,-0.0005028730374760926,-0.003322865115478635,0.0038257380947470665,-0.0008963005966506898,0.0005929229082539678,0.00030337731004692614,0.0025266914162784815,0.0010783077450469136,-0.0036049988120794296,0.0006485400954261422,0.0001426651724614203,-0.0007912054425105453,0.000572657329030335,-0.0026588267646729946,0.0020861695520579815,-0.0020488635636866093,8.016987703740597e-05,0.001968693919479847,0.0017580448184162378,-0.0033940516877919436,0.0016360068693757057,-0.002227124758064747,0.0024014520458877087,-0.00017432737513445318,0.001629379577934742,-0.002338562859222293,0.0007091831648722291,0.0012126453220844269,0.00037012260872870684,-0.0015827678143978119,0.0004902499495074153,0.0007353046094067395,-0.0012255546171218157,-0.0008457819349132478,-0.0004539501096587628,0.0012997318990528584,0.0011847538407891989,0.000880578940268606,-0.0020653328392654657,0.0013005596119910479,0.000713375979103148,-0.002013935474678874,-0.00197863788343966,0.0007788515649735928,0.0011997863184660673,-0.001710135256871581,-9.160430636256933e-06,0.001719295745715499,2.3706525098532438e-05,0.0011541444109752774,-0.001177850877866149,3.085347998421639e-06,-0.0003406608593650162,0.0003375755622982979,0.0008271689875982702,0.0027775252237915993,-0.0036046942695975304],[-0.001230577821843326,-0.0007075282046571374,0.0019381062593311071,0.002914063399657607,-0.004111160058528185,0.0011970946798101068,-0.0019629783928394318,-3.0084374884609133e-06,0.001965986331924796,0.004448487423360348,-0.0005169789073988795,-0.003931509796530008,0.0008379375794902444,-0.0008076431113295257,-3.0294686439447105e-05,-0.0008195051923394203,0.0005916464142501354,0.00022785889450460672,0.004852666053920984,0.00038501055678352714,-0.0042376769706606865,-0.00039150938391685486,-0.0025299310218542814,0.00292144063860178,-0.00015498287393711507,-0.0018882832955569029,0.0020432663150131702,-0.000745314871892333,-0.00015202240319922566,0.0008973372168838978,0.002420914126560092,-0.00047403841745108366,-0.0019468757091090083,0.0011536631500348449,-0.0007837953162379563,-0.00036986765917390585,0.0008845697157084942,-0.0007744322647340596,-0.00011013768380507827,0.0011530716437846422,-0.0020453850738704205,0.0008923129644244909,0.0016711248317733407,0.0007130047888495028,-0.0023841294459998608,-0.0015336513752117753,0.0027564815245568752,-0.0012228304985910654,-0.0004919601487927139,0.00020825928368140012,0.00028370085055939853,-0.0014984947629272938,-0.00017914827913045883,0.0016776430420577526,0.0012345227878540754,0.0006486895144917071,-0.001883212011307478,0.0009758493979461491,-0.000374030030798167,-0.0006018193089403212,-0.000363994506187737,-0.0007431908161379397,0.0011071852641180158,-0.0003460479201748967,-0.001098835957236588,0.0014448838774114847,-5.789184069726616e-05,0.0008032084442675114,-0.0007453165599144995,0.0002181247982662171,-0.00076996476855129,0.0005518399411812425,-0.00019154147594235837,0.0015257233753800392,-0.0013341819867491722,0.00021024647867307067,0.00022790979710407555,-0.0004381563048809767,0.00015821924898773432,-0.00022578201605938375,6.756278162356466e-05,0.00030013348441570997,0.00014710199320688844,-0.0004472354776225984],[-0.002046450274065137,-9.796896483749151e-05,0.0021444212179630995,0.002976152114570141,0.00840630754828453,-0.011382459662854671,-0.0014908220618963242,0.0014607993653044105,3.0021416023373604e-05,-0.0007821330800652504,0.0055397553369402885,-0.004757623188197613,0.0028049012180417776,0.004174776840955019,-0.006979675963521004,-0.000867829192429781,-0.001458852901123464,0.002326682209968567,0.00038501055678352714,0.0036450373008847237,-0.0030300477519631386,0.0007342262542806566,-0.0007619945099577308,2.7768430300056934e-05,0.001786036416888237,-0.00036879981053061783,-0.0014172361698001623,-0.0007794001139700413,-0.0008167554624378681,0.0015961555764079094,-0.0007584741106256843,0.0016010805265977979,-0.0008426065323874354,0.0002482786658219993,0.0008698392193764448,-0.001118117943406105,0.0008901917026378214,-0.0006492288084700704,-0.00024096277775242925,0.004073182586580515,0.002815274056047201,-0.006888457108289003,0.0022110645659267902,-0.0017648589564487338,-0.0004462058423087001,-0.0016912720166146755,0.0007099559879861772,0.0009813158540055156,0.0011658851290121675,-0.0017027473077178001,0.0005368620622903109,-0.0021844685543328524,-0.0011194230755791068,0.003303891746327281,-0.0007799880113452673,0.0007768115028738976,3.1762465368956327e-06,0.0006071203388273716,-0.0013134039472788572,0.0007062836666591465,5.9235804656054825e-05,-0.0003321777912788093,0.0002729420084506273,0.0006962481420487165,0.0012791517656296492,-0.0019753999076783657,-0.0007707233889959753,0.001573379267938435,-0.0008026559371501207,0.0003170417039655149,0.0016246861778199673,-0.0019417278235778213,-0.00025429672678001225,-9.356191731058061e-05,0.0003478586149867624,-0.0007666840683668852,-0.0007956225308589637,0.001562306541018188,0.0002533774822950363,0.00040945629007183015,-0.0006628338014706969,0.00021359325910452753,-0.0017137695103883743,0.0015001763822510839],[0.0032770284451544285,0.0008054971694946289,-0.004082527942955494,-0.005890215747058392,-0.0042951470240950584,0.010185363702476025,0.003453800454735756,-0.0014577910769730806,-0.0019960086792707443,-0.0036663557402789593,-0.005022776313126087,0.008689132519066334,-0.003642838913947344,-0.0033671336714178324,0.007009970489889383,0.001687334617599845,0.0008672064868733287,-0.0025545412208884954,-0.0042376769706606865,-0.0030300477519631386,0.008267725817859173,-0.0003427145420573652,0.003291929140686989,-0.0029492145404219627,-0.0016310525825247169,0.0022570849396288395,-0.0006260325317271054,0.001524715218693018,0.000968778389506042,-0.002493493724614382,-0.0016624393174424767,-0.0011270418763160706,0.002789480611681938,-0.0014019410591572523,-8.604337926954031e-05,0.0014879843220114708,-0.0017747603124007583,0.0014236612478271127,0.0003510983078740537,-0.0052262526005506516,-0.0007698906119912863,0.005996142979711294,-0.003882189281284809,0.0010518536437302828,0.0028303356375545263,0.0032249223440885544,-0.003466438502073288,0.00024151639081537724,-0.000673924689181149,0.0014944860013201833,-0.0008205614285543561,0.003682963317260146,0.0012985710054636002,-0.00498153455555439,-0.00045453535858541727,-0.0014255025889724493,0.0018800378311425447,-0.0015829697949811816,0.0016874338034540415,-0.00010446412488818169,0.0003047595964744687,0.001075367908924818,-0.001380127388983965,-0.0003502000472508371,-0.0001803153718356043,0.0005305155063979328,0.0008286155643872917,-0.002376587362959981,0.0015479718567803502,-0.0005351664731279016,-0.0008547207107767463,0.0013898874167352915,0.00044583817361854017,-0.0014321618946269155,0.0009863236919045448,0.0005564378225244582,0.0005677130538970232,-0.0011241508182138205,-0.00041159638203680515,-0.00018367409938946366,0.0005952705978415906,-0.0005137266707606614,0.0015666672261431813,-0.001052940497174859],[0.0036580227315425873,0.00019441609038040042,-0.003852434689179063,-0.0015782766276970506,0.008326482027769089,-0.006748205050826073,0.0004958653589710593,-0.00029773893766105175,-0.00019812682876363397,-0.0006252267048694193,0.0026018344797194004,-0.001976607833057642,0.0016513608861714602,0.0014802971854805946,-0.0031316597014665604,0.00010046236275229603,-0.0012107300572097301,0.0011102668941020966,-0.00039150938391685486,0.0007342262542806566,-0.0003427145420573652,-0.00124534429050982,0.009663766250014305,-0.007418423891067505,0.0018886503530666232,0.001156941638328135,-0.0030455917585641146,0.0006588302203454077,-0.0012422114377841353,0.0005833813338540494,-4.006098606623709e-05,0.0015976144932210445,-0