{"epoch":0,"H":[[0.023303817957639694,-0.0023182483855634928,-0.01998557150363922,-0.006955832242965698,-0.018448593094944954,0.025404425337910652,0.0037526534870266914,-0.002346321474760771,-0.0014063315466046333,0.002577698789536953,-0.006659884471446276,0.004082187078893185,-0.0038330962415784597,-0.007049597334116697,0.010882692411541939,0.0019497256726026535,-0.002947427798062563,0.0009977021254599094,-0.0013100967044010758,-0.0050039771012961864,0.0063140736892819405,-0.0015327981673181057,-0.0028624776750802994,0.004395275842398405,-0.001971578225493431,-0.001477117883041501,0.0034486958757042885,0.001537912292405963,-0.002795846899971366,0.001257934607565403,0.0030214821454137564,-0.0029884532559663057,-3.302932600490749e-05,-0.0012299860827624798,-0.0026255070697516203,0.0038554933853447437,-0.0040325745940208435,-0.004490203224122524,0.008522777818143368,-0.002203627023845911,0.00023229233920574188,0.0019713344518095255,0.0017878527287393808,0.0008542073192074895,-0.0026420606300234795,-0.0005379634676501155,0.00016606529243290424,0.0003718982916325331,-0.0005319766351021826,-0.0021564210765063763,0.0026883978862315416,-0.0008922877605073154,-0.0009809690527617931,0.0018732569878920913,0.001619165763258934,0.0007089304854162037,-0.002328096656128764,-0.0002967434120364487,0.0005755508318543434,-0.00027880739071406424,-0.0010582427494227886,-0.0012374348007142544,0.002295677550137043,0.00046078304876573384,-0.0004924887325614691,3.17057128995657e-05,-0.00016109061834868044,3.961107722716406e-05,0.00012147956294938922,-0.00032365001970902085,-0.0003852296795230359,0.0007088797283358872,-0.00013704466982744634,0.00020672788377851248,-6.968318484723568e-05,0.000973960617557168,0.0015446617035195231,-0.0025186222046613693,-0.00030081637669354677,0.00014510154142044485,0.00015571490803267807,-0.0009337705560028553,0.000650665897410363,0.0002831045421771705],[-0.0023182483855634928,0.016511105000972748,-0.013192855753004551,-0.006325243506580591,0.018874244764447212,-0.012549000792205334,-0.0021770228631794453,0.005933447740972042,-0.003756424877792597,-0.003203295636922121,0.00536168459802866,-0.0021583896595984697,0.00635644793510437,0.006667078007012606,-0.013023526407778263,0.0004960016813129187,0.00812618900090456,-0.008622190915048122,0.0009535933495499194,0.008856906555593014,-0.009810499846935272,0.0074484399519860744,0.006121254060417414,-0.013569692149758339,0.004818778485059738,0.004453704692423344,-0.009272484108805656,-0.0008336859755218029,6.358511745929718e-05,0.0007701006252318621,-0.002214032458141446,0.0015109303640201688,0.0007031026179902256,0.001867719111032784,-0.0014843754470348358,-0.00038334308192133904,0.005763941910117865,-0.0010139413643628359,-0.004750001709908247,0.004272398538887501,-0.008740909397602081,0.0044685108587145805,-0.0010993432952091098,-0.0012194473529234529,0.0023187908809632063,-1.1073483619838953e-05,0.001913827727548778,-0.0019027539528906345,0.001208678586408496,4.57927817478776e-05,-0.0012544714845716953,-0.0010683599393814802,0.0017971835331991315,-0.0007288234191946685,-0.0005447728326544166,2.9298884328454733e-05,0.0005154740065336227,-0.0007907142280600965,-0.00011746658128686249,0.0009081808384507895,-0.0009881793521344662,0.0006898519350215793,0.0002983273006975651,-0.001218687859363854,0.0012359607499092817,-1.7272948753088713e-05,0.0014122354332357645,-0.00025185919366776943,-0.001160376239567995,0.0004435772425495088,0.0021880820859223604,-0.0026316591538488865,0.001235660631209612,-0.001986927352845669,0.0007512669544667006,-0.0008254936547018588,-0.0010302854934707284,0.001855779206380248,0.0011847197310999036,1.6668025637045503e-05,-0.0012013877276331186,0.0014250098029151559,0.0004357800935395062,-0.0018607897218316793],[-0.01998557150363922,-0.013192855753004551,0.03417842462658882,0.013281075283885002,-0.00042565487092360854,-0.01285541895776987,-0.0015756289940327406,-0.0035871262662112713,0.005162755027413368,0.0006255988264456391,0.0012981983600184321,-0.0019237969536334276,-0.002523355185985565,0.00038251682417467237,0.0021408377215266228,-0.0024457271210849285,-0.0051787616685032845,0.007624489720910788,0.0003565034712664783,-0.003852933645248413,0.0034964298829436302,-0.005915643647313118,-0.0032587777823209763,0.00917442049831152,-0.0028472007252275944,-0.0029765875078737736,0.005823788233101368,-0.0007042264332994819,0.002732260385528207,-0.002028034068644047,-0.0008074491051957011,0.001477521494962275,-0.0006700722733512521,-0.0006377322133630514,0.004109880421310663,-0.0034721484407782555,-0.001731368713080883,0.005504143424332142,-0.003772774478420615,-0.0020687717478722334,0.008508617989718914,-0.006439846940338612,-0.0006885095499455929,0.0003652392188087106,0.0003232703311368823,0.000549037242308259,-0.002079891972243786,0.0015308547299355268,-0.0006767018348909914,0.002110627945512533,-0.001433925935998559,0.001960648223757744,-0.000816214014776051,-0.0011444343253970146,-0.0010743937455117702,-0.0007382301846519113,0.0018126239301636815,0.0010874574072659016,-0.0004580829991027713,-0.0006293746409937739,0.0020464216358959675,0.0005475824582390487,-0.002594004152342677,0.000757905188947916,-0.0007434724830091,-1.4432589523494244e-05,-0.0012511451495811343,0.0002122477744705975,0.0010388975497335196,-0.00011992822692263871,-0.0018028521444648504,0.0019227805314585567,-0.0010986167471855879,0.0017802005168050528,-0.0006815838860347867,-0.00014846702106297016,-0.0005143756279721856,0.0006628427072428167,-0.0008839030633680522,-0.00016176950884982944,0.0010456726886332035,-0.0004912394797429442,-0.0010864452924579382,0.0015776846557855606],[-0.006955832242965698,-0.006325243506580591,0.013281075283885002,0.003781105624511838,0.024614956229925156,-0.02739606238901615,-0.0007867696112953126,0.0012887675547972322,-0.0005019980599172413,0.0015261664520949125,-0.000479514361359179,-0.0010466520907357335,0.0022825507912784815,0.0028150014113634825,-0.005097552202641964,-0.0009436137042939663,0.0002161850279662758,0.0007274287636391819,0.001248604734428227,-0.005067203193902969,0.003818598110228777,0.00018449279014021158,-0.0008716200827620924,0.0006871272344142199,0.00417927885428071,0.0001999567321036011,-0.004379235673695803,-0.0011057715164497495,-0.0009213457233272493,0.002027117181569338,0.00045251502888277173,-0.0035143683198839426,0.003061852650716901,0.0014298200840130448,-0.0006219628266990185,-0.0008078570826910436,0.003257952630519867,0.0011729099787771702,-0.004430862609297037,0.0016620331443846226,-0.0011378552298992872,-0.0005241776816546917,3.215059405192733e-05,-0.0008976301760412753,0.0008654796401970088,-0.00015937892021611333,-0.0006099885213188827,0.0007693675579503179,-0.0006084249471314251,0.0024361717514693737,-0.0018277468625456095,-4.306920163799077e-05,-0.002346315421164036,0.0023893846664577723,-0.0008231762330979109,-0.0005792365991510451,0.0014024128904566169,0.0007691866485401988,-0.0006041813758201897,-0.00016500544734299183,0.0005108931800350547,9.774240606930107e-05,-0.000608635600656271,-0.0005370406433939934,-0.00013942530495114625,0.0006764660938642919,0.0004701978759840131,0.0005419647786766291,-0.001012162771075964,3.218445635866374e-05,0.00035153707722201943,-0.0003837215481325984,0.0005212337709963322,0.000871937139891088,-0.0013931707944720984,-0.0006022726884111762,-0.0016002298798412085,0.002202502451837063,-6.400601705536246e-05,0.0006624900852330029,-0.0005984840681776404,0.0006800576811656356,-0.00027121647144667804,-0.0004088411806151271],[-0.018448593094944954,0.018874244764447212,-0.00042565487092360854,0.024614956229925156,0.03699002414941788,-0.06060497835278511,-0.007186410948634148,0.005664124619215727,0.0015222853980958462,-0.01141482312232256,0.02244596928358078,-0.01103114616125822,0.009511283598840237,0.007958519272506237,-0.017469802871346474,-0.0003674929612316191,0.006082167848944664,-0.00571467587724328,0.004691331181675196,0.02781493589282036,-0.032506268471479416,0.01485415082424879,0.00853385217487812,-0.023388002067804337,0.0029086496215313673,0.008144939318299294,-0.011053589172661304,-0.001915753586217761,0.006702999118715525,-0.00478724529966712,-0.006329371593892574,0.015743013471364975,-0.009413640014827251,0.001139736850745976,0.001627936027944088,-0.0027676732279360294,0.006762808654457331,0.014077391475439072,-0.020840199664235115,0.007050961256027222,-0.0031324527226388454,-0.003918507602065802,-0.0014058800879865885,-0.00031243113335222006,0.0017183114541694522,-0.00022610719315707684,-0.0028117059264332056,0.0030378131195902824,-0.00011946859012823552,0.0011850509326905012,-0.0010655822698026896,0.0010263606673106551,0.0011298030149191618,-0.0021561637986451387,0.00040593219455331564,0.00036267717950977385,-0.0007686092285439372,-0.0007550949230790138,-0.006629833020269871,0.007384927943348885,-0.0004196697846055031,0.0010296208783984184,-0.0006099510937929153,-0.0012670496944338083,0.0019953278824687004,-0.0007282781298272312,0.001133780344389379,0.0008267778903245926,-0.001960558583959937,-0.0008887819712981582,0.0012893101666122675,-0.0004005280788987875,0.0017278030281886458,-0.00018740416271612048,-0.0015403985744342208,-0.0007187321898527443,0.0015895925462245941,-0.000870860181748867,0.0002020004903897643,-0.001954383449628949,0.001752382842823863,0.00031905388459563255,0.0002155044348910451,-0.0005345583194866776],[0.025404425337910652,-0.012549000792205334,-0.01285541895776987,-0.02739606238901615,-0.06060497835278511,0.08900103718042374,0.007973180152475834,-0.006952893920242786,-0.0010202850680798292,0.009888654574751854,-0.02196645364165306,0.012077799066901207,-0.011793836019933224,-0.010773522779345512,0.02256735973060131,0.0013111060252413154,-0.006298356223851442,0.0049872505478560925,-0.00593993766233325,-0.022747734561562538,0.028687670826911926,-0.015038644894957542,-0.007662232965230942,0.022700875997543335,-0.007087930105626583,-0.008344898000359535,0.015432830899953842,0.0030215252190828323,-0.005781654734164476,0.0027601292822510004,0.005876854062080383,-0.012228644452989101,0.0063517894595861435,-0.00256955879740417,-0.0010059729684144258,0.0035755313001573086,-0.01002076268196106,-0.015250299125909805,0.025271059945225716,-0.008712994866073132,0.004270309116691351,0.004442686215043068,0.001373728970065713,0.0012100583408027887,-0.0025837875436991453,0.0003854848037008196,0.0034216949716210365,-0.003807179629802704,0.0007278940174728632,-0.0036212236154824495,0.00289332983084023,-0.0009832921205088496,0.0012165145017206669,-0.00023322191555052996,0.00041724368929862976,0.00021655988530255854,-0.0006338038947433233,-1.4091609045863152e-05,0.007234015502035618,-0.007219923660159111,-9.122362826019526e-05,-0.001127362484112382,0.0012185859959572554,0.0018040904542431235,-0.0018559028394520283,5.1812356105074286e-05,-0.0016039781039580703,-0.0013687412720173597,0.0029727197252213955,0.0008565973257645965,-0.0016408473020419478,0.0007842498598620296,-0.0022490369156003,-0.000684532686136663,0.0029335697181522846,0.0013210042379796505,1.0636751540005207e-05,-0.0013316411059349775,-0.00013799488078802824,0.0012918938882648945,-0.0011538990074768662,-0.000999110983684659,5.5712065659463406e-05,0.0009433987434022129],[0.0037526534870266914,-0.0021770228631794453,-0.0015756289940327406,-0.0007867696112953126,-0.007186410948634148,0.007973180152475834,0.00687172869220376,0.001157467719167471,-0.007029196247458458,0.0007997031207196414,-0.004970431327819824,0.0041707283817231655,-0.000422628247179091,-0.00292216963134706,0.003344797994941473,-7.198750972747803e-05,-0.0010849314276129007,0.001156918820925057,-0.00010935348109342158,-0.0010407522786408663,0.0011501056142151356,-0.0010870236437767744,-0.0011659248266369104,0.0022529487032443285,-0.0004557935462798923,-0.0005778397317044437,0.0010336333652958274,0.0005673676496371627,0.0003340841503813863,-0.000901451800018549,0.0009583947248756886,-0.001344512216746807,0.000386117520974949,0.0004437776515260339,-0.0006009292555972934,0.00015715172048658133,-0.002017681021243334,-0.0030127661302685738,0.005030448082834482,-0.002344127045944333,-0.00018355739302933216,0.0025276842061430216,-0.0005712489946745336,0.00042324684909544885,0.00014800223289057612,0.0007974836626090109,0.0010877561289817095,-0.0018852397333830595,-0.0004293605743441731,-0.00016896388842724264,0.0005983244627714157,0.0007177360239438713,-0.00040711273322813213,-0.0003106234362348914,0.00025151160662062466,0.000729662599042058,-0.0009811741765588522,-0.00026058353250846267,0.0009279027581214905,-0.0006673192838206887,8.216110290959477e-05,-0.0008117605466395617,0.0007295995019376278,0.00017085664148908108,-4.4536980567499995e-05,-0.00012631964636966586,-0.0006673618918284774,-0.0005862304824404418,0.001253592548891902,-0.0007388484664261341,0.0004253772785887122,0.00031347121694125235,0.0006699218647554517,-4.054847522638738e-05,-0.0006293733022175729,-4.59633010905236e-05,0.0009640410426072776,-0.0009180777706205845,-0.00016094380407594144,-0.00036914352676831186,0.0005300873890519142,-0.0006015843246132135,0.0005569601780734956,4.4624030124396086e-05],[-0.002346321474760771,0.005933447740972042,-0.0035871262662112713,0.0012887675547972322,0.005664124619215727,-0.006952893920242786,0.001157467719167471,0.008095931261777878,-0.008253398351371288,0.00015123485354706645,0.004392044618725777,-0.004543279763311148,0.000505599775351584,0.0012066876515746117,-0.0017122874269261956,0.0005066568264737725,0.0054260981269180775,-0.005932754836976528,-0.0006780927651561797,0.002124333754181862,-0.0014462406979873776,7.252168143168092e-05,0.0015761093236505985,-0.0016486309468746185,0.004185183439403772,0.0003654749016277492,-0.004550658632069826,-0.0004584657435771078,0.001229907968081534,-0.0007714420789852738,-0.0023020925000309944,0.0003158767940476537,0.0019862160552293062,-0.00037572230212390423,0.0003884253674186766,-1.2703007087111473e-05,0.0037641054950654507,-0.003389000426977873,-0.0003751053009182215,0.0005183239700272679,-0.0024723834358155727,0.0019540598150342703,-0.0013361629098653793,-0.0016446367371827364,0.0029807998798787594,-0.0011651525273919106,0.0010383347980678082,0.00012681784573942423,0.0009549809619784355,0.001862592063844204,-0.0028175730258226395,9.344908175989985e-05,0.0006119449390098453,-0.000705394078977406,0.0004385093634482473,0.0012506296625360847,-0.0016891391715034842,-0.002231602557003498,-0.0005399434012360871,0.0027715459000319242,0.00047679251292720437,-0.0004727647756226361,-4.027770955872256e-06,-0.0007025534869171679,0.0008441131794825196,-0.00014155975077301264,0.0011598453857004642,-0.0005465493304654956,-0.0006132962880656123,-0.00013191091420594603,0.0038390113040804863,-0.003707100171595812,0.0016809748485684395,-0.0018415048252791166,0.00016053009312599897,-0.0007315714610740542,0.000564133923035115,0.00016743759624660015,0.0008404642576351762,-0.0005232428666204214,-0.00031722153653390706,0.0011773020960390568,-0.001034145476296544,-0.00014315638691186905],[-0.0014063315466046333,-0.003756424877792597,0.005162755027413368,-0.0005019980599172413,0.0015222853980958462,-0.0010202850680798292,-0.007029196247458458,-0.008253398351371288,0.016282591968774796,-0.0009509390220046043,0.0005783859523944557,0.00037255280767567456,-8.297301246784627e-05,0.0017154817469418049,-0.0016325089382007718,-0.0004346697824075818,-0.004341166000813246,0.004775835666805506,0.0007874456932768226,-0.0010835808934643865,0.0002961353166028857,0.001014501554891467,-0.0004101844388060272,-0.0006043171742931008,-0.003729390911757946,0.00021236517932265997,0.0035170260816812515,-0.000108903186628595,-0.0015639924677088857,0.0016728956252336502,0.0013436975423246622,0.0010286353062838316,-0.002372332848608494,-6.805649900343269e-05,0.0002125036553479731,-0.00014444708358496428,-0.0017464252887293696,0.0064017679542303085,-0.00465534208342433,0.0018258020281791687,0.0026559417601674795,-0.004481743089854717,0.0019074119627475739,0.0012213903246447444,-0.00312880240380764,0.00036766863195225596,-0.002126090694218874,0.0017584218876436353,-0.0005256198928691447,-0.0016936279134824872,0.0022192480973899364,-0.0008111853385344148,-0.00020483252592384815,0.001016017864458263,-0.0006900217267684639,-0.001980292145162821,0.002670313697308302,0.0024921856820583344,-0.0003879594733007252,-0.00210422626696527,-0.0005589536158367991,0.0012845250312238932,-0.0007255712989717722,0.0005316967726685107,-0.000799576286226511,0.0002678793971426785,-0.0004924836102873087,0.001132779405452311,-0.0006402956787496805,0.0008707598899491131,-0.00426438869908452,0.0033936286345124245,-0.002350896131247282,0.0018820523982867599,0.0004688437911681831,0.0007775346748530865,-0.0015281751984730363,0.0007506406400352716,-0.000679519958794117,0.0008923867135308683,-0.00021286675473675132,-0.0005757170147262514,0.00047718489076942205,9.85320657491684e-05],[0.002577698789536953,-0.003203295636922121,0.0006255988264456391,0.0015261664520949125,-0.01141482312232256,0.009888654574751854,0.0007997031207196414,0.00015123485354706645,-0.0009509390220046043,0.021902000531554222,-0.007788208778947592,-0.013113793917000294,-0.0014343180228024721,-0.0050199804827570915,0.00645429827272892,0.000613673881161958,0.00031646343995817006,-0.0009301371756009758,0.00010993680916726589,-0.00779249332845211,0.007682556752115488,-0.001454180688597262,-0.0028296730015426874,0.004283853806555271,-0.0008247027872130275,0.00018510298104956746,0.0006395999807864428,-0.0008751602144911885,-0.0015139614697545767,0.002389121800661087,0.002535285195335746,-0.004512908402830362,0.001977622974663973,0.001580501557327807,-0.0014676465652883053,-0.00011285475920885801,-0.0018621624913066626,-0.0027261199429631233,0.0045882826671004295,-0.00012020813301205635,-0.0004906001850031316,0.0006108082598075271,0.0009320398676209152,-0.0003824489831458777,-0.0005495910882018507,-0.0002849146258085966,-0.0018682045629248023,0.002153119072318077,-0.0002768142439890653,-0.0006279194494709373,0.0009047336643561721,2.2620050003752112e-05,-0.0005885547725483775,0.0005659347516484559,-0.0004741281154565513,-0.000795427244156599,0.0012695554178208113,7.669749902561307e-05,0.0010293363593518734,-0.0011060339165851474,-0.0001990913151530549,0.0007941786316223443,-0.000595087360125035,0.0004820212780032307,0.00013467753888107836,-0.00061669887509197,0.0005215838318690658,0.0010491629363968968,-0.0015707467682659626,0.0002063675201497972,0.0010544635588303208,-0.0012608310207724571,-0.0009049071813933551,0.0004525103431660682,0.0004523966636043042,4.072959200129844e-06,-0.0008597038686275482,0.0008556309621781111,0.0003255588235333562,0.00018307726713828743,-0.0005086361197754741,0.0006547188386321068,-0.0014713786076754332,0.0008166598272509873],[-0.006659884471446276,0.00536168459802866,0.0012981983600184321,-0.000479514361359179,0.02244596928358078,-0.02196645364165306,-0.004970431327819824,0.004392044618725777,0.0005783859523944557,-0.007788208778947592,0.019740214571356773,-0.010952007956802845,0.00011797672777902335,0.010077890008687973,-0.010195867158472538,-0.0009723545517772436,0.0013977095950394869,-0.0004253550141584128,0.00029809545958414674,0.014574035070836544,-0.014872130006551743,0.0029936814680695534,0.006901972461491823,-0.009895655326545238,0.004379395395517349,0.0003372168866917491,-0.0047166128642857075,-0.0008601332665421069,0.004278879147022963,-0.0034187459386885166,-0.0036551684606820345,0.009777327999472618,-0.006122160702943802,-0.0009498221916146576,0.0058422149159014225,-0.004892393015325069,0.006191303487867117,0.005464398302137852,-0.011655701324343681,0.0030328361317515373,0.0005698519526049495,-0.003602687967941165,-0.0003846412291750312,0.001164875808171928,-0.0007802344625815749,0.00020834882161580026,0.00010048400145024061,-0.0003088327357545495,-0.00010511047730688006,-0.0005717718740925193,0.000676882395055145,0.0006579079199582338,0.002408863976597786,-0.003066771663725376,0.0013731205835938454,-0.0007156965439207852,-0.0006574239814653993,-0.001094594830647111,-0.00400484399870038,0.005099439062178135,0.00043477772851474583,0.002266086172312498,-0.0027008638717234135,0.00040483532939106226,0.0010543226962909102,-0.0014591580256819725,0.0015459747519344091,0.001121204812079668,-0.002667179796844721,-0.0013386592036113143,0.0021292190067470074,-0.0007905595703050494,-0.001420379034243524,-0.001146677415817976,0.0025670563336461782,-0.0014744456857442856,0.00017642619786784053,0.0012980194296687841,0.0007014686125330627,-0.00017206650227308273,-0.0005294021684676409,0.0011893599294126034,5.624326877295971e-05,-0.001245603198185563],[0.004082187078893185,-0.0021583896595984697,-0.0019237969536334276,-0.0010466520907357335,-0.01103114616125822,0.012077799066901207,0.0041707283817231655,-0.004543279763311148,0.00037255280767567456,-0.013113793917000294,-0.010952007956802845,0.02506580762565136,0.001316342270001769,-0.005057908594608307,0.003741566324606538,0.00035868067061528563,-0.0017141711432486773,0.0013554904144257307,-0.00040803232695907354,-0.006781542208045721,0.007189575117081404,-0.001539501128718257,-0.0040722996927797794,0.005611799657344818,-0.003554693656042218,-0.0005223199259489775,0.004077013581991196,0.001735293073579669,-0.0027649165131151676,0.0010296230902895331,0.001119881635531783,-0.00526442239060998,0.00414454098790884,-0.0006306789582595229,-0.004374568350613117,0.005005246959626675,-0.004329140298068523,-0.002738279290497303,0.007067420519888401,-0.0029126289300620556,-7.925130921648815e-05,0.0029918800573796034,-0.000547397299669683,-0.0007824265048839152,0.001329823862761259,7.656661910004914e-05,0.001767721027135849,-0.0018442876171320677,0.0003819247358478606,0.0011996913235634565,-0.0015816160012036562,-0.0006805268349125981,-0.001820309436880052,0.0025008360389620066,-0.0008989921770989895,0.0015111224493011832,-0.0006121301557868719,0.0010178973898291588,0.002975507639348507,-0.003993404563516378,-0.0002356857294216752,-0.0030602645128965378,0.003295950125902891,-0.0008868565782904625,-0.0011890005553141236,0.002075857250019908,-0.0020675580017268658,-0.0021703685633838177,0.0042379265651106834,0.0011322919744998217,-0.003183681983500719,0.0020513897761702538,0.002325286390259862,0.00069416657788679,-0.0030194525606930256,0.001470373012125492,0.0006832771468907595,-0.0021536501590162516,-0.0010270267957821488,-1.1010444723069668e-05,0.0010380373569205403,-0.0018440780695527792,0.0014151358045637608,0.00042894226498901844],[-0.0038330962415784597,0.00635644793510437,-0.002523355185985565,0.0022825507912784815,0.009511283598840237,-0.011793836019933224,-0.000422628247179091,0.000505599775351584,-8.297301246784627e-05,-0.0014343180228024721,0.00011797672777902335,0.001316342270001769,-0.001399274100549519,0.013487500138580799,-0.011088225990533829,0.0006969260284677148,0.0005986378528177738,-0.0012955638812854886,0.0005694872816093266,0.0021932460367679596,-0.0027627332601696253,0.0005881892284378409,0.0012919275322929025,-0.0018801166443154216,0.0028998202178627253,-0.001715789083391428,-0.001184031367301941,0.0004939519567415118,0.0007402500486932695,-0.0012342019472271204,-0.0005790127906948328,0.0018678042106330395,-0.0012887913035228848,0.00047339533921331167,0.0012445313623175025,-0.0017179265851154923,0.002753135282546282,-0.0024439170956611633,-0.0003092183033004403,0.0017198697896674275,-0.0025627303402870893,0.0008428607252426445,-0.00039429881144315004,-0.0014359888155013323,0.0018302877433598042,-0.0004993201582692564,0.00022904673824086785,0.0002702734200283885,-2.615185803733766e-05,0.00015464116586372256,-0.00012848927872255445,-0.00034420000156387687,-1.8321152310818434e-06,0.0003460321750026196,0.00010453248978592455,0.0018180480692535639,-0.0019225804135203362,0.0002642733743414283,0.0004915903555229306,-0.0007558637298643589,-4.8110930947586894e-05,0.0006622673245146871,-0.0006141563644632697,-0.00024386466247960925,0.0011016622884199023,-0.0008577976259402931,0.00023533000785391778,3.135307633783668e-05,-0.0002666831132955849,-0.0008742100326344371,0.00021620781626552343,0.0006580022745765746,0.00010655674850568175,0.00014487930457107723,-0.00025143599486909807,-0.0002033538039540872,-2.7413509087637067e-05,0.00023076729848980904,0.0008027533767744899,-0.0001879280898720026,-0.00061482546152547,4.337381324148737e-05,0.001203292515128851,-0.0012466663029044867],[-0.007049597334116697,0.006667078007012606,0.00038251682417467237,0.0028150014113634825,0.007958519272506237,-0.010773522779345512,-0.00292216963134706,0.0012066876515746117,0.0017154817469418049,-0.0050199804827570915,0.010077890008687973,-0.005057908594608307,0.013487500138580799,0.0035934934858232737,-0.01608099229633808,0.0003996476298198104,0.001552851521410048,-0.0019524989183992147,0.0001802584301913157,0.008892139419913292,-0.009072397835552692,0.0025022283662110567,0.0047728512436151505,-0.007275080308318138,0.002353935269638896,-0.0025134263560175896,0.00015949062071740627,0.0011139331618323922,0.0033782613463699818,-0.004492194391787052,-0.003926608245819807,0.006570835597813129,-0.0026442266535013914,-0.0005691390251740813,0.004473504144698381,-0.0039043650031089783,0.005918576382100582,0.0007992023602128029,-0.00671777967363596,0.001833995571359992,-0.0023185648024082184,0.00048456923104822636,-0.0009496854618191719,-0.0007099446374922991,0.0016596303321421146,-0.0003155033919028938,-0.0009518432198092341,0.0012673466699197888,0.0009156402084045112,-0.0002668247907422483,-0.0006488155340775847,-0.00045225321082398295,0.002582044107839465,-0.0021297908388078213,0.0010869536781683564,0.0015547884395346045,-0.0026417423505336046,-0.0014989563496783376,-0.0002625221386551857,0.0017614788375794888,0.00020364811643958092,0.0003595950547605753,-0.000563243287615478,0.000284491601632908,0.0011628216598182917,-0.001447313348762691,0.0012718646321445704,-0.0002219903835793957,-0.001049874466843903,-0.0003810123016592115,0.001381004462018609,-0.0009999920148402452,-0.0005627087084576488,-0.0014835373731330037,0.0020462460815906525,-0.0011409737635403872,-0.00037006253842264414,0.0015110364183783531,0.0010314156534150243,-0.00031934294383972883,-0.0007120727677829564,0.00047800556058064103,0.001246533589437604,-0.001724539091810584],[0.010882692411541939,-0.013023526407778263,0.0021408377215266228,-0.005097552202641964,-0.017469802871346474,0.02256735973060131,0.003344797994941473,-0.0017122874269261956,-0.0016325089382007718,0.00645429827272892,-0.010195867158472538,0.003741566324606538,-0.011088225990533829,-0.01608099229633808,0.028169218450784683,-0.0010965735418722034,-0.002151491353288293,0.0032480647787451744,-0.0007497481419704854,-0.011085384525358677,0.011835134588181973,-0.003090419340878725,-0.006064779590815306,0.009155198000371456,-0.0052537573501467705,0.004229216370731592,0.0010245402809232473,-0.0016078862827271223,-0.004118511453270912,0.005726397968828678,0.004505620338022709,-0.008438639342784882,0.003933018073439598,9.574346040608361e-05,-0.005718034692108631,0.005622291471809149,-0.008671712130308151,0.0016447148518636823,0.007026998326182365,-0.0035538687370717525,0.004881294909864664,-0.0013274264056235552,0.001343984971754253,0.002145931124687195,-0.003489916445687413,0.0008148240158334374,0.0007227970636449754,-0.0015376212541013956,-0.0008894880302250385,0.00011218222789466381,0.0007773057441227138,0.0007964534452185035,-0.002580211730673909,0.0017837581690400839,-0.001191487186588347,-0.003372836159542203,0.004564323462545872,0.0012346833245828748,-0.0002290687698405236,-0.0010056144092231989,-0.00015553738921880722,-0.0010218629613518715,0.0011774003505706787,-4.062679363414645e-05,-0.002264483831822872,0.0023051106836646795,-0.0015071954112499952,0.00019063716172240674,0.0013165585696697235,0.0012552221305668354,-0.0015972129767760634,0.0003419907880015671,0.00045615213457494974,0.0013386582722887397,-0.0017948102904483676,0.001344327349215746,0.0003974759893026203,-0.0017418033676221967,-0.0018341690301895142,0.0005072714411653578,0.001326897880062461,-0.0005213793483562768,-0.0024498263373970985,0.0029712053947150707],[0.0019497256726026535,0.0004960016813129187,-0.0024457271210849285,-0.0009436137042939663,-0.0003674929612316191,0.0013111060252413154,-7.198750972747803e-05,0.0005066568264737725,-0.0004346697824075818,0.000613673881161958,-0.0009723545517772436,0.00035868067061528563,0.0006969260284677148,0.0003996476298198104,-0.0010965735418722034,0.0005125958123244345,0.008233404718339443,-0.007745999842882156,0.0018122533801943064,0.0003443081513978541,-0.0021565614733844995,-0.00034835957922041416,-0.0014155835378915071,0.0017639431171119213,-0.000588352617342025,-0.0016973244491964579,0.002285677008330822,-0.0007012601126916707,-0.00013148754078429192,0.0008327477844431996,0.0018616653978824615,-0.00022815725242253393,-0.0016335078980773687,0.000936031574383378,-0.00035381282214075327,-0.0005822186358273029,0.0003613012668211013,-0.0004296691040508449,6.836780812591314e-05,0.001196666737087071,-0.0005808696732856333,-0.0006157966563478112,0.0004138972144573927,0.0015351888723671436,-0.0019490860868245363,0.00010593276238068938,0.0009839897975325584,-0.001089922385290265,-0.00042130553629249334,0.00038990506436675787,3.1400471925735474e-05,-0.00014805443061050028,0.0007823877385817468,-0.0006343332352116704,0.0006463513127528131,6.503697659354657e-05,-0.0007113884203135967,-0.00022056805028114468,-0.0006739970995113254,0.0008945651352405548,-0.00043149717384949327,-0.0006982128834351897,0.001129710115492344,0.0006697625503875315,-5.299045005813241e-05,-0.00061677215853706,0.00012914092803839594,-0.00037364623858593404,0.0002445052668917924,-0.00045681867050006986,-0.0004414655559230596,0.000898284197319299,-0.00013479194603860378,0.0004155519127380103,-0.0002807599666994065,0.0008795608300715685,0.0011436680797487497,-0.0020232289098203182,-3.05979629047215e-05,0.00015331426402553916,-0.00012271630112081766,-0.001001792261376977,0.0003106668300461024,0.0006911254022270441],[-0.002947427798062563,0.00812618900090456,-0.0051787616685032845,0.0002161850279662758,0.006082167848944664,-0.006298356223851442,-0.0010849314276129007,0.0054260981269180775,-0.004341166000813246,0.00031646343995817006,0.0013977095950394869,-0.0017141711432486773,0.0005986378528177738,0.001552851521410048,-0.002151491353288293,0.008233404718339443,0.004487182013690472,-0.011720583774149418,0.0006376145756803453,0.002765688579529524,-0.00340330321341753,0.000788917182944715,0.00254321051761508,-0.0033321278169751167,0.0005938200047239661,0.003079146146774292,-0.0036729665007442236,-0.0005580052966251969,0.0027284203097224236,-0.002170414896681905,-0.001197676989249885,0.0016777502605691552,-0.00048007327131927013,5.8365665609017015e-05,0.0012733486946672201,-0.0013317143311724067,0.0018477130215615034,0.0006970810936763883,-0.0025447942316532135,0.0026307746302336454,-0.0033873554784804583,0.0007565810810774565,-0.00033101605367846787,-0.00024151035177055746,0.0005725264782086015,-0.000399081502109766,4.25481703132391e-05,0.00035653344821184874,-0.000809241202659905,0.0015923737082630396,-0.0007831325056031346,-0.0002813592436723411,0.0011963405413553119,-0.0009149812976829708,0.0001760963350534439,0.000271292170509696,-0.0004473885055631399,0.00016205705469474196,-0.00025710309273563325,9.504605986876413e-05,-0.0002745371311903,-0.0005843656836077571,0.0008589028147980571,0.00010607740114210173,9.755781502462924e-05,-0.00020363519433885813,-3.125701914541423e-05,-1.9589700968936086e-05,5.084672011435032e-05,-0.0003426579642109573,0.0018510821973904967,-0.0015084242913872004,0.0012718180660158396,-0.0011909101158380508,-8.090795745374635e-05,0.00047922658268362284,0.0004983422113582492,-0.000977568794041872,0.0004425888182595372,0.0018868595361709595,-0.002329448238015175,6.401626887964085e-05,-0.002268322743475437,0.002204306423664093],[0.0009977021254599094,-0.008622190915048122,0.007624489720910788,0.0007274287636391819,-0.00571467587724328,0.0049872505478560925,0.001156918820925057,-0.005932754836976528,0.004775835666805506,-0.0009301371756009758,-0.0004253550141584128,0.0013554904144257307,-0.0012955638812854886,-0.0019524989183992147,0.0032480647787451744,-0.007745999842882156,-0.011720583774149418,0.020466580986976624,-0.0024498682469129562,-0.003109996672719717,0.005559864919632673,-0.00044055789476260543,-0.0011276262812316418,0.0015681842342019081,-5.4674455896019936e-06,-0.0013818214647471905,0.0013872891431674361,0.001259265118278563,-0.0025969319976866245,0.0013376667629927397,-0.000663988699670881,-0.0014495939249172807,0.002113582333549857,-0.0009943973273038864,-0.0009195359307341278,0.0019139330834150314,-0.002209013095125556,-0.0002674112329259515,0.0024764244444668293,-0.003827441483736038,0.003968225792050362,-0.0001407848612871021,-8.288190292660147e-05,-0.001293677487410605,0.0013765593757852912,0.00029314865241758525,-0.0010265373857691884,0.0007333887624554336,0.0012305466225370765,-0.001982278423383832,0.0007517316844314337,0.0004294131649658084,-0.001978727988898754,0.001549314707517624,-0.0008224475895985961,-0.00033632887061685324,0.0011587765766307712,5.8510544477030635e-05,0.0009311002213507891,-0.0009896107949316502,0.0007060341886244714,0.0012825790327042341,-0.0019886132795363665,-0.0007758404826745391,-4.456761234905571e-05,0.00082040810957551,-9.788383613340557e-05,0.0003932364343199879,-0.0002953525981865823,0.0007994762854650617,-0.0014096166705712676,0.000610140326898545,-0.0011370263528078794,0.0007753588142804801,0.0003616673348005861,-0.0013587877620011568,-0.0016420107567682862,0.003000798635184765,-0.0004119906516280025,-0.0020401738584041595,0.0024521644227206707,0.000937775825150311,0.0019576556514948606,-0.0028954315930604935],[-0.0013100967044010758,0.0009535933495499194,0.0003565034712664783,0.001248604734428227,0.004691331181675196,-0.00593993766233325,-0.00010935348109342158,-0.0006780927651561797,0.0007874456932768226,0.00010993680916726589,0.00029809545958414674,-0.00040803232695907354,0.0005694872816093266,0.0001802584301913157,-0.0007497481419704854,0.0018122533801943064,0.0006376145756803453,-0.0024498682469129562,0.00860560405999422,0.014874769374728203,-0.022480374202132225,0.0014522175770252943,-0.0007581752724945545,-0.0006940424209460616,0.00018869710038416088,-0.002607016358524561,0.002418318996205926,0.0007943469099700451,0.000842250301502645,-0.00163659721147269,0.0017487755976617336,0.0005105229211039841,-0.0022592986933887005,-0.00025997316697612405,-0.0006375417578965425,0.0008975148084573448,0.0008727074600756168,-0.0006114307325333357,-0.0002612765529192984,0.0031167110428214073,0.0010791432578116655,-0.004195853602141142,0.0005112604121677577,-0.0012900902656838298,0.0007788297953084111,-0.0010071033611893654,0.0013149171136319637,-0.0003078135778196156,-0.00014429711154662073,0.001564264064654708,-0.0014199669240042567,0.00018620642367750406,0.0022008076775819063,-0.002387014217674732,-7.298884884221479e-05,0.00010698629193939269,-3.3997464925050735e-05,-0.0012112458935007453,-0.0008598260465078056,0.00207107188180089,1.926130789797753e-05,2.889428287744522e-05,-4.815560532733798e-05,-0.0003440427826717496,0.00042620848398655653,-8.216570131480694e-05,0.000973650545347482,0.0006493005785159767,-0.0016229513566941023,-0.00017913035117089748,0.000498561654239893,-0.000319431273965165,0.00012198559852549806,0.0005702088237740099,-0.0006921943859197199,1.8680068023968488e-05,0.00027697940822690725,-0.0002956594689749181,0.0005448548472486436,0.00044401566265150905,-0.0009888705099001527,0.0003438703715801239,0.0002291476703248918,-0.0005730181001126766],[-0.0050039771012961864,0.008856906555593014,-0.003852933645248413,-0.005067203193902969,0.02781493589282036,-0.022747734561562538,-0.0010407522786408663,0.002124333754181862,-0.0010835808934643865,-0.00779249332845211,0.014574035070836544,-0.006781542208045721,0.0021932460367679596,0.008892139419913292,-0.011085384525358677,0.0003443081513978541,0.002765688579529524,-0.003109996672719717,0.014874769374728203,0.01334426086395979,-0.02721903659403324,0.0011983076110482216,0.007447007577866316,-0.00864531472325325,-0.0016274179797619581,0.005907942075282335,-0.004280524794012308,0.0004037567996419966,0.00539461150765419,-0.005798368714749813,-0.002474286826327443,0.013664272613823414,-0.011189986020326614,-0.001715515274554491,0.006375421304255724,-0.0046599069610238075,0.004196686204522848,0.008245442993938923,-0.012442129664123058,0.006980548147112131,-0.0005098655819892883,-0.006470681633800268,-0.0007579418597742915,-0.002528686774894595,0.003286628983914852,-0.0011942473938688636,0.00014302285853773355,0.0010512246517464519,0.0005870426539331675,0.0016539448406547308,-0.0022409872617572546,0.0006546111544594169,0.002533236751332879,-0.003187847789376974,-0.0003180924104526639,0.0007145978743210435,-0.0003965054638683796,-0.0024250969290733337,-0.0029555405490100384,0.005380637478083372,-2.901599509641528e-05,0.0020403496455401182,-0.002011333592236042,0.00019538974447641522,0.0016353895189240575,-0.0018307792488485575,0.0019050226546823978,0.0008420183439739048,-0.002747041406109929,-0.0003017664421349764,-0.0006774791399948299,0.0009792456403374672,-0.0009014983661472797,-0.000733252614736557,0.0016347509808838367,0.0002293355209985748,0.0015122693730518222,-0.0017416049959138036,0.0013283425942063332,-0.0002594012184999883,-0.001068941317498684,0.0006268996512517333,0.0006484732730314136,-0.001275372807867825],[0.0063140736892819405,-0.009810499846935272,0.0034964298829436302,0.003818598110228777,-0.032506268471479416,0.028687670826911926,0.0011501056142151356,-0.0014462406979873776,0.0002961353166028857,0.007682556752115488,-0.014872130006551743,0.007189575117081404,-0.0027627332601696253,-0.009072397835552692,0.011835134588181973,-0.0021565614733844995,-0.00340330321341753,0.005559864919632673,-0.022480374202132225,-0.02721903659403324,0.05069940537214279,-0.0026505226269364357,-0.0066888295114040375,0.009339353069663048,0.001438722712919116,-0.0033009254839271307,0.001862203236669302,-0.0011981031857430935,-0.006236860994249582,0.007434964179992676,0.0007255133241415024,-0.014174794778227806,0.013449280522763729,0.0019754881504923105,-0.005737879313528538,0.003762391395866871,-0.005069390404969454,-0.007634009700268507,0.012703401036560535,-0.010097254067659378,-0.0005692781414836645,0.010666532441973686,0.00024668138939887285,0.003818775061517954,-0.004065456334501505,0.0022013515699654818,-0.0014579383423551917,-0.00074341322761029,-0.00044274574611335993,-0.0032182070426642895,0.0036609529051929712,-0.0008408176363445818,-0.004734043963253498,0.005574862007051706,0.00039108062628656626,-0.0008215847192332149,0.00043050426756963134,0.00363634224049747,0.0038153668865561485,-0.007451709359884262,9.754876373335719e-06,-0.0020692443940788507,0.0020594894886016846,0.0001486528926761821,-0.0020615970715880394,0.0019129442516714334,-0.002878674305975437,-0.001491317991167307,0.004369992762804031,0.0004808969097211957,0.0001789162342902273,-0.0006598131149075925,0.000779512629378587,0.00016304297605529428,-0.0009425555472262204,-0.0002480155962985009,-0.0017892485484480858,0.002037264173850417,-0.0018731981981545687,-0.00018461438594385982,0.0020578131079673767,-0.0009707698482088745,-0.0008776214090175927,0.0018483912572264671],[-0.0015327981673181057,0.0074484399519860744,-0.005915643647313118,0.00018449279014021158,0.01485415082424879,-0.015038644894957542,-0.0010870236437767744,7.252168143168092e-05,0.001014501554891467,-0.001454180688597262,0.0029936814680695534,-0.001539501128718257,0.0005881892284378409,0.0025022283662110567,-0.003090419340878725,-0.00034835957922041416,0.000788917182944715,-0.00044055789476260543,0.0014522175770252943,0.0011983076110482216,-0.0026505226269364357,0.005184995010495186,0.0059598274528980255,-0.010144823230803013,-0.00013699071132577956,-0.00044145924039185047,0.0005784500972367823,0.00010452852438902482,0.0012822699500247836,-0.0013867984525859356,-0.0005848623113706708,0.0022273832000792027,-0.0016425210051238537,-4.85