{"epoch":0,"H":[[0.0009482975583523512,-0.00022046570666134357,0.0002721682540141046,-3.749048846657388e-05,7.487095717806369e-05,-3.7380465073511004e-05,4.516629269346595e-05,-9.02337851584889e-05,4.506748155108653e-05,-3.0753879400435835e-05,6.136470619821921e-05,-3.061082315980457e-05,3.446608388912864e-05,-6.876952829770744e-05,3.4303437132621184e-05,3.89856613765005e-05,-7.79020701884292e-05,3.891639062203467e-05,-2.6555624572210945e-05,5.298138057696633e-05,-2.6425750547787175e-05,2.975975257868413e-05,-5.9372341638663784e-05,2.9612592697958462e-05,1.3943336853117216e-05,-2.7832666091853753e-05,1.3889328329241835e-05,3.609043778851628e-05,-7.200902473414317e-05,3.59185942215845e-05,-2.4575067072873935e-05,4.893855293630622e-05,-2.4363484044442885e-05,2.74322501354618e-05,-5.4863630793988705e-05,2.7431375201558694e-05,1.2911086741951294e-05,-2.5710069166962057e-05,1.279898606298957e-05,1.712450830382295e-05,-3.417697735130787e-05,1.7052472685463727e-05,9.499266525381245e-06,-1.8982249457621947e-05,9.482982022746e-06,-7.021282726782374e-06,1.4038825611351058e-05,-7.0175437940633856e-06,6.198342362040421e-06,-1.2367470844765194e-05,6.169128482724773e-06,-8.219183655455709e-06,1.6387173673138022e-05,-8.167990927177016e-06,9.869771133708127e-08,-1.9737808543141e-07,9.868037409432873e-08,3.418939741095528e-06,-6.839879006292904e-06,3.4209394925710512e-06,-7.3593782872194424e-06,1.4713345990458038e-05,-7.3539667937438935e-06,-5.261841806714074e-07,1.0524779554543784e-06,-5.262937179395522e-07,-1.333243972112541e-06,2.670989942998858e-06,-1.3377461982599925e-06,5.336158210411668e-06,-1.0641741027939133e-05,5.305583727022167e-06,-1.993349997064797e-06,3.980580004281364e-06,-1.9872302345902426e-06,-7.85121017088386e-07,1.5685805010434706e-06,-7.834594839550846e-07,-2.078107172565069e-06,4.158250703767408e-06,-2.0801430764549877e-06,-2.8544493488880107e-06,5.7187835409422405e-06,-2.864334874175256e-06],[-0.00022046570666134357,0.0014390443684533238,-0.00021857864339835942,7.466007809853181e-05,-0.0001491010480094701,7.444096991093829e-05,-8.994600648293272e-05,0.00017969524196814746,-8.974924276117235e-05,6.124451465439051e-05,-0.0001222041464643553,6.095962817198597e-05,-6.863714952487499e-05,0.00013695040252059698,-6.831326027167961e-05,-7.763762550894171e-05,0.0001551373425172642,-7.749968790449202e-05,5.288393367663957e-05,-0.00010550925799179822,5.2625306125264615e-05,-5.926477024331689e-05,0.00011823647218989208,-5.897170922253281e-05,-2.7767322535510175e-05,5.54270955035463e-05,-2.7659772968036123e-05,-7.187195296864957e-05,0.00014340165944304317,-7.152973557822406e-05,4.893979348707944e-05,-9.745824354467914e-05,4.851844278164208e-05,-5.4629723308607936e-05,0.00010925769311143085,-5.462797707878053e-05,-2.571166623965837e-05,5.1200091547798365e-05,-2.5488425308139995e-05,-3.410242061363533e-05,6.806138117099181e-05,-3.3958964195335284e-05,-1.8917231500381604e-05,3.780203405767679e-05,-1.888480255729519e-05,1.3982458767713979e-05,-2.795747059280984e-05,1.3975012734590564e-05,-1.234364026458934e-05,2.4629103791085072e-05,-1.2285463526495732e-05,1.6368003343814053e-05,-3.2634059607516974e-05,1.626605626370292e-05,-1.9655971073007095e-07,3.930848606614745e-07,-1.9652520677482244e-07,-6.808616490161512e-06,1.3621213838632684e-05,-6.812598257965874e-06,1.465575405745767e-05,-2.930073424067814e-05,1.4644978364231065e-05,1.0478569265615079e-06,-2.0959319044777658e-06,1.048074977916258e-06,2.6550644633971388e-06,-5.319094270817004e-06,2.6640304895408917e-06,-1.0626643415889703e-05,2.119240161846392e-05,-1.0565756383584812e-05,3.969623776356457e-06,-7.927060323709156e-06,3.9574370021000504e-06,1.5635195040886174e-06,-3.123730266452185e-06,1.5602106486767298e-06,4.1384128053323366e-06,-8.280880138045177e-06,4.14246733271284e-06,5.684454663423821e-06,-1.1388594430172816e-05,5.704140676243696e-06],[0.0002721682540141046,-0.00021857864339835942,0.0009464104659855366,-3.716958235600032e-05,7.423006172757596e-05,-3.706049392349087e-05,4.477969559957273e-05,-8.946143498178571e-05,4.4681735744234174e-05,-3.04906461678911e-05,6.083945481805131e-05,-3.034881410712842e-05,3.417105835978873e-05,-6.818085967097431e-05,3.400980494916439e-05,3.8651953218504786e-05,-7.72352286730893e-05,3.85832718166057e-05,-2.6328309104428627e-05,5.252786650089547e-05,-2.619955012050923e-05,2.950502857856918e-05,-5.8864148741122335e-05,2.9359127438510768e-05,1.3823978406435344e-05,-2.759441122179851e-05,1.3770433724857867e-05,3.5781500628218055e-05,-7.13926347089e-05,3.561113408068195e-05,-2.4364720957237296e-05,4.8519672418478876e-05,-2.4154949642252177e-05,2.719744406931568e-05,-5.439402229967527e-05,2.7196580049348995e-05,1.2800572221749462e-05,-2.5490004190942273e-05,1.268943196919281e-05,1.6977919585769996e-05,-3.388441837159917e-05,1.690649878582917e-05,9.417964065505657e-06,-1.8819784600054845e-05,9.401819625054486e-06,-6.961169674468692e-06,1.3918632248532958e-05,-6.957462574064266e-06,6.14528835285455e-06,-1.2261612937436439e-05,6.116324584581889e-06,-8.148826054821257e-06,1.6246896848315373e-05,-8.098071702988818e-06,9.785838983589201e-08,-1.9569961295928806e-07,9.784122312339605e-08,3.3896760669449577e-06,-6.781333922845079e-06,3.3916585380211473e-06,-7.296383046195842e-06,1.4587403711630031e-05,-7.291018846444786e-06,-5.21674564879504e-07,1.0434577006890322e-06,-5.217830789661093e-07,-1.3218254935054574e-06,2.6481143322598655e-06,-1.3262891798149212e-06,5.290483386488631e-06,-1.0550654224061873e-05,5.2601708375732414e-06,-1.9762799183808966e-06,3.946492142858915e-06,-1.9702126792253694e-06,-7.783980890962994e-07,1.5551487422271748e-06,-7.767507099742943e-07,-2.0603117718565045e-06,4.122642167203594e-06,-2.062330167973414e-06,-2.8300134999881266e-06,5.669827714882558e-06,-2.839814442268107e-06],[-3.749048846657388e-05,7.466007809853181e-05,-3.716958235600032e-05,0.0006609721458517015,-0.0004757663409691304,0.0008147942717187107,-3.061920506297611e-05,6.117143493611366e-05,-3.055222623515874e-05,3.549117536749691e-05,-7.081724470481277e-05,3.532607661327347e-05,0.00010677187674446031,-0.00021303986432030797,0.00010626801667967811,-2.6430268917465582e-05,5.2813578804489225e-05,-2.6383306249044836e-05,3.0647639505332336e-05,-6.114539428381249e-05,3.0497754778480157e-05,9.220366337103769e-05,-0.00018395137158222497,9.174771548714489e-05,3.1864965421846136e-05,-6.360650149872527e-05,3.1741539714857936e-05,-2.4457804101984948e-05,4.8799149226397276e-05,-2.434135058138054e-05,2.8347461920930073e-05,-5.645086639560759e-05,2.8103402655688114e-05,8.504785364493728e-05,-0.00017009300063364208,8.504513971274719e-05,2.9539591196225956e-05,-5.882269761059433e-05,2.9283111871336587e-05,3.918506990885362e-05,-7.82052957220003e-05,3.9020233089104295e-05,-8.740666089579463e-06,1.746634916344192e-05,-8.725682164367754e-06,8.163828169927001e-06,-1.6323308955179527e-05,8.159481694747228e-06,-2.6621785309544066e-06,5.311810127750505e-06,-2.6496313694224227e-06,5.349434559320798e-06,-1.0665550689736847e-05,5.3161165851634e-06,2.2861922843731008e-07,-4.571983822643233e-07,2.2857909698359435e-07,-4.50004699814599e-06,9.002726073958911e-06,-4.502679075812921e-06,1.5496933656322653e-06,-3.0982478165242355e-06,1.5485539961446193e-06,1.3130488696333487e-06,-2.62637104242458e-06,1.3133221727912314e-06,1.3029755336901871e-06,-2.610350748000201e-06,1.3073755553705269e-06,-1.3865662822354352e-06,2.765188128250884e-06,-1.378621732328611e-06,2.3276190859178314e-06,-4.648092271963833e-06,2.3204731860460015e-06,1.661729243096488e-07,-3.319941868085152e-07,1.658212482880117e-07,8.19645151750592e-08,-1.6400935010096873e-07,8.20448065042001e-08,-1.2206817245896673e-06,2.445590780553175e-06,-1.2249091696503456e-06],[7.487095717806369e-05,-0.0001491010480094701,7.423006172757596e-05,-0.0004757663409691304,0.001950136269442737,-0.0004743701429106295,6.114852294558659e-05,-0.00012216329923830926,6.101475446484983e-05,-7.087816629791632e-05,0.00014142664440441877,-7.054847083054483e-05,-0.0002132303488906473,0.0004254544619470835,-0.0002122241276083514,5.2782968850806355e-05,-0.00010547217243583873,5.2689199947053567e-05,-6.120531907072291e-05,0.00012211131979711354,-6.0905993450433016e-05,-0.00018413676298223436,0.00036736298352479935,-0.00018322620599064976,-6.363641296047717e-05,0.00012702633102890104,-6.338992534438148e-05,4.8843834520084783e-05,-9.745510033098981e-05,4.8611265810905024e-05,-5.6611715990584344e-05,0.00011273603740846738,-5.6124314141925424e-05,-0.00016984612739179283,0.00033968681236729026,-0.00016984069952741265,-5.899249663343653e-05,0.00011747277312679216,-5.848029104527086e-05,-7.825512875569984e-05,0.0001561810786370188,-7.792594260536134e-05,1.745568988553714e-05,-3.488146103336476e-05,1.7425765690859407e-05,-1.63036984304199e-05,3.259871300542727e-05,-1.6295016393996775e-05,5.316541773936478e-06,-1.0608026059344411e-05,5.291483830660582e-06,-1.068315850716317e-05,2.1299778381944634e-05,-1.0616619874781463e-05,-4.565550284496567e-07,9.130300213655573e-07,-4.5647499291590066e-07,8.986888133222237e-06,-1.797903132683132e-05,8.992144103103783e-06,-3.0948344829084817e-06,6.187393410073128e-06,-3.0925586997909704e-06,-2.6222410269838292e-06,5.245027750788722e-06,-2.622786723804893e-06,-2.6021220946859103e-06,5.213031272433e-06,-2.6109096324944403e-06,2.769080310827121e-06,-5.5222949413291644e-06,2.7532146305020433e-06,-4.648401954909787e-06,9.282533028454054e-06,-4.6341310735442676e-06,-3.3185418146786105e-07,6.630060624956968e-07,-3.3115185260612634e-07,-1.6367619082302554e-07,3.275127369306574e-07,-1.6383651768592244e-07,2.437784587527858e-06,-4.8840111048775725e-06,2.4462269720970653e-06],[-3.7380465073511004e-05,7.444096991093829e-05,-3.706049392349087e-05,0.0008147942717187107,-0.0004743701429106295,0.000659576035104692,-3.05293251585681e-05,6.099186430219561e-05,-3.046253914362751e-05,3.538699456839822e-05,-7.060938514769077e-05,3.5222386941313744e-05,0.00010645849397405982,-0.00021241462673060596,0.00010595612548058853,-2.635268356243614e-05,5.2658542699646205e-05,-2.6305859137210064e-05,3.05576941173058e-05,-6.09659546171315e-05,3.0408251404878683e-05,9.193308505928144e-05,-0.00018341153918299824,9.147847595158964e-05,3.177145481458865e-05,-6.341985135804862e-05,3.164839290548116e-05,-2.4386019504163414e-05,4.8655922000762075e-05,-2.426990795356687e-05,2.8264255888643675e-05,-5.628516373690218e-05,2.802091148623731e-05,8.479825191898271e-05,-0.00016959379718173295,8.479554526275024e-05,2.945289270428475e-05,-5.8650057326303795e-05,2.9197170078987256e-05,3.907006248482503e-05,-7.797576836310327e-05,3.890570951625705e-05,-8.715021976968274e-06,1.741510641295463e-05,-8.700082616996951e-06,8.139858437061775e-06,-1.62753822223749e-05,8.135523785313126e-06,-2.654369382071309e-06,5.29622820977238e-06,-2.6418588277010713e-06,5.333728950063232e-06,-1.0634237696649507e-05,5.300508746586274e-06,2.2794313281337963e-07,-4.5584624785988126e-07,2.2790317188992049e-07,-4.486844773055054e-06,8.976313438324723e-06,-4.48946912001702e-06,1.5451427088919445e-06,-3.08914968627505e-06,1.5440066363225924e-06,1.3091930668451823e-06,-2.6186585273535457e-06,1.3094654605083633e-06,1.2991484936719644e-06,-2.6026839350379305e-06,1.3035356687396416e-06,-1.3825067526340717e-06,2.7570920337893767e-06,-1.374585281155305e-06,2.3207880985864904e-06,-4.634450760931941e-06,2.3136631170928013e-06,1.6568546357120795e-07,-3.31020288513173e-07,1.6533481073111034e-07,8.171819132485325e-08,-1.6351643239431723e-07,8.179823396403663e-08,-1.2171026355645154e-06,2.438420096950722e-06,-1.221317688759882e-06],[4.516629269346595e-05,-8.994600648293272e-05,4.477969559957273e-05,-3.061920506297611e-05,6.114852294558659e-05,-3.05293251585681e-05,0.0009490528027527034,-0.00016406331269536167,0.00021501055744010955,-2.511715138098225e-05,5.011746543459594e-05,-2.5000315872603096e-05,3.909155111614382e-06,-7.799862032698002e-06,3.890707830578322e-06,3.183476292178966e-05,-6.361296254908666e-05,3.1778203265275806e-05,-2.1688363631255925e-05,4.32706656283699e-05,-2.1582296540145762e-05,3.375730102561647e-06,-6.734766429872252e-06,3.3590372368053067e-06,2.996589319081977e-05,-5.981572394375689e-05,2.984982347697951e-05,2.9470640583895147e-05,-5.880095704924315e-05,2.9330316465348005e-05,-2.0070883692824282e-05,3.9968967030290514e-05,-1.989808151847683e-05,3.1083823159860913e-06,-6.216667316039093e-06,3.108283181063598e-06,2.775590110104531e-05,-5.527080793399364e-05,2.751490865193773e-05,1.326691017311532e-05,-2.6478010113351047e-05,1.3211100849730428e-05,7.741715307929553e-06,-1.547016108816024e-05,7.728443961241283e-06,-5.727513780584559e-06,1.1451977115939371e-05,-5.7244633353548124e-06,5.052481355960481e-06,-1.0081150321639143e-05,5.02866805618396e-06,-6.6969541876460426e-06,1.3352197129279375e-05,-6.655243396380683e-06,7.796363377110538e-08,-1.5591359669997473e-07,7.794997713972407e-08,2.779128635665984e-06,-5.559882538364036e-06,2.7807541300717276e-06,-5.997993866913021e-06,1.1991577594017144e-05,-5.993583272356773e-06,-4.323911753090215e-07,8.648723905935185e-07,-4.3248115844107815e-07,-1.088064891519025e-06,2.1798041416332126e-06,-1.0917392501141876e-06,4.3519889914023224e-06,-8.679042366566136e-06,4.327053375163814e-06,-1.6175508790183812e-06,3.2301359169650823e-06,-1.612585037946701e-06,-6.435333830268064e-07,1.2857050251113833e-06,-6.421714715543203e-07,-1.6969572698144475e-06,3.395577095943736e-06,-1.6986198261292884e-06,-2.332765234314138e-06,4.673608600569423e-06,-2.340843821002636e-06],[-9.02337851584889e-05,0.00017969524196814746,-8.946143498178571e-05,6.117143493611366e-05,-0.00012216329923830926,6.099186430219561e-05,-0.00016406331269536167,0.0013277678517624736,-0.0001637044333619997,5.0179332902189344e-05,-0.00010012525308411568,4.994592018192634e-05,-7.809770067979116e-06,1.5582683772663586e-05,-7.772916433168575e-06,-6.35999022051692e-05,0.0001270867942366749,-6.348689930746332e-05,4.332928074290976e-05,-8.644665649626404e-05,4.311737575335428e-05,-6.744080565113109e-06,1.3454809959512204e-05,-6.710730758641148e-06,-5.986623727949336e-05,0.00011950059706578031,-5.963434887235053e-05,-5.887680526939221e-05,0.00011747326789190993,-5.859646626049653e-05,4.009785334346816e-05,-7.985047705005854e-05,3.9752623706590384e-05,-6.209965704329079e-06,1.2419735867297277e-05,-6.209766979736742e-06,-5.545109524973668e-05,0.00011042072583222762,-5.496964149642736e-05,-2.6504807465244085e-05,5.289812179398723e-05,-2.6393314328743145e-05,-1.546648854855448e-05,3.0906463507562876e-05,-1.5439974959008396e-05,1.1442512914072722e-05,-2.2878930394654162e-05,1.1436419299570844e-05,-1.009390689432621e-05,2.0140239939792082e-05,-1.0046333045465872e-05,1.3379263691604137e-05,-2.6675195840653032e-05,1.3295932149048895e-05,-1.5575068346151966e-07,3.1147402523856726e-07,-1.5572337019875704e-07,-5.552170932787703e-06,1.1107588761660736e-05,-5.555418283620384e-06,1.1982871910731774e-05,-2.3956934455782175e-05,1.1974060726060998e-05,8.638384656478593e-07,-1.7278566701861564e-06,8.640182045382971e-07,2.1737569113611244e-06,-4.354853899712907e-06,2.1810974430991337e-06,-8.694451025803573e-06,1.733908720780164e-05,-8.644634363008663e-06,3.2315720090991817e-06,-6.453222340496723e-06,3.2216507861448918e-06,1.2856596640631324e-06,-2.568598574725911e-06,1.2829389106627787e-06,3.390216306797811e-06,-6.783754542993847e-06,3.3935377814486856e-06,4.660421836888418e-06,-9.336983566754498e-06,4.67656172986608e-06],[4.506748155108653e-05,-8.974924276117235e-05,4.4681735744234174e-05,-3.055222623515874e-05,6.101475446484983e-05,-3.046253914362751e-05,0.00021501055744010955,-0.0001637044333619997,0.000948693894315511,-2.506219425413292e-05,5.000780583941378e-05,-2.4945615223259665e-05,3.9006054066703655e-06,-7.782801731082145e-06,3.882197688653832e-06,3.176512473146431e-05,-6.34738098597154e-05,3.170868512825109e-05,-2.1640913473675027e-05,4.317599086789414e-05,-2.153507921320852e-05,3.3683488709357334e-06,-6.7200412559031975e-06,3.3516926123411395e-06,2.9900331355747767e-05,-5.968484765617177e-05,2.9784516300424002e-05,2.9406173780444078e-05,-5.867232903256081e-05,2.926615889009554e-05,-2.002696601266507e-05,3.988150638178922e-05,-1.9854538550134748e-05,3.1015833883429877e-06,-6.203068551258184e-06,3.1014851629151963e-06,2.7695185053744353e-05,-5.5149899708339944e-05,2.7454721930553205e-05,1.3237894563644659e-05,-2.6420102585689165e-05,1.318220984103391e-05,7.724774150119629e-06,-1.5436307876370847e-05,7.711531907261815e-06,-5.7149945860146545e-06,1.1426945093262475e-05,-5.711951416742522e-06,5.041424628871027e-06,-1.0059087799163535e-05,5.017663625039859e-06,-6.682305865979288e-06,1.3322991435416043e-05,-6.640686478931457e-06,7.778942290315172e-08,-1.5556520338577684e-07,7.777578048262512e-08,2.7730413876270177e-06,-5.547704859054647e-06,2.7746634714276297e-06,-5.984875770081999e-06,1.1965352314291522e-05,-5.9804751799674705e-06,-4.314472903388378e-07,8.629843932794756e-07,-4.3153710294063785e-07,-1.0856904282263713e-06,2.1750470295955893e-06,-1.0893567150560557e-06,4.342465217632707e-06,-8.660049388709012e-06,4.317584171076305e-06,-1.6140165826072916e-06,3.2230782380793244e-06,-1.6090614280983573e-06,-6.421280431823106e-07,1.2828971875933348e-06,-6.407691444110242e-07,-1.6932517610257491e-06,3.388162440387532e-06,-1.6949104519881075e-06,-2.3276631964108674e-06,4.663387244363548e-06,-2.3357242753263563e-06],[-3.0753879400435835e-05,6.124451465439051e-05,-3.04906461678911e-05,3.549117536749691e-05,-7.087816629791632e-05,3.538699456839822e-05,-2.511715138098225e-05,5.0179332902189344e-05,-2.506219425413292e-05,0.0007159281522035599,-0.00037758462713100016,0.000661656551528722,1.317229703090561e-06,-2.6282430098945042e-06,1.3110138752381317e-06,-2.1680934878531843e-05,4.332334719947539e-05,-2.1642414139932953e-05,2.5146850020973943e-05,-5.017072180635296e-05,2.5023868147400208e-05,1.1374131645425223e-06,-2.2692017864756053e-06,1.131788621933083e-06,9.233423043042421e-05,-0.00018431080388836563,9.197658073389903e-05,-2.0062963812961243e-05,4.003039430244826e-05,-1.9967435946455225e-05,2.3259566660271958e-05,-4.6318877139128745e-05,2.3059308659867384e-05,1.0532527312534512e-06,-2.1064711290819105e-06,1.0532188525758102e-06,8.558197441743687e-05,-0.0001704208698356524,8.483890269417316e-05,2.961198151751887e-05,-5.9099395002704114e-05,2.948741712316405e-05,-7.159112556109903e-06,1.4305953300208785e-05,-7.1468398346041795e-06,6.695897809549933e-06,-1.3388228580879513e-05,6.6923321355716325e-06,-2.1786217985209078e-06,4.346975401858799e-06,-2.1683536033378914e-06,4.377082859718939e-06,-8.726903615752235e-06,4.349820756033296e-06,1.900515798070046e-07,-3.800697641054285e-07,1.9001824114184274e-07,-3.68068367606611e-06,7.363520126091316e-06,-3.682836677398882e-06,1.2623829661606578e-06,-2.5238377929781564e-06,1.261454599443823e-06,1.0805724741658196e-06,-2.1613698208966525e-06,1.080797346730833e-06,1.0686862879083492e-06,-2.1409814507933334e-06,1.0722951628849842e-06,-1.1362109262336162e-06,2.2659116893919418e-06,-1.1297007631583256e-06,1.9021966863874695e-06,-3.7985532799211796e-06,1.8963567072205478e-06,1.3863372316791356e-07,-2.7697404902937706e-07,1.383403400723182e-07,6.682782327516179e-08,-1.3372113016885123e-07,6.689329978826208e-08,-9.997297638619784e-07,2.0029215193062555e-06,-1.0031918691311148e-06],[6.136470619821921e-05,-0.0001222041464643553,6.083945481805131e-05,-7.081724470481277e-05,0.00014142664440441877,-7.060938514769077e-05,5.011746543459594e-05,-0.00010012525308411568,5.000780583941378e-05,-0.00037758462713100016,0.0017534130020067096,-0.0003758281236514449,-2.628315769470646e-06,5.244226940703811e-06,-2.615912762848893e-06,4.3260999518679455e-05,-8.644513582112268e-05,4.318412902648561e-05,-5.017672447138466e-05,0.00010010806727223098,-4.99313318869099e-05,-2.2695403458783403e-06,4.5278579818841536e-06,-2.2583183181268396e-06,-0.00018423894653096795,0.0003677642671391368,-0.00018352532060816884,4.0032573451753706e-05,-7.987453864188865e-05,3.9841961552156135e-05,-4.64109361928422e-05,9.242229134542868e-05,-4.6011355152586475e-05,-2.101609197779908e-06,4.203152911941288e-06,-2.1015428046666784e-06,-0.00017076582298614085,0.0003400489513296634,-0.00016928312834352255,-5.9086221881443635e-05,0.00011792389705078676,-5.883767153136432e-05,1.4284925782703795e-05,-2.8545366149046458e-05,1.426043854735326e-05,-1.3360650882532354e-05,2.6714184059528634e-05,-1.3353534995985683e-05,4.3471022763696965e-06,-8.673716365592554e-06,4.326613634475507e-06,-8.733806680538692e-06,1.741321466397494e-05,-8.679409802425653e-06,-3.7921896023362933e-07,7.583714136671915e-07,-3.7915242501185276e-07,7.3442502070975024e-06,-1.4692795048176777e-05,7.348545750573976e-06,-2.518897417758126e-06,5.035942649556091e-06,-2.51704500442429e-06,-2.1561179437412648e-06,4.3126847231178544e-06,-2.1565667793765897e-06,-2.13240764423972e-06,4.272015758033376e-06,-2.139608568541007e-06,2.2671342776448e-06,-4.521278697211528e-06,2.2541441921930527e-06,-3.795545808316092e-06,7.579438715765718e-06,-3.7838933621969773e-06,-2.766244620033831e-07,5.526635504793376e-07,-2.760390316325356e-07,-1.33340819274963e-07,2.6681226472646813e-07,-1.3347143124065042e-07,1.994812464545248e-06,-3.9965329960978124e-06,2.00172075892624e-06],[-3.061082315980457e-05,6.095962817198597e-05,-3.034881410712842e-05,3.532607661327347e-05,-7.054847083054483e-05,3.5222386941313744e-05,-2.5000315872603096e-05,4.994592018192634e-05,-2.4945615223259665e-05,0.000661656551528722,-0.0003758281236514449,0.0007141718524508178,1.311094592892914e-06,-2.6160021207033424e-06,1.3049075278104283e-06,-2.1580086468020454e-05,4.312183227739297e-05,-2.1541740352404304e-05,2.502987626940012e-05,-4.9937345465878025e-05,2.49074673774885e-05,1.1321229749228223e-06,-2.2586480099562323e-06,1.1265251487202477e-06,9.190472337650135e-05,-0.00018345346325077116,9.154874715022743e-05,-1.9969631466665305e-05,3.984417344327085e-05,-1.987454561458435e-05,2.315136225661263e-05,-4.61033996543847e-05,2.2952039216761477e-05,1.0483533969818382e-06,-2.0966731426597107e-06,1.0483196319910348e-06,8.518387767253444e-05,-0.00016962812514975667,8.444426930509508e-05,2.947424400190357e-05,-5.882449841010384e-05,2.9350259865168482e-05,-7.125814136088593e-06,1.4239413758332375e-05,-7.113598712749081e-06,6.664750344498316e-06,-1.3325950931175612e-05,6.661201041424647e-06,-2.168489800169482e-06,4.3267591536277905e-06,-2.158269580831984e-06,4.356722001830349e-06,-8.6863083197386e-06,4.3295867726556025e-06,1.8916654198619653e-07,-3.782999158374878e-07,1.8913338806214597e-07,-3.66356266567891e-06,7.329267646127846e-06,-3.665705435196287e-06,1.2565079714477179e-06,-2.5120923510257853e-06,1.2555840385175543e-06,1.075543877959717e-06,-2.1513117189897457e-06,1.075767727343191e-06,1.063715558302647e-06,-2.1310229385562707e-06,1.0673076076272991e-06,-1.1309282399452059e-06,2.255376557513955e-06,-1.1244483175687492e-06,1.8933475303128944e-06,-3.7808822526130825e-06,1.8875347223001882e-06,1.379882803576038e-07,-2.7568458449422906e-07,1.3769627571491583e-07,6.651460182638402e-08,-1.3309437463249196e-07,6.657976570068058e-08,-9.950812227543793e-07,1.993608520933776e-06,-9.985274118662346e-07],[3.446608388912864e-05,-6.863714952487499e-05,3.417105835978873e-05,0.00010677187674446031,-0.0002132303488906473,0.00010645849397405982,3.909155111614382e-06,-7.809770067979116e-06,3.9006054066703655e-06,1.317229703090561e-06,-2.628315769470646e-06,1.311094592892914e-06,0.0008692131377756596,-0.00013970720465295017,0.00027049423079006374,3.3739354421413736e-06,-6.741876404703362e-06,3.3679409625619883e-06,1.1377953796909424e-06,-2.270026470796438e-06,1.1322309774186579e-06,1.4958629890315933e-06,-2.9843286029063165e-06,1.4884658412483986e-06,4.051425639772788e-05,-8.087157766567543e-05,4.035732490592636e-05,3.125995135633275e-06,-6.237105480977334e-06,3.111111254838761e-06,1.049007664732926e-06,-2.088983592329896e-06,1.0399761549706454e-06,1.3793538755635382e-06,-2.758663868007716e-06,1.37930987875734e-06,3.75453382730484e-05,-7.476469181710854e-05,3.7219349906081334e-05,1.4205424122337718e-05,-2.8351090804790147e-05,1.4145668501441833e-05,1.956603910002741e-07,-3.9098540582926944e-07,1.953249864072859e-07,3.187051902386884e-07,-6.372406460286584e-07,3.1853545578997e-07,9.535435765428701e-07,-1.902592998703767e-06,9.490494221608969e-07,-7.706480573688168e-07,1.5364961427621893e-06,-7.658481422367913e-07,8.878934920630854e-08,-1.7756312331584923e-07,8.87737883203954e-08,-2.976076700633712e-07,5.953893378318753e-07,-2.9778169619021355e-07,-1.570455651744851e-06,3.139756699965801e-06,-1.5693008208472747e-06,2.145148698673438e-07,-4.290743902402028e-07,2.1455952037285897e-07,-6.799943719215662e-09,1.362285217965109e-08,-6.8229084604354284e-09,1.0665359013728448e-06,-2.1269609078444773e-06,1.0604248927847948e-06,9.370337039626975e-08,-1.8711907046053966e-07,9.341569295884256e-08,-1.6744002095947508e-07,3.345257084674813e-07,-1.6708567329715152e-07,-5.404680223364267e-07,1.0814655979629606e-06,-5.409974619396962e-07,-1.104483885683294e-06,2.212792651334894e-06,-1.1083088793384377e-06],[-6.876952829770744e-05,0.00013695040252059698,-6.818085967097431e-05,-0.00021303986432030797,0.0004254544619470835,-0.00021241462673060596,-7.799862032698002e-06,1.5582683772663586e-05,-7.782801731082145e-06,-2.6282430098945042e-06,5.244226940703811e-06,-2.6160021207033424e-06,-0.00013970720465295017,0.001278755022212863,-0.0001390478719258681,-6.731939720339142e-06,1.3451918675855268e-05,-6.719977591274073e-06,-2.270216327815433e-06,4.529329999058973e-06,-2.25911367124354e-06,-2.9846614779671654e-06,5.954563221166609e-06,-2.9699026526941452e-06,-8.083733700914308e-05,0.0001613615604583174,-8.05242161732167e-05,-6.237229627004126e-06,1.2444760614016559e-05,-6.207530987012433e-06,-2.0930599475832423e-06,4.168100076640258e-06,-2.075039446935989e-06,-2.7521934953256277e-06,5.504299679159885e-06,-2.752105956460582e-06,-7.491347787436098e-05,0.00014917651424184442,-7.426303636748344e-05,-2.8343805752228945e-05,5.656838038703427e-05,-2.822457463480532e-05,-3.903989522768825e-07,7.801287438269355e-07,-3.8972970628492476e-07,-6.359099415931269e-07,1.2714810964098433e-06,-6.355712685035542e-07,-1.9025911797143635e-06,3.7962154237902723e-06,-1.893624130389071e-06,1.5376608644146472e-06,-3.06574452224595e-06,1.5280837715181406e-06,-1.7716152456159762e-07,3.5429195577307837e-07,-1.7713045963319018e-07,5.938093181612203e-07,-1.1879658359248424e-06,5.941566314504598e-07,3.1335016501543578e-06,-6.264699550229125e-06,3.131197445327416e-06,-4.2801914901247073e-07,8.561274853491341e-07,-4.2810825107153505e-07,1.3566364032158162e-08,-2.7178543859918136e-08,1.3612179827759974e-08,-2.12803956856078e-06,4.243886451149592e-06,-2.1158466552151367e-06,-1.8696555059705133e-07,3.7335709635044623e-07,-1.863915457533949e-07,3.3408889521524543e-07,-6.67470828830119e-07,3.333818767714547e-07,1.0783836614791653e-06,-2.1578239284281153e-06,1.0794401532621123e-06,2.2037545477360254e-06,-4.415141120261978e-06,2.211386572525953e-06],[3.4303437132621184e-05,-6.831326027167961e-05,3.400980494916439e-05,0.00010626801667967811,-0.0002122241276083514,0.00010595612548058853,3.890707830578322e-06,-7.772916433168575e-06,3.882197688653832e-06,1.3110138752381317e-06,-2.615912762848893e-06,1.3049075278104283e-06,0.00027049423079006374,-0.0001390478719258681,0.0008685538778081536,3.3580117815290578e-06,-6.710057732561836e-06,3.352045268911752e-06,1.1324243587296223e-06,-2.259310576846474e-06,1.1268863318036892e-06,1.4888023542880546e-06,-2.970242576338933e-06,1.481440335737716e-06,4.0323069697478786e-05,-8.048996096476912e-05,4.0166883991332725e-05,3.11124153995479e-06,-6.207670139701804e-06,3.096427917625988e-06,1.044055693455448e-06,-2.0791221686522476e-06,1.0350665888836375e-06,1.372843485114572e-06,-2.745643314483459e-06,1.3727997156820493e-06,3.736816506716423e-05,-7.441186608048156e-05,3.7043708289274946e-05,1.4138387086859439e-05,-2.8217302315169945e-05,1.4078914318815805e-05,1.9473930024105357e-07,-3.891448159265565e-07,1.9440545884208404e-07,3.1720350079922355e-07,-6.342381766444305e-07,3.170346190017881e-07,9.490456136518333e-07,-1.8936183323603473e-06,9.445726618650951e-07,-7.670106469959137e-07,1.5292439456970897e-06,-7.622334123880137e-07,8.837139375827974e-08,-1.7672726926321047e-07,8.835590392664017e-08,-2.96202301797166e-07,5.925778054916009e-07,-2.963755321161443e-07,-1.5630452026016428e-06,3.12494103127392e-06,-1.561895942359115e-06,2.135034975481176e-07,-4.270514182280749e-07,2.1354793489081203e-07,-6.7663492586689244e-09,1.3555535360865179e-08,-6.789193207623612e-09,1.0615044629957993e-06,-2.116926680173492e-06,1.0554224445513682e-06,9.326183203484106e-08,-1.8623734376888024e-07,9.297551173403917e-08,-1.666494853225231e-07,3.3294631407443376e-07,-1.6629681454105594e-07,-5.37916321263765e-07,1.0763595810203697e-06,-5.384432597566047e-07,-1.099270889426407e-06,2.20234869630076e-06,-1.103077806874353e-06],[3.89856613765005e-05,-7.763762550894171e-05,3.8651953218504786e-05,-2.6430268917465582e-05,5.2782968850806355e-05,-2.635268356243614e-05,3.183476292178966e-05,-6.35999022051692e-05,3.176512473146431e-05,-2.1680934878531843e-05,4.3260999518679455e-05,-2.1580086468020454e-05,3.3739354421413736e-06,-6.731939720339142e-06,3.3580117815290578e-06,0.0009516169666312635,-0.00013286028115544468,0.0001812433183658868,-1.872122084023431e-05,3.735088466783054e-05,-1.862966200860683e-05,2.9135446766304085e-06,-5.812682502437383e-06,2.8991373710596235e-06,3.8580810723942704e-06,-7.701217327849008e-06,3.843136710202089e-06,2.5437830117880367e-05,-5.0754533731378615e-05,2.5316707251477055e-05,-1.7325044609606266e-05,3.4500928450142965e-05,-1.7175885659526102e-05,2.6827956389752217e-06,-5.365505330701126e-06,2.6827103738469305e-06,3.56974192072812e-06,-7.108487807272468e-06,3.5387472507864004e-06,2.8269889298826456e-05,-5.6420853070449084e-05,2.8150971047580242e-05,6.68012671667384e-06,-1.3348802895052359e-05,6.668675723631168e-06,-4.94322421218385e-06,9.883815437206067e-06,-4.940591679769568e-06,4.360030288808048e-06,-8.699511454324238e-06,4.339480710768839e-06,-5.778611921414267e-06,1.1521231499500573e-05,-5.742620487581007e-06,6.684993536509864e-08,-1.3368816098591196e-07,6.683819719910389e-08,2.3972042981768027e-06,-4.7958101276890375e-06,2.3986062842595857e-06,-5.175687874725554e-06,1.034757042361889e-05,-5.171882548893336e-06,-3.7373936834228516e-07,7.475564984815719e-07,-3.738171017175773e-07,-9.39106143960089e-07,1.881383354884747e-06,-9.422774382983334e-07,3.7559525480901357e-06,-7.49038463254692e-06,3.73443231183046e-06,-1.3947179695605882e-06,2.785153810691554e-06,-1.3904360685046413e-06,-5.558460998145165e-07,1.1105158819191274e-06,-5.546697821046109e-07,-1.4647148418589495e-06,2.9308648663572967e-06,-1.4661497971246717e-06,-2.013747916862485e-06,4.034469384350814e-06,-2.0207216948620044e-06],[-7.79020701884292e-05,0.0001551373425172642,-7.72352286730893e-05,5.2813578804489225e-05,-0.00010547217243583873,5.2658542699646205e-05,-6.361296254908666e-05,0.0001270867942366749,-6.34738098597154e-05,4.332334719947539e-05,-8.644513582112268e-05,4.312183227739297e-05,-6.741876404703362e-06,1.3451918675855268e-05,-6.710057732561836e-06,-0.00013286028115544468,0.001265484606847167,-0.00013262421998661011,3.7409186916192994e-05,-7.463541987817734e-05,3.722623296198435e-05,-5.8219084166921675e-06,1.1615026778599713e-05,-5.7931183619075455e-06,-7.709304554737173e-06,1.5388752217404544e-05,-7.679444024688564e-06,-5.083045471110381e-05,0.00010141889652004465,-5.058843453298323e-05,3.461930828052573e-05,-6.894055695738643e-05,3.43212450388819e-05,-5.360819613997592e-06,1.072146824299125e-05,-5.360649083741009e-06,-7.133131930459058e-06,1.4204330000211485e-05,-7.071197615005076e-06,-5.6489552662242204e-05,0.00011274147254880518,-5.625192716252059e-05,-1.3348377251531929e-05,2.6673875254346058e-05,-1.3325494364835322e-05,9.877674528979696e-06,-1.9750088540604338e-05,9.872414921119343e-06,-8.712313501746394e-06,1.7383565136697143e-05,-8.671250725456048e-06,1.1546961104613729e-05,-2.302200300619006e-05,1.1475041901576333e-05,-1.33575838390243e-07,2.671282004484965e-07,-1.3355239047996292e-07,-4.7901503421599045e-06,9.583101018506568e-06,-4.792951585841365e-06,1.0342190762457903e-05,-2.0676776330219582e-05,1.033458647725638e-05,7.468165676982608e-07,-1.493788545303687e-06,7.469719207620074e-07,1.8765490494843107e-06,-3.7594345485558733e-06,1.8828859538189135e-06,-7.505222583858995e-06,1.4967443348723464e-05,-7.462219855369767e-06,2.7869643872691086e-06,-5.565372703131288e-06,2.7784080884885043e-06,1.1107115369668463e-06,-2.219072712250636e-06,1.1083609479101142e-06,2.9268346679600654e-06,-5.85653651796747e-06,2.9297018500074046e-06,4.0239251575258095e-06,-8.061784683377482e-06,4.037860435346374e-06],[3.891639062203467e-05,-7.749968790449202e-05,3.85832718166057e-05,-2.6383306249044836e-05,5.2689199947053567e-05,-2.6305859137210064e-05,3.1778203265275806e-05,-6.348689930746332e-05,3.170868512825109e-05,-2.1642414139932953e-05,4.318412902648561e-05,-2.1541740352404304e-05,3.3679409625619883e-06,-6.719977591274073e-06,3.352045268911752e-06,0.0001812433183658868,-0.00013262421998661011,0.0009513809345662594,-1.8687962437979877e-05,3.72845352103468e-05,-1.859656913438812e-05,2.9083639674354345e-06,-5.802344730909681e-06,2.8939823550899746e-06,3.851219389616745e-06,-7.687520337640308e-06,3.836302312265616e-06,2.5392630050191656e-05,-5.066434823675081e-05,2.5271721824537963e-05,-1.7294265489908867e-05,3.4439632145222276e-05,-1.714536665531341e-05,2.678023520275019e-06,-5.355961093300721e-06,2.677937800399377e-06,3.5633943298307713e-06,-7.0958481046545785e-06,3.5324555938132107e-06,2.821966882038396e-05,-5.632062675431371e-05,2.810095793392975e-05,6.668258720310405e-06,-1.3325086911208928e-05,6.656827736151172e-06,-4.93444167659618e-06,9.866254913504235e-06,-4.931814146402758e-06,4.352280484454241e-06,-8.684048225404695e-06,4.331767740950454e-06,-5.768343726231251e-06,1.1500759683258366e-05,-5.732416411774466e-06,6.673121788480785e-08,-1.3345072602533037e-07,6.671952235137724e-08,2.3929469534778036e-06,-4.787293619301636e-06,2.394346665823832e-06,-5.166495611774735e-06,1.0329193173674867e-05,-5.1626971071527805e-06,-3.7307432876332314e-07,7.462262487933913e-07,-3.7315192003006814e-07,-9.374406317874673e-07,1.8780467598844552e-06,-9.406062986272445e-07,3.749280267584254e-06,-7.477078725059982e-06,3.727798230102053e-06,-1.3922385733167175e-06,2.780202976282453e-06,-1.387964289278898e-06,-5.548589570025797e-07,1.1085437563451706e-06,-5.53684742499172e-07,-1.4621158470617956e-06,2.925664375652559e-06,-1.463548301217088e-06,-2.0101679183426313e-06,4.027297109132633e-06,-2.017129645537352e-06],[-2.6555624572210945e-05,5.288393367663957e-05,-2.6328309104428627e-05,3.0647639505332336e-05,-6.120531907072291e-05,3.05576941173058e-05,-2.1688363631255925e-05,4.332928074290976e-05,-2.1640913473675027e-05,2.5146850020973943e-05,-5.017672447138466e-05,2.502987626940012e-05,1.1377953796909424e-06,-2.270216327815433e-06,1.1324243587296223e-06,-1.872122084023431e-05,3.7409186916192994e-05,-1.8687962437979877e-05,0.0007511896546930075,-0.0003189374110661447,0.0005677477456629276,9.824777862377232e-07,-1.960097279152251e-06,9.7761937922769e-07,1.3167921224521706e-06,-2.628483571243123e-06,1.3116917898514657e-06,-1.7324131476925686e-05,3.456577906035818e-05,-1.7241645764443092e-05,2.0085306459804997e-05,-3.999768159701489e-05,1.99123787751887e-05,9.097813631342433e-07,-1.8195335087511921e-06,9.097521456169488e-07,1.2252272654222907e-06,-2.439815489196917e-06,1.2145890195824904e-06,8.552416693419218e-05,-0.00017068858142010868,8.516440720995888e-05,-6.182926881592721e-06,1.2355256330920383e-05,-6.17232808508561e-06,5.783849246654427e-06,-1.1564618034753948e-05,5.780769242846873e-06,-1.8812245343724499e-06,3.7535824048973154e-06,-1.8723578705248656e-06,3.7796921787958127e-06,-7.535842996730935e-06,3.756150817935122e-06,1.6441227046470885e-07,-3.287957213160553e-07,1.643834366404917e-07,-3.1787378702574642e-06,6.359335202432703e-06,-3.180597332175239e-06,1.0898276059378986e-06,-2.1788539470435353e-06,1.089026227418799e-06,9.33462274588237e-07,-1.8671187262953026e-06,9.336564517070656e-07,9.226741894963197e-07,-1.848464080467238e-06,9.257900046577561e-07,-9.8275188520347e-07,1.9598728613345884e-06,-9.77121089817956e-07,1.6439146293123486e-06,-3.282782472524559e-06,1.6388677295253729e-06,1.2007969019123266e-07,-2.3990526187844807e-07,1.198255574763607e-07,5.771871514070881e-08,-1.1549398948318412e-07,5.77752601316206e-08,-8.633346055830771e-07,1.729659061311395e-06,-8.663245125717367e-07],[5.298138057696633e-05,-0.00010550925799179822,5.252786650089547e-05,-6.114539428381249e-05,0.00012211131979711354,-6.09659546171315e-05,4.32706656283699e-05,-8.644665649626404e-05,4.317599086789414e-05,-5.017072180635296e-05,0.00010010806727223098,-4.9937345465878025e-05,-2.270026470796438e-06,4.529329999058973e-06,-2.259310576846474e-06,3.735088466783054e-05,-7.463541987817734e-05,3.72845352103468e-05,-0.0003189374110661447,0.0016363151371479034,-0.00031737767858430743,-1.960149120350252e-06,3.910603481926955e-06,-1.950455725818756e-06,-2.6271357000950957e-06,5.244093699730001e-06,-2.6169584543822566e-06,3.456355625530705e-05,-6.896253762533888e-05,3.439898500801064e-05,-4.007238385383971e-05,7.979974907357246e-05,-3.9727368857711554e-05,-1.8151073390981765e-06,3.6301555610407377e-06,-1.815049131437263e-06,-2.4444586870231433e-06,4.867692950938363e-06,-2.4232342639152193e-06,-0.00017063008272089064,0.00034054237767122686,-0.00016991229495033622,1.2335614883340895e-05,-2.4650085833854973e-05,1.2314468222029973e-05,-1.1539419574546628e-05,2.3072694602888077e-05,-1.153327502834145e-05,3.7532445276156068e-06,-7.48879938328173e-06,3.735554628292448e-06,-7.540896149293985e-06,1.5034824173199013e-05,-7.4939284786523785e-06,-3.2802194027681253e-07,6.559863550137379e-07,-3.279644147369254e-07,6.3419229263672605e-06,-1.2687554772128351e-05,6.345632300508441e-06,-2.1743244360550307e-06,4.3470499804243445e-06,-2.1727257717429893e-06,-1.8623618416313548e-06,3.725111128005665e-06,-1.86274928637431e-06,-1.8408418327453546e-06,3.6878996070299763e-06,-1.8470582290319726e-06,1.9606927708082367e-06,-3.910151917807525e-06,1.9494586922519375e-06,-3.2797966014186386e-06,6.549524186993949e-06,-3.2697275855753105e-06,-2.3957272787811235e-07,4.786384124599863e-07,-2.3906571300358337e-07,-1.1516032571989854e-07,2.3043348562623578e-07,-1.1527314569548253e-07,1.7224479051947128e-06,-3.450860958764679e-06,1.728413053569966e-06],[-2.6425750547787175e-05,5.2625306125264615e-05,-2.619955012050923e-05,3.0497754778480157e-05,-6.0905993450433016e-05,3.0408251404878683e-05,-2.1582296540145762e-05,4.311737575335428e-05,-2.153507921320852e-05,2.5023868147400208e-05,-4.99313318869099e-05,2.49074673774885e-05,1.1322309774186579e-06,-2.25911367124354e-06,1.1268863318036892e-06,-1.862966200860683e-05,3.722623296198435e-05,-1.859656913438812e-05,0.0005677477456629276,-0.00031737767858430743,0.0007496299804188311,9.776713341125287e-07,-1.9505073396430817e-06,9.728365739647415e-07,1.310350171479513e-06,-2.615624453028431e-06,1.3052746226094314e-06,-1.7239404769497924e-05,3.4396729461150244e-05,-1.7157322872662917e-05,1.9987073756055906e-05,-3.980206383857876e-05,1.9814991901512258e-05,9.053327403307776e-07,-1.8106363768310985e-06,9.053040344042529e-07,1.219235741700686e-06,-2.4278851924464107e-06,1.2086499054930755e-06,8.510590851074085e-05,-0.0001698538108030334,8.474790956825018e-05,-6.152692549221683e-06,1.2294838597881608e-05,-6.142145139165223e-06,5.755562142439885e-06,-1.1508058378240094e-05,5.75249714529491e-06,-1.8720247680903412e-06,3.7352260733314324e-06,-1.8632015326147666e-06,3.761206698982278e-06,-7.4989870881836396e-06,3.7377803892013617e-06,1.6360841925688874e-07,-3.271881610089622e-07,1.6357971333036403e-07,-3.1631898309569806e-06,6.328229119390016e-06,-3.165039970554062e-06,1.0844994449143996e-06,-2.1682017177226953e-06,1.0837020454346202e-06,9.288970659326878e-07,-1.8579875131763401e-06,9.290904472436523e-07,9.181638915833901e-07,-1