{"epoch":0,"H":[[0.0010168213630095124,-0.0009754552156664431,0.0009586339583620429,-0.00020867404236923903,0.00041641417192295194,-0.0002077401732094586,0.00026996564702130854,-0.0005386097473092377,0.0002686441002879292,-0.00017166374891530722,0.0003415905812289566,-0.00016992683231364936,0.00011844847176689655,-0.00023612510995008051,0.00011767660907935351,0.00023383826192002743,-0.00046638265484943986,0.0002325443783774972,-0.0001481152285123244,0.00029567195451818407,-0.00014755672600585967,0.00010195896174991503,-0.00020321500778663903,0.00010125603876076639,6.201391806825995e-05,-0.00012355062062852085,6.15367098362185e-05,0.00021478677808772773,-0.00042873277561739087,0.00021394605573732406,-0.00013651167682837695,0.00027192593552172184,-0.00013541424414142966,9.445496834814548e-05,-0.00018867971084546298,9.422474249731749e-05,5.7049579481827095e-05,-0.00011385430116206408,5.680472168023698e-05,7.610247848788276e-05,-0.00015184514631982893,7.574266055598855e-05,-3.356609886395745e-05,6.708902219543234e-05,-3.352291969349608e-05,1.4410709809453692e-05,-2.886606853280682e-05,1.4455358723353129e-05,-3.183928129146807e-05,6.353862409014255e-05,-3.169934279867448e-05,1.7765811207937077e-05,-3.5441142244962975e-05,1.7675329218036495e-05,-1.8626142264110968e-06,3.7270501707098447e-06,-1.8644361716724234e-06,-8.502413038513623e-06,1.699231142993085e-05,-8.489900210406631e-06,2.5794317480176687e-05,-5.1655159040819854e-05,2.586084337963257e-05,-4.720896868093405e-06,9.467741620028391e-06,-4.746844297187636e-06,-4.159827312832931e-06,8.311020792461932e-06,-4.151192115386948e-06,-1.8760913008009084e-05,3.753175769816153e-05,-1.877084287116304e-05,3.51670641975943e-05,-7.034964801277965e-05,3.518257290124893e-05,6.340550498862285e-06,-1.2665355825447477e-05,6.324805781332543e-06,6.776564532628981e-06,-1.3552487871493213e-05,6.775921519874828e-06,1.4406734408112243e-05,-2.8890677640447393e-05,1.4483945960819256e-05],[-0.0009754552156664431,0.002951038535684347,-0.0009755828068591654,0.000417375355027616,-0.0008328828262165189,0.00041550747118890285,-0.0005399666260927916,0.0010772902751341462,-0.0005373234744183719,0.00034334996598772705,-0.0006832259241491556,0.00033987595816142857,-0.00023691241221968085,0.0004722810990642756,-0.00023536857042927295,-0.00046770719927735627,0.0009328265441581607,-0.0004651192284654826,0.0002962497528642416,-0.0005913825007155538,0.0002951327187474817,-0.00020393131126184016,0.000406456645578146,-0.00020252536342013627,-0.0001240359852090478,0.00024711748119443655,-0.00012308151053730398,-0.00042960161226801574,0.0008575217216275632,-0.00042792013846337795,0.0002730412525124848,-0.0005438874359242618,0.0002708462125156075,-0.00018892230582423508,0.0003773841308429837,-0.0001884618541225791,-0.00011410666775191203,0.00022772357624489814,-0.00011361692304490134,-0.00015221491048578173,0.0003037101123481989,-0.00015149523096624762,6.713667244184762e-05,-0.0001341869792668149,6.705029954900965e-05,-2.8823336833738722e-05,5.773598240921274e-05,-2.8912643756484613e-05,6.36827462585643e-05,-0.00012708560097962618,6.340284744510427e-05,-3.553396527422592e-05,7.088695565471426e-05,-3.535299401846714e-05,3.7254676499287598e-06,-7.454579645127524e-06,3.7291122225724394e-06,1.7005957488436252e-05,-3.398689295863733e-05,1.6980931832222268e-05,-5.1592047384474427e-05,0.00010331715020583943,-5.1725106459343806e-05,9.44239400268998e-06,-1.8936683773063123e-05,9.494291589362547e-06,8.320189408550505e-06,-1.6623109331703745e-05,8.302918104163837e-06,3.7524281651712954e-05,-7.506842666771263e-05,3.754413774004206e-05,-7.033876318018883e-05,0.00014070855104364455,-7.03697805874981e-05,-1.2681939551839605e-05,2.533238694013562e-05,-1.2650447388296016e-05,-1.355403037450742e-05,2.710677836148534e-05,-1.3552745258493815e-05,-2.8815349651267752e-05,5.778512786491774e-05,-2.89697836706182e-05],[0.0009586339583620429,-0.0009755828068591654,0.001016948837786913,-0.00020870134176220745,0.00041646865429356694,-0.00020776734163518995,0.000270000979071483,-0.0005386802949942648,0.0002686793159227818,-0.00017168624617625028,0.00034163534292019904,-0.00016994909674394876,0.00011846396228065714,-0.00023615596001036465,0.0001176919904537499,0.00023386887914966792,-0.00046644374378956854,0.00023257479188032448,-0.0001481345680076629,0.00029571057530120015,-0.00014757600729353726,0.00010197226220043376,-0.00020324153592810035,0.00010126925917575136,6.2022045312915e-05,-0.00012356678780633956,6.154476432129741e-05,0.00021481489238794893,-0.0004287889169063419,0.0002139740827260539,-0.00013652953202836215,0.00027196150040253997,-0.0001354319683741778,9.446729382034391e-05,-0.00018870437634177506,9.423704614164308e-05,5.7057048252318054e-05,-0.00011386920232325792,5.681215407093987e-05,7.611241744598374e-05,-0.00015186496602836996,7.575255585834384e-05,-3.3570497180335224e-05,6.709781155223027e-05,-3.352731073391624e-05,1.4412614291359205e-05,-2.886988477257546e-05,1.4457270481216256e-05,-3.18434540531598e-05,6.354695506161079e-05,-3.170349737047218e-05,1.7768143152352422e-05,-3.5445795219857246e-05,1.7677652067504823e-05,-1.8628536508913385e-06,3.72752992916503e-06,-1.864676050900016e-06,-8.503522622049786e-06,1.6994534234981984e-05,-8.491009793942794e-06,2.579770443844609e-05,-5.166194750927389e-05,2.5864241251838394e-05,-4.7215035010594875e-06,9.468958523939364e-06,-4.747454113385174e-06,-4.160377102380153e-06,8.312118552566972e-06,-4.151740540692117e-06,-1.876337410067208e-05,3.753668352146633e-05,-1.8773303963826038e-05,3.5171673516742885e-05,-7.035886665107682e-05,3.5187185858376324e-05,6.341372227325337e-06,-1.2666996553889476e-05,6.325625690806191e-06,6.777455382689368e-06,-1.3554269571613986e-05,6.776812824682565e-06,1.4408625247597229e-05,-2.8894470233353786e-05,1.4485847714240663e-05],[-0.00020867404236923903,0.000417375355027616,-0.00020870134176220745,0.0010360130108892918,-0.0005716039449907839,0.0005355912144295871,-0.0001716178812785074,0.00034239565138705075,-0.00017077778466045856,0.00016538298223167658,-0.0003290926688350737,0.00016370965749956667,4.344445187598467e-05,-8.660580351715907e-05,4.3161351641174406e-05,-0.00014881583047099411,0.00029680822626687586,-0.00014799238124396652,0.00014277723676059395,-0.0002850161399692297,0.0001422388741048053,3.776799712795764e-05,-7.52756095607765e-05,3.7507619708776474e-05,1.0606315299810376e-05,-2.1131008907104842e-05,1.0524696335778572e-05,-0.0001364737399853766,0.00027241333737038076,-0.00013593958283308893,0.0001314842520514503,-0.00026191145298071206,0.0001304272300330922,3.4496486478019506e-05,-6.890889926580712e-05,3.4412412787787616e-05,9.564718311594333e-06,-1.908838385134004e-05,9.523666449240409e-06,1.2543822776933666e-05,-2.5028333766385913e-05,1.248451280844165e-05,3.9886308513814583e-05,-7.972129969857633e-05,3.983499118476175e-05,-3.339925751788542e-05,6.690200098091736e-05,-3.350273982505314e-05,4.13803500123322e-05,-8.257883746409789e-05,4.1198476537829265e-05,-3.387622200534679e-05,6.757992377970368e-05,-3.370369813637808e-05,-2.609220246085897e-06,5.22099298905232e-06,-2.611772742966423e-06,3.0829647585051134e-05,-6.161392957437783e-05,3.0784278351347893e-05,-3.6679623008240014e-05,7.345384801737964e-05,-3.677422500913963e-05,-2.8658689643634716e-07,5.74749037696165e-07,-2.8816202757298015e-07,1.1335305316606537e-07,-2.2647077457804698e-07,1.1311772141198162e-07,1.8694850950851105e-05,-3.73995972040575e-05,1.870474443421699e-05,-2.6543753847363405e-05,5.309921834850684e-05,-2.6555459044175223e-05,-3.7162697026360547e-06,7.423310307785869e-06,-3.7070412872708403e-06,-3.850488155876519e-06,7.700611604377627e-06,-3.850122993753757e-06,-9.322583537141327e-06,1.8695129256229848e-05,-9.372547538077924e-06],[0.00041641417192295194,-0.0008328828262165189,0.00041646865429356694,-0.0005716039449907839,0.002140649827197194,-0.0005690459511242807,0.00034246768336743116,-0.0006832589278928936,0.00034079121542163193,-0.00033002591226249933,0.0006567125674337149,-0.000326686684275046,-8.66944610606879e-05,0.00017282398766838014,-8.612951205577701e-05,0.0002969657361973077,-0.0005922882119193673,0.0002953225339297205,-0.00028491546981967986,0.0005687566590495408,-0.00028384116012603045,-7.536693010479212e-05,0.0001502142840763554,-7.484734669560567e-05,-2.1165140424272977e-05,4.216740489937365e-05,-2.1002271751058288e-05,0.00027233679429627955,-0.0005436075734905899,0.0002712708665058017,-0.0002623800537548959,0.0005226507200859487,-0.0002602707245387137,-6.883858441142365e-05,0.00013750938524026424,-6.86708081047982e-05,-1.9086606698692776e-05,3.809129339060746e-05,-1.9004686691914685e-05,-2.50314569711918e-05,4.9944563215831295e-05,-2.4913106244639494e-05,-7.959413051139563e-05,0.00015908587374724448,-7.949173595989123e-05,6.664902321062982e-05,-0.00013350456720218062,6.685552943963557e-05,-8.257554145529866e-05,0.00016478815814480186,-8.221260941354558e-05,6.760082032997161e-05,-0.0001348573568975553,6.725653656758368e-05,5.206758487474872e-06,-1.0418611054774374e-05,5.211852112552151e-06,-6.152133573777974e-05,0.00012295215856283903,-6.143080099718645e-05,7.31950713088736e-05,-0.0001465789246140048,7.33838533051312e-05,5.718829925172031e-07,-1.1469087439763825e-06,5.750262062065303e-07,-2.2620974959863815e-07,4.519501999311615e-07,-2.2574022295884788e-07,-3.730605749296956e-05,7.463186921086162e-05,-3.7325800803955644e-05,5.296870949678123e-05,-0.00010596078936941922,5.2992068958701566e-05,7.415903837681981e-06,-1.4813391317147762e-05,7.3974888437078334e-06,7.683734111196827e-06,-1.536674244562164e-05,7.683005605940707e-06,1.8603437638375908e-05,-3.7306574085960165e-05,1.8703140085563064e-05],[-0.0002077401732094586,0.00041550747118890285,-0.00020776734163518995,0.0005355912144295871,-0.0005690459511242807,0.0010334550170227885,-0.0001708498748484999,0.0003408634220249951,-0.00017001353262457997,0.00016464284271933138,-0.00032761984039098024,0.00016297699767164886,4.324999827076681e-05,-8.621817687526345e-05,4.296816769056022e-05,-0.00014814989117439836,0.0002954800147563219,-0.00014733012358192354,0.0001421382330590859,-0.00028374051908031106,0.00014160228602122515,3.75989438907709e-05,-7.493868906749412e-05,3.733973790076561e-05,1.0558818757999688e-05,-2.1036385078332387e-05,1.04775672298274e-05,-0.00013586306886281818,0.00027119426522403955,-0.00013533126912079751,0.0001308958453591913,-0.0002607393835205585,0.00012984353816136718,3.4342087019467726e-05,-6.86004786984995e-05,3.425838440307416e-05,9.521890206087846e-06,-1.9002913177246228e-05,9.481020242674276e-06,1.2487663298088592e-05,-2.4916284019127488e-05,1.24286225400283e-05,3.970782563555986e-05,-7.936456677271053e-05,3.9656741137150675e-05,-3.324978388263844e-05,6.660259532509372e-05,-3.335280780447647e-05,4.119518052903004e-05,-8.220930612878874e-05,4.1014118323801085e-05,-3.372461651451886e-05,6.727748404955491e-05,-3.355286025907844e-05,-2.597543016236159e-06,5.197627160669072e-06,-2.600083917059237e-06,3.0691695428686216e-05,-6.13382289884612e-05,3.064652992179617e-05,-3.651547376648523e-05,7.312512752832845e-05,-3.660965012386441e-05,-2.853010983017157e-07,5.721703928429633e-07,-2.8686929454124765e-07,1.1285123946436215e-07,-2.2546828404301777e-07,1.1261704457865562e-07,1.8611197447171435e-05,-3.7232246540952474e-05,1.8621047274791636e-05,-2.6424966563354246e-05,5.286159284878522e-05,-2.6436620828462765e-05,-3.6996364087826805e-06,7.390085556835402e-06,-3.6904493754263967e-06,-3.833250957541168e-06,7.666139026696328e-06,-3.8328876144078095e-06,-9.280865924665704e-06,1.861147211457137e-05,-9.330606189905666e-06],[0.00026996564702130854,-0.0005399666260927916,0.000270000979071483,-0.0001716178812785074,0.00034246768336743116,-0.0001708498748484999,0.0009674858301877975,-0.0007060778443701565,0.000738592236302793,-0.00014117982937023044,0.00028093118453398347,-0.00013975136971566826,2.68899166258052e-05,-5.3604610002366826e-05,2.671468973858282e-05,0.0001923227682709694,-0.0003835813549812883,0.0001912585721584037,-0.00012181312195025384,0.00024316695635206997,-0.00012135382712585852,2.3195616449811496e-05,-4.6231325541157275e-05,2.3035705453366973e-05,0.00010506733087822795,-0.0002093261427944526,0.00010425882646813989,0.00017665361519902945,-0.00035261581069789827,0.0001759621809469536,-0.00011227003415115178,0.00022363751486409456,-0.00011136747343698516,2.142399171134457e-05,-4.279576751287095e-05,2.137177398253698e-05,9.67818486969918e-05,-0.00019314829842187464,9.636644972488284e-05,6.062231113901362e-05,-0.00012095797865185887,6.0335682064760476e-05,-2.7597659936873242e-05,5.515981320058927e-05,-2.7562153263716027e-05,1.1841277228086255e-05,-2.3719241653452627e-05,1.1877966244355775e-05,-2.6174104277743027e-05,5.223317566560581e-05,-2.6059065930894576e-05,1.4601616385334637e-05,-2.912886702688411e-05,1.4527251551044174e-05,-1.5319549220293993e-06,3.065408463953645e-06,-1.5334535419242457e-06,-6.984258561715251e-06,1.3958238923805766e-05,-6.973981271585217e-06,2.120275894412771e-05,-4.246020398568362e-05,2.1257441403577104e-05,-3.88335593015654e-06,7.788055881974287e-06,-3.904699951817747e-06,-3.420140728849219e-06,6.8331833062984515e-06,-3.4130412132071797e-06,-1.541721576359123e-05,3.0842595151625574e-05,-1.5425375750055537e-05,2.8913551432196982e-05,-5.7839861256070435e-05,2.8926304366905242e-05,5.215554210735718e-06,-1.0418157216918189e-05,5.202603460929822e-06,5.57532030143193e-06,-1.1150113095936831e-05,5.574791430262849e-06,1.1849422662635334e-05,-2.376234988332726e-05,1.191292903968133e-05],[-0.0005386097473092377,0.0010772902751341462,-0.0005386802949942648,0.00034239565138705075,-0.0006832589278928936,0.0003408634220249951,-0.0007060778443701565,0.0024086995981633663,-0.0007026215316727757,0.0002816685591824353,-0.0005604872712865472,0.000278818653896451,-5.364821481634863e-05,0.00010694684169720858,-5.329861960490234e-05,-0.0003837041149381548,0.0007652851054444909,-0.0003815809031948447,0.00024303003738168627,-0.0004851437406614423,0.00024211363052017987,-4.627766611520201e-05,9.223628148902208e-05,-4.595862264977768e-05,-0.00020962036796845496,0.000417627627030015,-0.0002080072881653905,-0.0003524424973875284,0.0007035054732114077,-0.0003510630049277097,0.00022399051522370428,-0.00044618034735322,0.0002221898321295157,-4.274308230378665e-05,8.538199472241104e-05,-4.263890514266677e-05,-0.00019308987248223275,0.00038535098428837955,-0.00019226109725423157,-0.00012094786507077515,0.0002413238980807364,-0.00012037601845804602,5.5060183512978256e-05,-0.00011004954285454005,5.498935206560418e-05,-2.3624623281648383e-05,4.7322449972853065e-05,-2.3697823053225875e-05,5.2220053476048633e-05,-0.0001042106086970307,5.199054066906683e-05,-2.9131762858014554e-05,5.811516166431829e-05,-2.8983396987314336e-05,3.0563874133804347e-06,-6.115765245340299e-06,3.0593773772125132e-06,1.3934322851127945e-05,-2.7848140234709717e-05,1.3913817383581772e-05,-4.2301759094698355e-05,8.471261389786378e-05,-4.241085844114423e-05,7.7476897786255e-06,-1.553796391817741e-05,7.79027323005721e-06,6.823545845691115e-06,-1.3632929949380923e-05,6.809381829953054e-06,3.075895074289292e-05,-6.1534192354884e-05,3.0775230698054656e-05,-5.7685574574861676e-05,0.00011539660044945776,-5.7711018598638475e-05,-1.040558436216088e-05,2.0785328160854988e-05,-1.037974470818881e-05,-1.112336485675769e-05,2.2245676518650725e-05,-1.1122308933408931e-05,-2.364085230510682e-05,4.740840086014941e-05,-2.3767552193021402e-05],[0.0002686441002879292,-0.0005373234744183719,0.0002686793159227818,-0.00017077778466045856,0.00034079121542163193,-0.00017001353262457997,0.000738592236302793,-0.0007026215316727757,0.0009640294592827559,-0.00014048874436412007,0.0002795560285449028,-0.0001390672696288675,2.6758296371554025e-05,-5.334222805686295e-05,2.6583926228340715e-05,0.0001913812884595245,-0.0003817036631517112,0.00019032233103644103,-0.00012121685722377151,0.0002419766824459657,-0.00012075979611836374,2.308206785528455e-05,-4.60050068795681e-05,2.292293902428355e-05,0.00010455301526235417,-0.00020830145513173193,0.00010374846897320822,0.00017578885308466852,-0.0003508896625135094,0.00017510080942884088,-0.00011172046652063727,0.00022254277428146452,-0.00011082232231274247,2.1319114239304326e-05,-4.2586263589328155e-05,2.1267152988002636e-05,9.630807471694425e-05,-0.0001922027877299115,9.589470573700964e-05,6.032558303559199e-05,-0.00012036594125675038,6.0040358221158385e-05,-2.7462554498924874e-05,5.488978058565408e-05,-2.7427224267739803e-05,1.1783313311752863e-05,-2.3603133740834892e-05,1.1819820429082029e-05,-2.6045963750220835e-05,5.197745485929772e-05,-2.5931485652108677e-05,1.4530149201164022e-05,-2.8986296456423588e-05,1.4456147255259566e-05,-1.5244456790242111e-06,3.0503827019856544e-06,-1.5259370229614433e-06,-6.950057468202431e-06,1.3889889487472828e-05,-6.939830655028345e-06,2.1098978322697803e-05,-4.2252373532392085e-05,2.115339520969428e-05,-3.864342033921275e-06,7.749922588118352e-06,-3.8855814636917785e-06,-3.4033896554319654e-06,6.79971526551526e-06,-3.3963247005885933e-06,-1.534174407424871e-05,3.0691608117194846e-05,-1.5349862223956734e-05,2.877201586670708e-05,-5.75567246414721e-05,2.878470695577562e-05,5.1900292419304606e-06,-1.0367170034442097e-05,5.177141702006338e-06,5.548035005631391e-06,-1.1095543413830455e-05,5.5475084081990644e-06,1.1791424185503274e-05,-2.364604370086454e-05,1.1854620424855966e-05],[-0.00017166374891530722,0.00034334996598772705,-0.00017168624617625028,0.00016538298223167658,-0.00033002591226249933,0.00016464284271933138,-0.00014117982937023044,0.0002816685591824353,-0.00014048874436412007,0.0010013622231781483,-0.00041127169970422983,0.0004099094949197024,-1.8373841612628894e-06,3.6627955068979645e-06,-1.8254112319482374e-06,-0.0001224220177391544,0.0002441666438244283,-0.00012174461153335869,0.00011745215306291357,-0.00023446144768968225,0.00011700928007485345,-1.5479745343327522e-06,3.085277512582252e-06,-1.5373028645626619e-06,3.779029430006631e-05,-7.528977585025132e-05,3.7499488826142624e-05,-0.00011226889182580635,0.00022409833036363125,-0.00011182946764165536,0.00010816211579367518,-0.00021545469644479454,0.00010729258792707697,-1.470488314225804e-06,2.9373936740739737e-06,-1.4669041092929547e-06,3.431706863921136e-05,-6.84868500684388e-05,3.416977415326983e-05,9.271413546230178e-06,-1.84989894478349e-05,9.227578630088829e-06,3.281481986050494e-05,-6.558742461493239e-05,3.277260475442745e-05,-2.7476973627926782e-05,5.503907595993951e-05,-2.7562105969991535e-05,3.4045850043185055e-05,-6.794207001803443e-05,3.389621269889176e-05,-2.7868572942679748e-05,5.5595221056137234e-05,-2.7726640837499872e-05,-2.145797225239221e-06,4.293693564250134e-06,-2.147896339010913e-06,2.5364650355186313e-05,-5.0691975047811866e-05,2.532732287363615e-05,-3.017715243913699e-05,6.043213215889409e-05,-3.0254979719757102e-05,-2.3555367079097778e-07,4.7240177991625387e-07,-2.3684822281211382e-07,9.431346370547544e-08,-1.8843115867639426e-07,9.411769497091882e-08,1.5380381228169426e-05,-3.0768904252909124e-05,1.5388521205750294e-05,-2.1842650312464684e-05,4.3694937630789354e-05,-2.1852283680345863e-05,-3.056651166843949e-06,6.105711690906901e-06,-3.049060978810303e-06,-3.1661770663049538e-06,6.332054454105673e-06,-3.1658769330533687e-06,-7.667964382562786e-06,1.537702337373048e-05,-7.709059900662396e-06],[0.0003415905812289566,-0.0006832259241491556,0.00034163534292019904,-0.0003290926688350737,0.0006567125674337149,-0.00032761984039098024,0.00028093118453398347,-0.0005604872712865472,0.0002795560285449028,-0.00041127169970422983,0.001818382297642529,-0.00040711049223318696,3.656187345768558e-06,-7.288552751560928e-06,3.6323638141766423e-06,0.0002436054201098159,-0.0004858629545196891,0.0002422574907541275,-0.00023371586576104164,0.00046655049663968384,-0.00023283461632672697,3.080300530200475e-06,-6.139366632851306e-06,3.0590656479034806e-06,-7.519822247559205e-05,0.00014981775893829763,-7.461955829057842e-05,0.0002234018174931407,-0.0004459291812963784,0.00022252739290706813,-0.00021522981114685535,0.0004287293995730579,-0.00021349955932237208,2.926108663814375e-06,-5.845085070177447e-06,2.918977088484098e-06,-6.828692130511627e-05,0.000136280752485618,-6.799382390454412e-05,-1.8448989067110233e-05,3.681075031636283e-05,-1.8361763068242e-05,-6.529762322315946e-05,0.00013051123823970556,-6.52136150165461e-05,5.467592927743681e-05,-0.00010952126467600465,5.484533539856784e-05,-6.774724170099944e-05,0.00013519673666451126,-6.744948768755421e-05,5.545517342397943e-05,-0.00011062792327720672,5.517274257726967e-05,4.269891178410035e-06,-8.543959665985312e-06,4.274068487575278e-06,-5.047267768532038e-05,0.00010087108239531517,-5.03984083479736e-05,6.004895476507954e-05,-0.0001202527855639346,6.020383079885505e-05,4.687224191002315e-07,-9.400209819432348e-07,4.712985628430033e-07,-1.876840087788878e-07,3.749787538254168e-07,-1.8729451767285354e-07,-3.0605158826801926e-05,6.122652121121064e-05,-3.06213551084511e-05,4.346431160229258e-05,-8.694779535289854e-05,4.348348011262715e-05,6.082371783122653e-06,-1.2149639587732963e-05,6.067268259357661e-06,6.3003194554767106e-06,-1.2600042282429058e-05,6.299722372204997e-06,1.5258334315149114e-05,-3.0598443117924035e-05,1.5340110621764325e-05],[-0.00016992683231364936,0.00033987595816142857,-0.00016994909674394876,0.00016370965749956667,-0.000326686684275046,0.00016297699767164886,-0.00013975136971566826,0.000278818653896451,-0.0001390672696288675,0.0004099094949197024,-0.00040711049223318696,0.0009972010739147663,-1.8187766954724793e-06,3.6257026749808574e-06,-1.8069249563268386e-06,-0.00012118337326683104,0.0002416961797280237,-0.0001205128210131079,0.00011626377090578899,-0.00023208917991723865,0.00011582537990761921,-1.5323073512263363e-06,3.0540506941179046e-06,-1.5217436839520815e-06,3.740793181350455e-05,-7.452799763996154e-05,3.71200694644358e-05,-0.00011113291839137673,0.00022183086548466235,-0.00011069793254137039,0.00010706774628488347,-0.00021327476133592427,0.00010620700049912557,-1.4556090945916367e-06,2.9076709324726835e-06,-1.452061724194209e-06,3.3969870855798945e-05,-6.779393152100965e-05,3.382406794116832e-05,9.17760917218402e-06,-1.831182453315705e-05,9.13421536097303e-06,3.2482788810739294e-05,-6.492379179690033e-05,3.244100298616104e-05,-2.719896292546764e-05,5.448218871606514e-05,-2.7283233066555113e-05,3.370138074387796e-05,-6.725463754264638e-05,3.3553256798768416e-05,-2.7586596843320876e-05,5.503269858309068e-05,-2.74461017397698e-05,-2.1240894056973048e-06,4.25025655204081e-06,-2.1261673737171805e-06,2.510800550226122e-05,-5.017906369175762e-05,2.5071058189496398e-05,-2.9871809601900168e-05,5.982066068099812e-05,-2.994885107909795e-05,-2.3316931674344232e-07,4.676201115216827e-07,-2.3445079477824038e-07,9.33623596210964e-08,-1.8653099687071517e-07,9.316852356278105e-08,1.522476213722257e-05,-3.0457582397502847e-05,1.5232819350785576e-05,-2.1621650375891477e-05,4.325283953221515e-05,-2.1631187337334268e-05,-3.0257253911258886e-06,6.04393699177308e-06,-3.018211828020867e-06,-3.1341387511929497e-06,6.2679805523657706e-06,-3.13384134642547e-06,-7.5903808465227485e-06,1.5221441572066396e-05,-7.631060725543648e-06],[0.00011844847176689655,-0.00023691241221968085,0.00011846396228065714,4.344445187598467e-05,-8.66944610606879e-05,4.324999827076681e-05,2.68899166258052e-05,-5.364821481634863e-05,2.6758296371554025e-05,-1.8373841612628894e-06,3.656187345768558e-06,-1.8187766954724793e-06,0.0008797142072580755,-0.00015001086285337806,0.0002702967030927539,2.324690649402328e-05,-4.636518133338541e-05,2.311827483936213e-05,-1.563306113894214e-06,3.1207173378788866e-06,-1.557411110297835e-06,7.1619519985688385e-06,-1.4274528439273126e-05,7.112576440704288e-06,4.721395089291036e-05,-9.406457684235647e-05,4.685062958742492e-05,2.1411944544524886e-05,-4.2740073695313185e-05,2.132813460775651e-05,-1.47003993333783e-06,2.928261665147147e-06,-1.4582224139303435e-06,6.601502718694974e-06,-1.3186915566620883e-05,6.585412847925909e-06,4.332808020990342e-05,-8.647020149510354e-05,4.314211764722131e-05,2.3109110770747066e-05,-4.610896576195955e-05,2.299985135323368e-05,1.6919243535085116e-06,-3.3816722861956805e-06,1.689747932687169e-06,-5.143528596818214e-06,1.0302992450306192e-05,-5.1594647629826795e-06,2.568709987826878e-06,-5.126130417920649e-06,2.55741997534642e-06,-4.359621470939601e-06,8.697040357219521e-06,-4.337418431532569e-06,-1.2142749028498656e-06,2.429737833153922e-06,-1.2154628166172188e-06,6.053568540664855e-06,-1.2098229490220547e-05,6.044660949555691e-06,-2.9373957204370527e-06,5.882367531739874e-06,-2.944971811302821e-06,-1.3621632888316526e-06,2.731813083300949e-06,-1.369650021842972e-06,-1.1001743587257806e-06,2.1980654310027603e-06,-1.0978906175296288e-06,-2.800254605972441e-08,5.601987140835263e-08,-2.801732534862822e-08,2.3612985842191847e-06,-4.72363899461925e-06,2.3623399556527147e-06,7.172433811319934e-07,-1.4327056305774022e-06,7.154623631322465e-07,8.00130237621488e-07,-1.6001847598090535e-06,8.000543516573089e-07,1.390987108607078e-06,-2.789429117910913e-06,1.398442122990673e-06],[-0.00023612510995008051,0.0004722810990642756,-0.00023615596001036465,-8.660580351715907e-05,0.00017282398766838014,-8.621817687526345e-05,-5.3604610002366826e-05,0.00010694684169720858,-5.334222805686295e-05,3.6627955068979645e-06,-7.288552751560928e-06,3.6257026749808574e-06,-0.00015001086285337806,0.0012990444665774703,-0.00014903333794791251,-4.6342316636582837e-05,9.242821397492662e-05,-4.608589370036498e-05,3.116426341875922e-06,-6.221102012204938e-06,3.1046756703290157e-06,-1.4277231457526796e-05,2.8456037398427725e-05,-1.4178804121911526e-05,-9.412023064214736e-05,0.00018751618335954845,-9.339596726931632e-05,-4.268435077392496e-05,8.520163100911304e-05,-4.251728387316689e-05,2.9305001589818858e-06,-5.837442586198449e-06,2.906941290348186e-06,-1.3159982700017281e-05,2.628789297887124e-05,-1.3127909369359259e-05,-8.637386054033414e-05,0.0001723769964883104,-8.600312867201865e-05,-4.60676419606898e-05,9.19174708542414e-05,-4.584983253153041e-05,-3.3728124435583595e-06,6.74128568789456e-06,-3.368473244336201e-06,1.0253543223370798e-05,-2.0538855096674524e-05,1.0285311873303726e-05,-5.120683454151731e-06,1.0218861461908091e-05,-5.098177098261658e-06,8.69083760335343e-06,-1.733741555653978e-05,8.646576134196948e-06,2.420637883915333e-06,-4.843644092034083e-06,2.4230059807450743e-06,-1.206768774864031e-05,2.4117616703733802e-05,-1.2049928955093492e-05,5.855655672348803e-06,-1.1726414413715247e-05,5.870757831871742e-06,2.7154485451319488e-06,-5.445821898319991e-06,2.7303733531880425e-06,2.1931791707174852e-06,-4.381806320452597e-06,2.1886264676140854e-06,5.5817736210883595e-08,-1.1166503099957481e-07,5.584752216236666e-08,-4.707211246568477e-06,9.416499779035803e-06,-4.709287622972624e-06,-1.4298144606073038e-06,2.856078253898886e-06,-1.4262640206652577e-06,-1.5950486158544663e-06,3.1899462555884384e-06,-1.5948974123602966e-06,-2.772910647763638e-06,5.560681984206894e-06,-2.7877717911906075e-06],[0.00011767660907935351,-0.00023536857042927295,0.0001176919904537499,4.3161351641174406e-05,-8.612951205577701e-05,4.296816769056022e-05,2.671468973858282e-05,-5.329861960490234e-05,2.6583926228340715e-05,-1.8254112319482374e-06,3.6323638141766423e-06,-1.8069249563268386e-06,0.0002702967030927539,-0.00014903333794791251,0.0008787365513853729,2.309542105649598e-05,-4.606304719345644e-05,2.2967624317971058e-05,-1.5531232975263265e-06,3.100390358667937e-06,-1.5472670611416106e-06,7.11528082320001e-06,-1.4181508049659897e-05,7.066227226459887e-06,4.690628338721581e-05,-9.345160651719198e-05,4.6545326767954975e-05,2.1272411686368287e-05,-4.246156458975747e-05,2.1189151084399782e-05,-1.4604643183702137e-06,2.90918751488789e-06,-1.4487231965176761e-06,6.5584827098064125e-06,-1.3100981050229166e-05,6.542498340422753e-06,4.304575122660026e-05,-8.590675133746117e-05,4.28609928349033e-05,2.295852027600631e-05,-4.580849417834543e-05,2.2849972083349712e-05,1.680895820754813e-06,-3.359629772603512e-06,1.6787332697276725e-06,-5.110013262310531e-06,1.0235860827378929e-05,-5.125846200826345e-06,2.5519718747091247e-06,-5.092727406008635e-06,2.54075553129951e-06,-4.331214768171776e-06,8.640371561341453e-06,-4.309156793169677e-06,-1.2063604799550376e-06,2.4139010292856256e-06,-1.207540549330588e-06,6.014121026964858e-06,-1.2019391760986764e-05,6.005270734021906e-06,-2.9182590424170485e-06,5.844044153491268e-06,-2.9257851110742195e-06,-1.3532862794818357e-06,2.7140104066347703e-06,-1.3607242408397724e-06,-1.0930048119917046e-06,2.183741116823512e-06,-1.090736077458132e-06,-2.7819282877317164e-08,5.565334504353814e-08,-2.7834062166220974e-08,2.3459128897229675e-06,-4.6928612391639035e-06,2.3469476673199097e-06,7.125696583898389e-07,-1.4233698948373785e-06,7.108002364475396e-07,7.949154792186164e-07,-1.5897558114374988e-06,7.94840104845207e-07,1.3819234254697221e-06,-2.7712528662959812e-06,1.3893297818867723e-06],[0.00023383826192002743,-0.00046770719927735627,0.00023386887914966792,-0.00014881583047099411,0.0002969657361973077,-0.00014814989117439836,0.0001923227682709694,-0.0003837041149381548,0.0001913812884595245,-0.0001224220177391544,0.0002436054201098159,-0.00012118337326683104,2.324690649402328e-05,-4.6342316636582837e-05,2.309542105649598e-05,0.0009474666439928114,-0.0005587213672697544,0.0006112545961514115,-0.00010562634270172566,0.00021085441403556615,-0.00010522806405788288,2.005346141231712e-05,-3.9968679629964754e-05,1.9915214579668827e-05,2.6737880034488626e-05,-5.327000326360576e-05,2.6532128686085343e-05,0.00015301365056075156,-0.00030542840249836445,0.00015241473738569766,-9.735386265674606e-05,0.00019392507965676486,-9.657122427597642e-05,1.85214066732442e-05,-3.69976696674712e-05,1.8476266632205807e-05,2.4556675271014683e-05,-4.9007951020030305e-05,2.4451277568005025e-05,0.00010126675624633208,-0.00020205469627398998,0.00010078796913148835,-2.4039234631345607e-05,4.8047546442830935e-05,-2.400830817350652e-05,1.041986070049461e-05,-2.0872006643912755e-05,1.0452144124428742e-05,-2.279477848787792e-05,4.5489377953344956e-05,-2.269459218950942e-05,1.280699871131219e-05,-2.5548772100592032e-05,1.2741773389279842e-05,-1.31828210214735e-06,2.637853867781814e-06,-1.319571765634464e-06,-6.162522822705796e-06,1.2315977073740214e-05,-6.153454251034418e-06,1.8458860722603276e-05,-3.696533167385496e-05,1.8506469132262282e-05,-3.3506557883811183e-06,6.719727025483735e-06,-3.3690716918499675e-06,-2.9431846542138373e-06,5.880260687263217e-06,-2.937075350928353e-06,-1.3451693121169228e-05,2.6910505766863935e-05,-1.3458810826705303e-05,2.5095425371546298e-05,-5.0201924750581384e-05,2.5106493922066875e-05,4.5157421482144855e-06,-9.02027022675611e-06,4.504528533288976e-06,4.8377019084000494e-06,-9.674945431470405e-06,4.837243068323005e-06,1.0267824109178036e-05,-2.059067446680274e-05,1.0322853086108807e-05],[-0.00046638265484943986,0.0009328265441581607,-0.00046644374378956854,0.00029680822626687586,-0.0005922882119193673,0.0002954800147563219,-0.0003835813549812883,0.0007652851054444909,-0.0003817036631517112,0.0002441666438244283,-0.0004858629545196891,0.0002416961797280237,-4.636518133338541e-05,9.242821397492662e-05,-4.606304719345644e-05,-0.0005587213672697544,0.0021143509075045586,-0.0005556297255679965,0.00021066825138404965,-0.0004205421719234437,0.00020987389143556356,-3.999597538495436e-05,7.971622835611925e-05,-3.9720238419249654e-05,-5.332784712663852e-05,0.00010624532296787947,-5.2917479479219764e-05,-0.0003051806997973472,0.0006091668619774282,-0.00030398619128391147,0.0001941690716193989,-0.0003867771301884204,0.0001926081022247672,-3.694032784551382e-05,7.379062299150974e-05,-3.68502878700383e-05,-4.8977490223478526e-05,9.774476347956806e-05,-4.876727325608954e-05,-0.00020197320554871112,0.00040299148531630635,-0.00020101827976759523,4.794540291186422e-05,-9.582913480699062e-05,4.788372461916879e-05,-2.0782093997695483e-05,4.162857658229768e-05,-2.0846486222581007e-05,4.5463399146683514e-05,-9.072698594536632e-05,4.5263579522725195e-05,-2.554314414737746e-05,5.095620144857094e-05,-2.541305366321467e-05,2.629245727803209e-06,-5.2610635066230316e-06,2.6318177788198227e-06,1.2290916856727563e-05,-2.4563749320805073e-05,1.2272829735593405e-05,-3.68156106560491e-05,7.37261725589633e-05,-3.6910561902914196e-05,6.682775165245403e-06,-1.3402281183516607e-05,6.719505563523853e-06,5.870077075087465e-06,-1.1727971468644682e-05,5.8578925745678134e-06,2.682893318706192e-05,-5.367206904338673e-05,2.6843132218346e-05,-5.0051989092025906e-05,0.00010012606799136847,-5.007406434742734e-05,-9.00651139090769e-06,1.7990658307098784e-05,-8.984146916191094e-06,-9.648656487115659e-06,1.9296399841550738e-05,-9.647741535445675e-06,-2.047886300715618e-05,4.1067480196943507e-05,-2.0588620827766135e-05],[0.0002325443783774972,-0.0004651192284654826,0.00023257479188032448,-0.00014799238124396652,0.0002953225339297205,-0.00014733012358192354,0.0001912585721584037,-0.0003815809031948447,0.00019032233103644103,-0.00012174461153335869,0.0002422574907541275,-0.0001205128210131079,2.311827483936213e-05,-4.608589370036498e-05,2.2967624317971058e-05,0.0006112545961514115,-0.0005556297255679965,0.0009443751769140363,-0.0001050419159582816,0.00020968775788787752,-0.00010464584192959592,1.9942503058700822e-05,-3.974752689828165e-05,1.980502020160202e-05,2.6589943445287645e-05,-5.297526513459161e-05,2.638532896526158e-05,0.0001521669764770195,-0.0003037383721675724,0.0001515713956905529,-9.681517985882238e-05,0.00019285203597974032,-9.603686339687556e-05,1.8418919353280216e-05,-3.679294968605973e-05,1.8374028513790108e-05,2.4420805857516825e-05,-4.873678699368611e-05,2.43159884121269e-05,0.0001007064274745062,-0.00020093667262699455,0.00010023027425631881,-2.3906221031211317e-05,4.7781693865545094e-05,-2.3875467377365567e-05,1.0362198736402206e-05,-2.0756502635776997e-05,1.0394305718364194e-05,-2.2668651581625454e-05,4.52376771136187e-05,-2.2569018256035633e-05,1.2736121789203025e-05,-2.5407382054254413e-05,1.2671258446061984e-05,-1.3109961400914472e-06,2.623275122459745e-06,-1.3122787549946224e-06,-6.128420409368118e-06,1.2247823178768158e-05,-6.11940276940004e-06,1.8356717191636562e-05,-3.6760779039468616e-05,1.8404061847832054e-05,-3.3321189221169334e-06,6.682552339043468e-06,-3.3504331895528594e-06,-2.9269049264257774e-06,5.847735337738413e-06,-2.9208295018179342e-06,-1.3377260074776132e-05,2.6761601475300267e-05,-1.3384340491029434e-05,2.495655462553259e-05,-4.9924121412914246e-05,2.4967561330413446e-05,4.490752417041222e-06,-8.970353519544005e-06,4.479601102502784e-06,4.810930477106012e-06,-9.621405297366437e-06,4.810474365513073e-06,1.021100706566358e-05,-2.0476738427532837e-05,1.0265732271363959e-05],[-0.0001481152285123244,0.0002962497528642416,-0.0001481345680076629,0.00014277723676059395,-0.00028491546981967986,0.0001421382330590859,-0.00012181312195025384,0.00024303003738168627,-0.00012121685722377151,0.00011745215306291357,-0.00023371586576104164,0.00011626377090578899,-1.563306113894214e-06,3.116426341875922e-06,-1.5531232975263265e-06,-0.00010562634270172566,0.00021066825138404965,-0.0001050419159582816,0.0009846591856330633,-0.00032477243803441525,0.00034011329989880323,-1.3169910744181834e-06,2.624902208481217e-06,-1.3079118161840597e-06,-1.7626832686801208e-06,3.511802333378e-06,-1.7491192920715548e-06,-9.686884732218459e-05,0.00019335852994117886,-9.648968989495188e-05,9.337889059679583e-05,-0.0001860070915427059,9.262820094591007e-05,-1.251144681191363e-06,2.499239826647681e-06,-1.2480953728299937e-06,-1.6649299823257024e-06,3.322713155284873e-06,-1.657784309827548e-06,3.376950553501956e-05,-6.73793547321111e-05,3.3609838283155113e-05,2.8420050512067974e-05,-5.680354297510348e-05,2.8383488825056702e-05,-2.391259840806015e-05,4.7899287892505527e-05,-2.398668584646657e-05,2.945352389360778e-05,-5.877760122530162e-05,2.932407005573623e-05,-2.418652547930833e-05,4.824987263418734e-05,-2.4063345335889608e-05,-1.8692122694119462e-06,3.7402533052954823e-06,-1.8710409221966984e-06,2.199058872065507e-05,-4.394881761982106e-05,2.1958227080176584e-05,-2.608726208563894e-05,5.224180131335743e-05,-2.615454104670789e-05,-2.1856351395399543e-07,4.3832824303535745e-07,-2.1976472908136202e-07,6.222148840606678e-08,-1.243138285644818e-07,6.209245384525275e-08,1.3405634490482043e-05,-2.6818368496606126e-05,1.3412729458650574e-05,-1.8872120563173667e-05,3.775257209781557e-05,-1.8880444258684292e-05,-2.6562338462099433e-06,5.3058715820952784e-06,-2.6496379632590106e-06,-2.757087031568517e-06,5.513913038157625e-06,-2.7568257792154327e-06,-6.622103683184832e-06,1.3279695849632844e-05,-6.6575939854374155e-06],[0.00029567195451818407,-0.0005913825007155538,0.00029571057530120015,-0.0002850161399692297,0.0005687566590495408,-0.00028374051908031106,0.00024316695635206997,-0.0004851437406614423,0.0002419766824459657,-0.00023446144768968225,0.00046655049663968384,-0.00023208917991723865,3.1207173378788866e-06,-6.221102012204938e-06,3.100390358667937e-06,0.00021085441403556615,-0.0004205421719234437,0.00020968775788787752,-0.00032477243803441525,0.0016483202343806624,-0.00032354783616028726,2.629017444633064e-06,-5.2399118430912495e-06,2.610893488963484e-06,3.518726543916273e-06,-7.010377430560766e-06,3.491650431897142e-06,0.00019337247067596763,-0.000385988038033247,0.00019261559646110982,-0.00018640566850081086,0.00037131280987523496,-0.00018490715592633933,2.497563173164963e-06,-4.989039098290959e-06,2.4914759251259966e-06,3.3236049148399616e-06,-6.632946224272018e-06,3.3093397178163286e-06,-6.741166725987568e-05,0.00013450461847241968,-6.709293666062877e-05,-5.673294435837306e-05,0.00011339290358591825,-5.665995922754519e-05,4.773500404553488e-05,-9.561791375745088e-05,4.7882909711916e-05,-5.879600212210789e-05,0.00011733359860954806,-5.853758557350375e-05,4.828183227800764e-05,-9.631777356844395e-05,4.8035937652457505e-05,3.731357992364792e-06,-7.466365786967799e-06,3.735008249350358e-06,-4.389826790429652e-05,8.773193985689431e-05,-4.38336719525978e-05,5.207615322433412e-05,-0.00010428662062622607,5.221046376391314e-05,4.362930212664651e-07,-8.749839253141545e-07,4.386909040476894e-07,-1.2421992323652375e-07,2.48181549977744e-07,-1.2396185411489569e-07,-2.6760713808471337e-05,5.353559390641749e-05,-2.677487464097794e-05,3.7673074984923005e-05,-7.53627682570368e-05,3.76896932721138e-05,5.302443241816945e-06,-1.059171790984692e-05,5.289276032272028e-06,5.5037698984961025e-06,-1.100701865652809e-05,5.503247848537285e-06,1.321922263741726e-05,-2.6509291274123825e-05,1.3290070455695968e-05],[-0.00014755672600585967,0.0002951327187474817,-0.00014757600729353726,0.0001422388741048053,-0.00028384116012603045,0.00014160228602122515,-0.00012135382712585852,0.00024211363052017987,-0.00012075979611836374,0.00011700928007485345,-0.00023283461632672697,0.00011582537990761921,-1.557411110297835e-06,3.1046756703290157e-06,-1.5472670611416106e-06,-0.00010522806405788288,0.00020987389143556356,-0.00010464584192959592,0.00034011329989880323,-0.00032354783616028726,0.0009834346128627658,-1.3120259154675296e-06,2.6150069061259273e-06,-1.302980535911047e-06,-1.7560382730152924e-06,3.4985637284989934e-06,-1.7425252281100256e-06,-9.650359424995258e-05,0.000192629435332492,-9.612586291041225e-05,9.302680700784549e-05,-0.0001853057328844443,9.227894770447165e-05,-1.246420083589328e-06,2.489802227501059e-06,-1.2433824849722441e-06,-1.6586536730756052e-06,3.3101887311204337e-06,-1.6515350580448285e-06,3.3642172638792545e-05,-6.712527829222381e-05,3.348311292938888e-05,2.8312899303273298e-05,-5.6589375162729993e-05,2.8276474040467292e-05,-2.382242564635817e-05,4.771866224473342e-05,-2.389623477938585e-05,2.93424709525425e-05,-5.855598283233121e-05,2.92135064228205e-05,-2.4095312255667523e-05,4.8067911848193035e-05,-2.397259777353611e-05,-1.8621577737576445e-06,3.72613726540294e-06,-1.8639794916452956e-06,2.190767918364145e-05,-4.378312223707326e-05,2.1875441234442405e-05,-2.5988883862737566e-05,5.204479384701699e-05,-2.6055911803268827e-05,-2.1773541902803117e-07,4