{"epoch":0,"H":[[0.011715434491634369,-0.0015212912112474442,-0.009194144047796726,-0.00711048673838377,-0.00246586836874485,0.009576354175806046,0.0016451053088530898,0.0005169134819880128,-0.0021620187908411026,0.00024195201694965363,0.00198803236708045,-0.00222998415119946,0.002096818760037422,0.0008870813762769103,-0.0029838995542377234,0.0009733396582305431,-0.003390645142644644,0.0024173047859221697,0.0003244091640226543,0.0014615720137953758,-0.001785981236025691,-0.002252131700515747,0.0008053422207012773,0.0014467894798144698,-0.0006902805180288851,-0.0019971439614892006,0.002687424421310425,0.001377060660161078,-0.0027484388556331396,0.0013713778462260962,-0.00048028648598119617,0.0013164456468075514,-0.000836159277241677,-0.002362564206123352,0.0009539483580738306,0.0014086156152188778,-0.0014049093006178737,-0.0013504363596439362,0.0027553457766771317,-0.0020689486991614103,-0.0008887724252417684,0.002957720309495926,0.002206686418503523,0.0015837892424315214,-0.0037904754281044006,-0.0013199890963733196,0.003376333275809884,-0.002056344412267208,-0.0002945841115433723,0.0012296256609261036,-0.0009350416949018836,0.0011490609031170607,0.0003929091617465019,-0.001541969832032919,-0.0002462855482008308,-0.0015631066635251045,0.0018093922408297658,9.382906137034297e-05,-0.0007607755833305418,0.0006669465219601989,-0.0011270164977759123,0.0023888542782515287,-0.0012618377804756165,-0.0003461032174527645,-0.0010997647186741233,0.001445867819711566,0.0009368318133056164,0.0008534510270692408,-0.0017902825493365526,-0.0006637949263677001,-9.63175407378003e-05,0.0007601125398650765,-4.451413406059146e-05,-0.00013751816004514694,0.00018203232320956886,-0.0005914418725296855,-0.0005785335670225322,0.0011699753813445568,0.0009143918287009001,0.00018773673218674958,-0.0011021285317838192,0.0009155013831332326,-0.0010045135859400034,8.901208639144897e-05],[-0.0015212912112474442,0.03329196944832802,-0.0307706780731678,2.8099340852349997e-05,0.004839469213038683,-0.004867568612098694,-0.00206704530864954,0.014428488910198212,-0.012361442670226097,-0.0046929726377129555,0.0027542675379663706,0.001938705099746585,0.005870591849088669,0.007300728932023048,-0.013171319849789143,-0.00594820873811841,0.006450005806982517,-0.0005017973016947508,-0.002038624370470643,0.002954859519377351,-0.0009162349160760641,0.0018548986408859491,0.003405660390853882,-0.005260559264570475,0.004611266776919365,0.004233597777783871,-0.008844864554703236,-0.0013796755811199546,0.010699968785047531,-0.009320292621850967,-0.0027366147842258215,0.004460479132831097,-0.0017238645814359188,0.0066290018148720264,0.0024671948049217463,-0.009096195921301842,0.004038289189338684,0.005359464790672064,-0.00939775537699461,0.002673748880624771,0.006012542173266411,-0.008686291053891182,-0.0007901573553681374,0.0002464301651343703,0.0005437277723103762,0.00028996303444728255,-0.003902988974004984,0.0036130258813500404,-0.00027558242436498404,-0.00452321395277977,0.004798796493560076,0.0008777664043009281,-0.0006572413258254528,-0.00022052496206015348,-0.0009280361700803041,0.002381641883403063,-0.0014536055969074368,0.000602687185164541,0.0010220083640888333,-0.0016246952582150698,0.0009568296372890472,0.00011862003157148138,-0.0010754497488960624,-0.0005815539043396711,-7.43395066820085e-05,0.0006558935274370015,-0.0014688054798170924,-0.0008288617245852947,0.002297667320817709,0.0012897395063191652,-0.00194824137724936,0.0006585016380995512,0.00032578257378190756,0.0008452700567431748,-0.0011710525723174214,-0.0002985631872434169,-0.0015511636156588793,0.0018497267737984657,0.0008313602884300053,-0.0027330275624990463,0.001901667332276702,-0.00014946633018553257,-0.0018958663567900658,0.0020453326869755983],[-0.009194144047796726,-0.0307706780731678,0.040964823216199875,0.007082387339323759,-0.0023736017756164074,-0.004708785563707352,0.00042194058187305927,-0.014945401810109615,0.0145234614610672,0.004451019689440727,-0.0047422973439097404,0.00029127782909199595,-0.007967409677803516,-0.008187810890376568,0.016155218705534935,0.004974868148565292,-0.0030593620613217354,-0.0019155063200742006,0.0017142142169177532,-0.004416430369019508,0.002702215686440468,0.00039723189547657967,-0.004211000166833401,0.003813769668340683,-0.003920988645404577,-0.0022364556789398193,0.006157443858683109,2.6150373741984367e-06,-0.007951531559228897,0.007948917336761951,0.003216901095584035,-0.00577692361548543,0.002560022519901395,-0.004266439005732536,-0.003421142930164933,0.007687583565711975,-0.0026333783753216267,-0.0040090265683829784,0.006642405409365892,-0.0006048004142940044,-0.005123770330101252,0.005728570278733969,-0.0014165282482281327,-0.0018302197568118572,0.0032467481214553118,0.0010300253052264452,0.0005266561056487262,-0.0015566814690828323,0.0005701659247279167,0.003293587826192379,-0.003863753518089652,-0.002026827074587345,0.00026433297898620367,0.0017624935135245323,0.0011743211653083563,-0.0008185361512005329,-0.0003557853342499584,-0.0006965161301195621,-0.0002612333046272397,0.0009577494347468019,0.00017018686048686504,-0.0025074745062738657,0.0023372876457870007,0.0009276567725464702,0.001174103352241218,-0.0021017601247876883,0.0005319745978340507,-2.4589127860963345e-05,-0.0005073854699730873,-0.0006259442307054996,0.002044558059424162,-0.0014186137123033404,-0.0002812678867485374,-0.0007077522459439933,0.0009890201035887003,0.0008900050888769329,0.0021296972408890724,-0.0030197021551430225,-0.0017457520589232445,0.002545290859416127,-0.0007995385676622391,-0.0007660349947400391,0.0029003797098994255,-0.00213434430770576],[-0.00711048673838377,2.8099340852349997e-05,0.007082387339323759,0.01467187236994505,0.0047415150329470634,-0.01841338723897934,-0.002480088733136654,0.000560961605515331,0.0019191271858289838,0.002751522697508335,0.0002835469495039433,-0.0030350694432854652,-0.0034525857772678137,0.0007717279368080199,0.0026808572001755238,0.00037931473343633115,0.0027758735232055187,-0.0031551881693303585,0.0016672646161168814,-0.00041357078589498997,-0.0012536942958831787,-0.00034622225211933255,0.0003982239868491888,-5.200156010687351e-05,-0.0006079436861909926,0.0009794613579288125,-0.00037151778815314174,-0.0010421217884868383,0.0005908611929044127,0.0004512607119977474,0.0021324523258954287,-0.001261841505765915,-0.0008706108201295137,0.0016987710259854794,0.0011485690483823419,-0.002847340190783143,-0.00023877758940216154,0.00022305251331999898,1.57251488417387e-05,-0.00108054478187114,-0.0005953470827080309,0.0016758919227868319,-0.00010828653466887772,-0.0025739872362464666,0.0026822739746421576,0.0005595398833975196,-0.0005575803807005286,-1.9593717297539115e-06,-0.0004732771485578269,-0.0014133829390630126,0.001886660000309348,-0.0008291176054626703,0.0011941122356802225,-0.000364994746632874,-0.00019610545132309198,0.0009640631615184247,-0.0007679577684029937,0.0003802690771408379,-0.0007066581165418029,0.000326389039400965,-0.000237767439102754,-0.0019202418625354767,0.002158009447157383,0.00017718195158522576,0.000541798013728112,-0.000718979979865253,-0.0006941964384168386,-0.00016125105321407318,0.0008554473170079291,-0.00019129799329675734,-0.0003443382156547159,0.0005356362671591341,0.00041341109317727387,0.001008846564218402,-0.0014222577447071671,0.0009107864461839199,-0.00019831969984807074,-0.0007124667172320187,-0.00021895370446145535,0.000618082529399544,-0.0003991288540419191,-0.0006946508656255901,0.0012139693135395646,-0.0005193185061216354],[-0.00246586836874485,0.004839469213038683,-0.0023736017756164074,0.0047415150329470634,0.01516318041831255,-0.01890469156205654,0.0005351961590349674,0.0003964597126469016,-0.0009316552896052599,-0.0005195506382733583,0.003411281853914261,-0.002891731448471546,-0.0003486132191028446,-0.00020369747653603554,0.0005523110739886761,-0.0030449992045760155,-0.002632998628541827,0.005677997134625912,0.0009347815648652613,0.006892490200698376,-0.007827270776033401,0.0008914767531678081,0.0016045577358454466,-0.0024960346054285765,0.0016154340701177716,0.0008513650391250849,-0.0024667992256581783,0.0016703845467418432,0.0020358420442789793,-0.003706226823851466,0.00042353570461273193,0.0026071122847497463,-0.0030306479893624783,0.0006483604665845633,-0.00400543212890625,0.0033570711966603994,0.0016003937926143408,-0.00017238740110769868,-0.0014280066825449467,0.009262274950742722,0.0030535501427948475,-0.012315823696553707,0.00017131527420133352,0.001268609194085002,-0.0014399243518710136,-0.0012651991564780474,0.0015125934733077884,-0.0002473946660757065,0.0017947768792510033,-0.0017031334573403,-9.164330549538136e-05,-0.0008881736430339515,-0.0007389804814010859,0.0016271539498120546,-0.0020866896957159042,-0.0007466941024176776,0.00283338432200253,0.0009583678911440074,0.0016641838010400534,-0.0026225512847304344,-0.0014823735691606998,-0.0021972423419356346,0.003679616143926978,-0.000783338095061481,0.0014704624190926552,-0.0006871242076158524,-0.0006547744851559401,0.0022897201124578714,-0.0016349457437172532,0.0013184291310608387,-0.00034067663364112377,-0.0009777526138350368,-0.0008175567490980029,0.00029047904536128044,0.0005270778201520443,0.0018687091069296002,0.0036916148383170366,-0.005560323596000671,-0.0002708910615183413,0.00035600923001766205,-8.511811029165983e-05,-0.0019202153198421001,0.001207543071359396,0.0007126717828214169],[0.009576354175806046,-0.004867568612098694,-0.004708785563707352,-0.01841338723897934,-0.01890469156205654,0.038318078964948654,0.0019448924576863647,-0.0009574212599545717,-0.0009874720126390457,-0.0022319722920656204,-0.00369482790119946,0.005926799960434437,0.003801200073212385,-0.0005680285394191742,-0.003233170136809349,0.0026656831614673138,-0.0001428739633411169,-0.0025228094309568405,-0.002602043328806758,-0.006478913594037294,0.009080958552658558,-0.0005452558398246765,-0.002002781257033348,0.0025480370968580246,-0.0010074902093037963,-0.0018308248836547136,0.0028383147437125444,-0.0006282610120251775,-0.0026267014909535646,0.003254962619394064,-0.0025559866335242987,-0.0013452686835080385,0.003901255317032337,-0.0023471303284168243,0.002856863895431161,-0.0005097335088066757,-0.0013616152573376894,-5.0662289140746e-05,0.0014122782740741968,-0.008181729353964329,-0.002458202186971903,0.01063993014395237,-6.30287395324558e-05,0.0013053759466856718,-0.0012423472944647074,0.0007056593312881887,-0.0009550135000608861,0.0002493542851880193,-0.001321499003097415,0.0031165156979113817,-0.0017950166948139668,0.0017172915395349264,-0.0004551320744212717,-0.0012621590867638588,0.0022827943321317434,-0.0002173698740079999,-0.0020654243417084217,-0.0013386370847001672,-0.0009575248695909977,0.002296161837875843,0.0017201422015205026,0.004117483738809824,-0.005837625823915005,0.0006061563035473228,-0.002012259094044566,0.0014061029069125652,0.0013489712728187442,-0.0021284681279212236,0.0007794967386871576,-0.001127131748944521,0.000685014296323061,0.00044211745262145996,0.0004041457432322204,-0.001299325143918395,0.000895179167855531,-0.002779494971036911,-0.003493294585496187,0.006272789556533098,0.0004898447077721357,-0.0009740908863022923,0.00048424629494547844,0.0026148660108447075,-0.0024215129669755697,-0.00019335304386913776],[0.0016451053088530898,-0.00206704530864954,0.00042194058187305927,-0.002480088733136654,0.0005351961590349674,0.0019448924576863647,-0.002531992504373193,0.014155750162899494,-0.010623758658766747,-0.0008996134856715798,-0.00044508519931696355,0.0013446987140923738,-0.002164439531043172,0.0015129155945032835,0.0006515239365398884,0.0014308042591437697,-0.0018385580042377114,0.0004077536577824503,-0.0013395866844803095,-0.0006386098684743047,0.001978196669369936,-0.0005697190063074231,-0.0009842501021921635,0.0015539689920842648,0.0035224808380007744,0.0031066720839589834,-0.0066291531547904015,0.0011457493528723717,-0.0007022125646471977,-0.0004435370792634785,-0.0004802183830179274,0.0017430316656827927,-0.0012628132244572043,-0.0005619227886199951,0.0007558234501630068,-0.00019390071975067258,-0.0005154982209205627,0.00230765319429338,-0.0017921547405421734,-0.001217251061461866,-0.0017903437837958336,0.003007594496011734,0.0023544607684016228,-0.0007206848822534084,-0.0016337757697328925,-0.0015030214563012123,0.0024392721243202686,-0.0009362509008497,0.0007765482878312469,-0.00032364504295401275,-0.0004529032448772341,0.00019157823408022523,-0.0005299686454236507,0.0003383904113434255,-3.394443774595857e-05,-0.0010660471161827445,0.001099991612136364,-0.0002176183625124395,-0.0006267654243856668,0.0008443837286904454,-0.0005238177836872637,0.0008712504641152918,-0.0003474326222203672,0.00038687922642566264,-0.00025165308034047484,-0.00013522611698135734,-8.643258479423821e-05,-0.00043224217370152473,0.0005186747293919325,0.00013259706611279398,-0.0010867941891774535,0.0009541971376165748,-0.0006694234907627106,-0.0003598809998948127,0.0010293045779690146,-0.00012064582551829517,0.0005168879288248718,-0.0003962421615142375,3.1732197385281324e-05,0.00023901078384369612,-0.000270742952125147,-0.0002599387080408633,-0.0005412347381934524,0.0008011735044419765],[0.0005169134819880128,0.014428488910198212,-0.014945401810109615,0.000560961605515331,0.0003964597126469016,-0.0009574212599545717,0.014155750162899494,0.013758072629570961,-0.026913821697235107,-0.002960375277325511,0.0011123261647298932,0.001848048996180296,0.0015449542552232742,0.002994091250002384,-0.004539045039564371,-0.003997247666120529,0.006508966442197561,-0.0025117185432463884,-0.0013319728896021843,-0.00018092873506247997,0.0015129019739106297,0.0035845746751874685,0.00592341274023056,-0.009507986716926098,0.0067436001263558865,-0.004405544139444828,-0.0023380559869110584,-0.0024110833182930946,0.009948722086846828,-0.007537638768553734,-0.004065715707838535,-0.0024070460349321365,0.006472762208431959,0.000771542196162045,0.0012403944274410605,-0.0020119361579418182,0.005974119529128075,-0.004588698036968708,-0.0013854227727279067,0.003598144743591547,0.0023538859095424414,-0.005952029954642057,-0.0016671755583956838,0.0006807609461247921,0.0009864147286862135,-0.0003972077101934701,-0.0021218140609562397,0.0025190215092152357,-0.00017174857202917337,-0.002167448867112398,0.0023391973227262497,0.000476161454571411,-0.0019157037604600191,0.0014395422767847776,-6.408977787941694e-05,0.0008739494951441884,-0.0008098596590571105,0.0013019265606999397,0.0004536598571576178,-0.0017555863596498966,3.079814632656053e-05,-0.002680252306163311,0.002649454167112708,-0.0006695016054436564,-1.6213016351684928e-05,0.0006857147091068327,-0.0003524740459397435,-0.00027499860152602196,0.0006274725310504436,0.0014840902294963598,-5.3606112487614155e-05,-0.0014304844662547112,0.001070080092176795,-0.00045131606748327613,-0.0006187641993165016,-0.0005236008437350392,0.000415479444200173,0.00010812142863869667,2.5613830075599253e-05,-0.00044869963312521577,0.00042308587580919266,-0.0013679148396477103,-0.0009952641557902098,0.0023631788790225983],[-0.0021620187908411026,-0.012361442670226097,0.0145234614610672,0.0019191271858289838,-0.0009316552896052599,-0.0009874720126390457,-0.010623758658766747,-0.026913821697235107,0.03853758051991463,0.0038599870167672634,-0.0006672402960248291,-0.003192746778950095,0.0006194860907271504,-0.004507005214691162,0.003887519473209977,0.002566443756222725,-0.004670408088713884,0.0021039647981524467,0.00267155934125185,0.0008195389527827501,-0.0034910987596958876,-0.0030148555524647236,-0.004939161706715822,0.007954017259180546,-0.010266082361340523,0.00129887112416327,0.008967211470007896,0.0012653341982513666,-0.00924651138484478,0.007981176488101482,0.004545934032648802,0.0006640148349106312,-0.00520994933322072,-0.0002096185926347971,-0.001996217295527458,0.0022058351896703243,-0.005458621308207512,0.002281045075505972,0.0031775780953466892,-0.002380893100053072,-0.0005635403795167804,0.002944433595985174,-0.0006872853846289217,3.992416895925999e-05,0.0006473612156696618,0.0019002292538061738,-0.00031745765591040254,-0.0015827711904421449,-0.0006047991337254643,0.002491092775017023,-0.001886293524876237,-0.0006677402416244149,0.002445672173053026,-0.001777932047843933,9.803415014175698e-05,0.00019209645688533783,-0.0002901305560953915,-0.0010843084892258048,0.0001731045194901526,0.0009112039115279913,0.000493019528221339,0.001809001318179071,-0.002302020788192749,0.00028262269916012883,0.00026786612579599023,-0.0005504888249561191,0.0004389065725263208,0.000707240600604564,-0.0011461472604423761,-0.0016166873974725604,0.0011403990210965276,0.0004762887256219983,-0.00040065712528303266,0.0008111973293125629,-0.0004105402040295303,0.0006442469311878085,-0.0009323667618446052,0.0002881197724491358,-5.7345780078321695e-05,0.0002096888201776892,-0.00015234302554745227,0.0016278537223115563,0.0015364991268143058,-0.003164352849125862],[0.00024195201694965363,-0.0046929726377129555,0.004451019689440727,0.002751522697508335,-0.0005195506382733583,-0.0022319722920656204,-0.0008996134856715798,-0.002960375277325511,0.0038599870167672634,0.016988707706332207,-0.010078863240778446,-0.005909846164286137,0.0003049421648029238,-0.004001677967607975,0.0036967352498322725,0.002366021042689681,-0.0017792047001421452,-0.0005868162261322141,0.0016075065359473228,-3.6148529034107924e-05,-0.0015713580651208758,-2.8126290999352932e-05,-0.0037480511236935854,0.0037761772982776165,-0.004483305383473635,-0.0003090022364631295,0.004792306572198868,0.0011909252498298883,-0.0010001591872423887,-0.00019076603348366916,0.003514662617817521,-2.5469198590144515e-05,-0.0034891937393695116,-0.0003582553763408214,-0.003181107109412551,0.003539362456649542,-0.0011580231366679072,-0.0020255728159099817,0.0031835956033319235,-0.0018197898752987385,-0.002956606913357973,0.004776396788656712,7.950222061481327e-05,0.0006594621227122843,-0.0007389643578790128,9.121974289882928e-05,-0.0025419543962925673,0.002450734842568636,0.00023987417807802558,8.554127998650074e-05,-0.00032541551627218723,-0.0003412973019294441,-0.0004576228093355894,0.0007989201694726944,-0.000414601614465937,0.00023125721781980246,0.0001833444694057107,-5.437945219455287e-06,-0.0010605260031297803,0.001065964112058282,-0.0005129593773745,-0.0018404567381367087,0.002353416057303548,0.00013686501188203692,-0.0004009214462712407,0.0002640564343892038,-0.0004483608645386994,-0.00012313973275013268,0.0005715005681850016,0.0007452927529811859,-0.00039782372186891735,-0.000347469060216099,0.0006043043686076999,-0.0009853809606283903,0.00038107656291686,0.000304804794723168,7.972936145961285e-06,-0.00031277775997295976,-0.0004800597671419382,-0.00043119635665789247,0.0009112561237998307,-0.00037605472607538104,0.0005871139001101255,-0.00021105934865772724],[0.00198803236708045,0.0027542675379663706,-0.0047422973439097404,0.0002835469495039433,0.003411281853914261,-0.00369482790119946,-0.00044508519931696355,0.0011123261647298932,-0.0006672402960248291,-0.010078863240778446,0.007664095144718885,0.0034147691912949085,2.1042564185336232e-05,-0.0005051677580922842,0.00048412513569928706,-0.00048147275811061263,-0.0021287754643708467,0.0026102482806891203,0.0010768495267257094,0.0044793966226279736,-0.0055562471970915794,0.0011990402126684785,0.0003639350179582834,-0.0015629753470420837,0.005035277921706438,0.005649876315146685,-0.010685153305530548,-0.0007654900546185672,0.0012401551939547062,-0.00047466493560932577,-0.0020710951648652554,0.0021161451004445553,-4.505016840994358e-05,0.0008960927370935678,0.0001688705524429679,-0.001064963173121214,0.0024887474719434977,-4.682282451540232e-05,-0.002441924996674061,0.002939955797046423,0.0009488865034654737,-0.0038888417184352875,0.001001712866127491,-0.0010992034804075956,9.749038144946098e-05,-0.0014162890147417784,-0.0011963190045207739,0.0026126080192625523,0.002170616528019309,-0.003353170119225979,0.001182553474791348,-0.0006098265293985605,-0.0011629099026322365,0.0017727361992001534,-0.00010514554742258042,-0.0002587090712040663,0.0003638546331785619,0.0005012738984078169,-0.0009574284194968641,0.0004561546666081995,0.0002535006497055292,-0.002216327702626586,0.0019628270529210567,-0.001270796055905521,2.7651782147586346e-05,0.0012431442737579346,-9.366398444399238e-05,-0.0019688368774950504,0.0020625009201467037,-0.001747672911733389,0.00017181021394208074,0.0015758626395836473,-1.6682155546732247e-05,-5.6261138524860144e-05,7.294333772733808e-05,0.0010880246991291642,0.0010645979782566428,-0.002152622677385807,0.000737997586838901,-0.003083006711676717,0.0023450087755918503,0.0014713483396917582,-4.914836608804762e-07,-0.0014708568342030048],[-0.00222998415119946,0.001938705099746585,0.00029127782909199595,-0.0030350694432854652,-0.002891731448471546,0.005926799960434437,0.0013446987140923738,0.001848048996180296,-0.003192746778950095,-0.005909846164286137,0.0034147691912949085,0.0034950762055814266,-0.0003259850200265646,0.004506845027208328,-0.004180860240012407,-0.0018845468293875456,0.003907979466021061,-0.0020234331022948027,-0.0026843566447496414,-0.004443249199539423,0.0071276044473052025,-0.0011709143873304129,0.003384115407243371,-0.002213201019912958,-0.0005519721889868379,-0.005340873263776302,0.005892845336347818,-0.0004254351952113211,-0.00023999565746635199,0.0006654305616393685,-0.001443566638045013,-0.002090676221996546,0.003534242743626237,-0.0005378376226872206,0.003012235276401043,-0.002474397886544466,-0.0013307237531989813,0.002072395058348775,-0.0007416709559038281,-0.001120165572501719,0.0020077195949852467,-0.0008875539060682058,-0.001081214752048254,0.0004397417651489377,0.0006414729868993163,0.0013250689953565598,0.0037382743321359158,-0.005063342861831188,-0.0024104907643049955,0.0032676267437636852,-0.0008571359794586897,0.0009511240059509873,0.0016205335268750787,-0.0025716572999954224,0.0005197471473366022,2.7451547794044018e-05,-0.0005471985787153244,-0.0004958364879712462,0.002017954597249627,-0.0015221182256937027,0.0002594585239421576,0.0040567852556705475,-0.004316243808716536,0.001133931102231145,0.00037327001336961985,-0.001507200999185443,0.0005420250818133354,0.00209197704680264,-0.0026340021286159754,0.0010023799259215593,0.00022601359523832798,-0.0012283935211598873,-0.0005876226350665092,0.0010416419245302677,-0.00045401928946375847,-0.00139282934833318,-0.001072570914402604,0.002465400379151106,-0.0002579373540356755,0.003514202544465661,-0.0032562650740146637,-0.0010952940210700035,-0.0005866228602826595,0.0016819166485220194],[0.002096818760037422,0.005870591849088669,-0.007967409677803516,-0.0034525857772678137,-0.0003486132191028446,0.003801200073212385,-0.002164439531043172,0.0015449542552232742,0.0006194860907271504,0.0003049421648029238,2.1042564185336232e-05,-0.0003259850200265646,0.010707083158195019,0.011328702792525291,-0.02103578671813011,-0.001441474538296461,-0.0014972148928791285,0.002938689198344946,0.00214126193895936,-0.00018792651826515794,-0.001953335478901863,0.00043844664469361305,-0.00082914944505319,0.00039070285856723785,0.001048496225848794,-0.004427499137818813,0.0033790029119700193,-0.00105198728851974,0.0002629136433824897,0.0007890737615525723,-0.0023060643579810858,-0.0015574235003441572,0.0038634876254945993,-6.877916166558862e-05,0.00017701138858683407,-0.000108232197817415,0.0009156079031527042,-0.0005180613370612264,-0.0003975467989221215,0.000722311029676348,0.0015010872157290578,-0.0022233983036130667,-0.00111620151437819,-0.0006425769533962011,0.001758778584189713,0.0012956587597727776,-0.0004238347173668444,-0.0008718239259906113,-0.000929456960875541,0.001129607087932527,-0.00020015015616081655,0.0004641084233298898,0.0009381761192344129,-0.0014022844843566418,-0.0009642825461924076,-0.0006064906483516097,0.0015707733109593391,3.9512960938736796e-05,0.0014509239699691534,-0.0014904369600117207,0.0010520212817937136,-0.0004119946388527751,-0.0006400267011485994,-0.0008348487317562103,-0.0003222926170565188,0.0011571415234357119,7.81332710175775e-06,0.001821546466089785,-0.0018293597968295217,-0.00048593065002933145,0.001053417450748384,-0.0005674868007190526,0.0004876164020970464,0.00029885920230299234,-0.0007864757208153605,-8.366104157175869e-05,-0.00012316429638303816,0.00020682532340288162,8.373608579859138e-05,0.00027791765751317143,-0.0003616537433117628,0.00015840440755710006,-0.0001712166122160852,1.2812175555154681e-05],[0.0008870813762769103,0.007300728932023048,-0.008187810890376568,0.0007717279368080199,-0.00020369747653603554,-0.0005680285394191742,0.0015129155945032835,0.002994091250002384,-0.004507005214691162,-0.004001677967607975,-0.0005051677580922842,0.004506845027208328,0.011328702792525291,0.007572932634502649,-0.01790163479745388,-0.0032418728806078434,-0.0007989669102244079,0.004040839616209269,-0.0003246117848902941,0.0007484331727027893,-0.00042382103856652975,0.0010079905623570085,0.0042345826514065266,-0.005242572631686926,0.004245028831064701,-0.005921696312725544,0.0016766685293987393,-0.0007120673544704914,0.0027747335843741894,-0.0020626657642424107,-0.00427951430901885,-0.001630980521440506,0.005910495296120644,-0.0007706192554906011,0.00234104972332716,-0.0015704302350059152,0.003979109227657318,-0.004303058609366417,0.00032394868321716785,0.004050872754305601,0.006382762920111418,-0.010433635674417019,-0.0027160414028912783,-0.0017636632546782494,0.004479704890400171,0.0016409875825047493,-0.002213468076661229,0.0005724806105718017,-0.0014285823563113809,0.00037905125645920634,0.0010495311580598354,0.001001811004243791,-0.0015415502712130547,0.0005397393833845854,-0.0007621785625815392,2.0239720470272005e-05,0.0007419389439746737,-0.0003164755180478096,0.0013460090849548578,-0.0010295335669070482,0.0017572685610502958,-0.0019391956739127636,0.00018192725838162005,-0.0005643573240377009,0.00028507207753136754,0.00027928524650633335,-0.0004939426435157657,0.00182822672650218,-0.0013342839665710926,0.00010623930575093254,0.001285702921450138,-0.0013919422635808587,0.00017734568973537534,-0.0010344414040446281,0.0008570956997573376,0.0002497372042853385,0.0008916343213059008,-0.0011413715546950698,0.00023453260655514896,-0.0007658167742192745,0.0005312841385602951,-0.00010583738912828267,-1.4717850717715919e-05,0.00012055512343067676],[-0.0029838995542377234,-0.013171319849789143,0.016155218705534935,0.0026808572001755238,0.0005523110739886761,-0.003233170136809349,0.0006515239365398884,-0.004539045039564371,0.003887519473209977,0.0036967352498322725,0.00048412513569928706,-0.004180860240012407,-0.02103578671813011,-0.01790163479745388,0.03993741050362587,0.004683347884565592,0.0022961804643273354,-0.00697952788323164,-0.0018166486406698823,-0.0005605064798146486,0.002377155004069209,-0.0014464366249740124,-0.0034054338466376066,0.00485187117010355,-0.005293525755405426,0.010349193587899208,-0.005055668298155069,0.001764053711667657,-0.003037648741155863,0.001273594913072884,0.0065855784341692924,0.0031884044874459505,-0.009773981757462025,0.0008393988246098161,-0.00251806084997952,0.0016786616761237383,-0.004894718062132597,0.004821120761334896,7.35982321202755e-05,-0.004773183725774288,-0.007883850485086441,0.012657033279538155,0.0038322426844388247,0.002406239975243807,-0.006238482426851988,-0.002936646342277527,0.002637301804497838,0.00029934372287243605,0.0023580382112413645,-0.001508658635430038,-0.0008493794593960047,-0.0014659188454970717,0.0006033729296177626,0.0008625457994639874,0.0017264606431126595,0.0005862506222911179,-0.0023127112071961164,0.00027696293545886874,-0.002796932589262724,0.002519969828426838,-0.002809288911521435,0.0023511897306889296,0.0004580993845593184,0.0013992052990943193,3.722077235579491e-05,-0.001436426304280758,0.00048612902173772454,-0.0036497723776847124,0.003163643181324005,0.000379691191483289,-0.0023391195572912693,0.001959428424015641,-0.0006649618153460324,0.0007355823181569576,-7.062050281092525e-05,-0.00016607611905783415,-0.0007684695883654058,0.0009345458820462227,-0.0003182683722116053,0.0004878999316133559,-0.00016963150119408965,-5.2566465456038713e-05,0.00018593401182442904,-0.00013336760457605124],[0.0009733396582305431,-0.00594820873811841,0.004974868148565292,0.00037931473343633115,-0.0030449992045760155,0.0026656831614673138,0.0014308042591437697,-0.003997247666120529,0.002566443756222725,0.002366021042689681,-0.00048147275811061263,-0.0018845468293875456,-0.001441474538296461,-0.0032418728806078434,0.004683347884565592,0.009500882588326931,0.001174961100332439,-0.009675844572484493,-0.0009052751702256501,-0.0024391270708292723,0.0033444021828472614,-0.0019533580634742975,-0.0039147259667515755,0.005868084263056517,-0.0008895932696759701,-0.0028924616053700447,0.003782054642215371,0.0017163446173071861,-0.0029350598342716694,0.0012187149841338396,0.0009738822118379176,-0.00153922860044986,0.0005653464468196034,-0.0007726468029431999,-0.0024329624138772488,0.003205609042197466,-0.0009523849003016949,-0.002722298027947545,0.00367468292824924,-0.0005390324513427913,-0.0005379010690376163,0.0010769334621727467,0.0010457542957738042,0.0017689620144665241,-0.0028147161938250065,-0.0013135267654433846,0.001488151028752327,-0.0001746241468936205,0.0005222656764090061,0.00018020073184743524,-0.0007024663500487804,-0.00031951587880030274,-5.2572868298739195e-06,0.0003247730783186853,0.0007435045554302633,-0.0002838903455995023,-0.0004596141807269305,-0.00037017735303379595,-0.00010315258987247944,0.00047332982649095356,-0.0008072091732174158,0.0011399701470509171,-0.0003327609156258404,0.0006518090376630425,-0.00023911487369332463,-0.00041269412031397223,-5.444071575766429e-05,-0.0007069422281347215,0.0007613829802721739,0.00013383457553572953,0.0005377709749154747,-0.0006716055213473737,-0.0005912031047046185,0.0007453181897290051,-0.00015411504136864096,0.00010187944280914962,0.00020965711155440658,-0.00031153656891547143,0.0006058318540453911,0.000744946300983429,-0.00135077815502882,0.0005349009297788143,0.00014034099876880646,-0.0006752419285476208],[-0.003390645142644644,0.006450005806982517,-0.0030593620613217354,0.0027758735232055187,-0.002632998628541827,-0.0001428739633411169,-0.0018385580042377114,0.006508966442197561,-0.004670408088713884,-0.0017792047001421452,-0.0021287754643708467,0.003907979466021061,-0.0014972148928791285,-0.0007989669102244079,0.0022961804643273354,0.001174961100332439,0.007605045102536678,-0.007780006155371666,-0.0007613556226715446,-0.001458602724596858,0.0022199584636837244,0.0017855203477665782,0.006413283292204142,-0.008198804222047329,-0.0002052290947176516,0.0033758897334337234,-0.0031706609297543764,-0.001079343375749886,0.005434407386928797,-0.004355063661932945,-0.0011515072546899319,-0.0017502547707408667,0.002901762258261442,0.0011014834744855762,0.0017594597302377224,-0.0028609433211386204,0.0024654357694089413,0.0032809842377901077,-0.005746420472860336,0.0019150438020005822,-0.003937426954507828,0.0020223839674144983,-0.00020789174595847726,0.000776002008933574,-0.0005681104375980794,-0.00035866789403371513,-0.0018027144251391292,0.002161382231861353,0.00043275640928186476,-0.0018462638836354017,0.0014135075034573674,-0.000563352252356708,0.0006799559923820198,-0.00011660388554446399,0.0008172812522388995,0.0002572069352027029,-0.0010744882747530937,0.001574015012010932,0.0009229164570569992,-0.0024969312362372875,-0.0006638310151174664,-0.0009684152901172638,0.0016322463052347302,0.000490821257699281,0.0005973570514470339,-0.0010881784837692976,-0.0007804504712112248,-0.00016051059355959296,0.0009409609483554959,-0.00030775932827964425,0.0002651969844009727,4.256248939782381e-05,-2.223870251327753e-05,0.0028175609186291695,-0.0027953223325312138,-0.0007562427781522274,-0.001338372239843011,0.0020946150179952383,8.171575609594584e-05,0.0013180655660107732,-0.0013997812056913972,-0.0004449072584975511,0.0009095811401493847,-0.0004646740562748164],[0.0024173047859221697,-0.0005017973016947508,-0.0019155063200742006,-0.0031551881693303585,0.005677997134625912,-0.0025228094309568405,0.0004077536577824503,-0.0025117185432463884,0.0021039647981524467,-0.0005868162261322141,0.0026102482806891203,-0.0020234331022948027,0.002938689198344946,0.004040839616209269,-0.00697952788323164,-0.009675844572484493,-0.007780006155371666,0.018455851823091507,0.0016666308511048555,0.0038977297954261303,-0.005564360413700342,0.00016783835599198937,-0.002498557325452566,0.0023307192604988813,0.0010948225390166044,-0.00048342885565944016,-0.0006113933050073683,-0.0006370015908032656,-0.002499347785487771,0.0031363496091216803,0.00017762469360604882,0.0032894820906221867,-0.0034671067260205746,-0.00032883614767342806,0.0006735026254318655,-0.00034466676879674196,-0.001513050403445959,-0.0005586864426732063,0.0020717373117804527,-0.0013760110596194863,0.004475328139960766,-0.003099316731095314,-0.0008378622005693614,-0.00254496349953115,0.0033828257583081722,0.0016721944557502866,0.0003145627269987017,-0.001986756920814514,-0.000955021649133414,0.0016660625115036964,-0.0007110408041626215,0.0008828687714412808,-0.0006746986764483154,-0.00020816997857764363,-0.0015607859240844846,2.6683497708290815e-05,0.0015341027174144983,-0.0012038369895890355,-0.0008197642164304852,0.002023600973188877,0.0014710406539961696,-0.000171555089764297,-0.001299485331401229,-0.0011426303535699844,-0.0003582427743822336,0.0015008732443675399,0.0008348915725946426,0.0008674522396177053,-0.0017023435793817043,0.00017392495647072792,-0.0008029668242670596,0.0006290418677963316,0.0006134419236332178,-0.0035628797486424446,0.002949437592178583,0.0006543633062392473,0.0011287147644907236,-0.001783078070729971,-0.0006875476683489978,-0.0020630124490708113,0.00275056017562747,-8.999370038509369e-05,-0.001049923012033105,0.0011399167124181986],[0.0003244091640226543,-0.002038624370470643,0.0017142142169177532,0.0016672646161168814,0.0009347815648652613,-0.002602043328806758,-0.0013395866844803095,-0.0013319728896021843,0.00267155934125185,0.0016075065359473228,0.0010768495267257094,-0.0026843566447496414,0.00214126193895936,-0.0003246117848902941,-0.0018166486406698823,-0.0009052751702256501,-0.0007613556226715446,0.0016666308511048555,0.013239284045994282,-0.002669378649443388,-0.009569904766976833,0.0007775626145303249,-0.0013403487391769886,0.0005627859500236809,8.827335841488093e-05,-0.0037081690970808268,0.0036198957823216915,-6.119528552517295e-05,0.000309499679133296,-0.00024830433540046215,0.002701942343264818,0.0030868337489664555,-0.005788776557892561,0.00019496535242069513,-0.0002703061909414828,7.534076576121151e-05,-0.00015621092461515218,-0.00012881230213679373,0.00028502318309620023,-0.0010060996282845736,-0.0016110652359202504,0.002617164980620146,-0.0015098020667210221,0.00012636405881494284,0.0013834380079060793,0.001797263976186514,-0.0015421619173139334,-0.00025510205887258053,-0.0008744042715989053,-0.0028007214423269033,0.0036751257721334696,-0.0010279357666149735,0.0005302669596858323,0.0004976686323061585,0.0003627982805483043,-0.0006112687988206744,0.0002484706346876919,0.0007125355186872184,0.0006630211137235165,-0.0013755564577877522,0.0005015151109546423,-0.0006538637680932879,0.00015234871534630656,-0.0006496983114629984,-0.0010882667265832424,0.0017379650380462408,-0.0007401895127259195,0.0002912816999014467,0.00044890778372064233,0.00016017042798921466,0.00036989618092775345,-0.000530066667124629,0.0006869892822578549,-0.0005370567087084055,-0.00014993266086094081,3.9383594412356615e-06,-0.001001348253339529,0.0009974099230021238,0.00021186804224271327,0.00015088747022673488,-0.0003627554979175329,0.0007935931789688766,0.0010495339520275593,-0.0018431271892040968],[0.0014615720137953758,0.002954859519377351,-0.004416430369019508,-0.00041357078589498997,0.006892490200698376,-0.006478913594037294,-0.0006386098684743047,-0.00018092873506247997,0.0008195389527827501,-3.6148529034107924e-05,0.0044793966226279736,-0.004443249199539423,-0.00018792651826515794,0.0007484331727027893,-0.0005605064798146486,-0.0024391270708292723,-0.001458602724596858,0.0038977297954261303,-0.002669378649443388,0.014580901712179184,-0.010911522433161736,0.0013387654908001423,0.004387954715639353,-0.005726720672100782,0.000977615243755281,0.0023334252182394266,-0.0033110403455793858,0.0006430470384657383,0.0013220165856182575,-0.001965063624083996,-0.00034522032365202904,0.007177229039371014,-0.006832008250057697,-0.000925752567127347,0.00023680628510192037,0.0006889462238177657,8.689309470355511e-05,0.0014333132421597838,-0.0015202064532786608,0.006652119569480419,0.0032366481609642506,-0.009888767264783382,-0.00014588734484277666,0.0017159226117655635,-0.0015700351214036345,-0.0007601654506288469,-0.0013031624257564545,0.0020633277017623186,0.0008157436968758702,-0.00019773156964220107,-0.0006180120981298387,-0.0019920654594898224,0.00040868931682780385,0.0015833757352083921,0.0010007665259763598,0.001662691356614232,-0.0026634579990059137,0.0013853649143129587,0.0009313547634519637,-0.002316719386726618,0.0008380977669730783,-6.512482650578022e-05,-0.000772972940467298,-0.002390605863183737,-1.703176531009376e-05,0.0024076378904283047,0.000834029633551836,0.0001868635881692171,-0.0010208932217210531,-0.0010094031458720565,0.001915025059133768,-0.0009056219132617116,4.6321714762598276e-05,-0.0017657859716564417,0.0017194641986861825,-0.0005607157363556325,-0.0002805439580697566,0.0008412597817368805,0.0005922974669374526,-0.0008873320766724646,0.00029503466794267297,0.0014836324844509363,-0.0001852695131674409,-0.0012983630876988173],[-0.001785981236025691,-0.0009162349160760641,0.002702215686440468,-0.0012536942958831787,-0.007827270776033401,0.009080958552658558,0.001978196669369936,0.0015129019739106297,-0.0034910987596958876,-0.0015713580651208758,-0.0055562471970915794,0.0071276044473052025,-0.001953335478901863,-0.00042382103856652975,0.002377155004069209,0.0033444021828472614,0.0022199584636837244,-0.005564360413700342,-0.009569904766976833,-0.010911522433161736,0.021481428295373917,-0.0021163281053304672,-0.0030476045794785023,0.005163932219147682,-0.0010658884420990944,0.001374744693748653,-0.000308856600895524,-0.0005818512290716171,-0.0016315164975821972,0.0022133684251457453,-0.0023567203897982836,-0.010264064185321331,0.012620784342288971,0.000730787287466228,3.349967300891876e-05,-0.0007642869022674859,6.931886309757829e-05,-0.0013045021332800388,0.0012351830955594778,-0.0056460159830749035,-0.0016255835071206093,0.0072715990245342255,0.0016556901391595602,-0.0018422857392579317,0.00018659548368304968,-0.0010370980016887188,0.0028453245759010315,-0.001808226341381669,5.8662102674134076e-05,0.002998452167958021,-0.003057114314287901,0.003020001109689474,-0.0009389561600983143,-0.002081044018268585,-0.0013635646319016814,-0.001051423721946776,0.0024149883538484573,-0.002097901189699769,-0.0015943769831210375,0.003692277707159519,-0.001339613227173686,0.0007189876632764935,0.0006206253310665488,0.003040304873138666,0.0011052984045818448,-0.004145603161305189,-9.384038276039064e-05,-0.0004781466559506953,0.0005719870678149164,0.0008492333581671119,-0.002284921007230878,0.001435687649063766,-0.0007333106477744877,0.0023028424475342035,-0.001569531625136733,0.0005567777552641928,0.0012818919494748116,-0.0018386696465313435,-0.0008041646797209978,0.0007364448392763734,6.771986954845488e-05,-0.002277225721627474,-0.0008642652537673712,0.003141490975394845],[-0.002252131700515747,0.0018548986408859491,0.00039723189547657967,-0.00034622225211933255,0.0008914767531678081,-0.0005452558398246765,-0.0005697190063074231,0.0035845746751874685,-0.0030148555524647236,-2.8126290999352932e-05,0.0011990402126684785,-0.0011709143873304129,0.00043844664469361305,0.0010079905623570085,-0.0014464366249740124,-0.0019533580634742975,0.0017855203477665782,0.00016783835599198937,0.0007775626145303249,0.0013387654908001423,-0.0021163281053304672,0.005016116891056299,0.01896219700574875,-0.022978315129876137,-0.0004932480514980853,0.0003292585024610162,0.0001639894617255777,-0.0006718384101986885,0.001493351999670267,-0.000821