{"epoch":0,"H":[[0.001544852158986032,0.0042019193060696125,-0.0047467718832194805,-0.006966325454413891,-0.0036773686297237873,0.01064369361847639,-0.0005355837638489902,-0.0026924307458102703,0.0032280145678669214,-0.0014403758104890585,0.0012992756674066186,0.0001411003468092531,0.0013104018289595842,-0.002154421526938677,0.0008440200472250581,0.0010523763485252857,-0.0016642470145598054,0.0006118708406575024,-0.0014436724595725536,0.0013231008779257536,0.00012057134881615639,0.001594853587448597,-0.0017540906555950642,0.00015923698083497584,0.0029375082813203335,0.002188950078561902,-0.005126458592712879,0.0001669694611337036,-0.0010410125833004713,0.0008740432094782591,-0.0006395867094397545,0.0017116507515311241,-0.0010720640420913696,-0.0010574324987828732,-0.0033535573165863752,0.004410989582538605,0.000990084488876164,0.0016218791715800762,-0.0026119635440409184,0.0015335956122726202,-6.41986116534099e-06,-0.0015271756565198302,-0.0006714456831105053,0.0014187318738549948,-0.0007472861325368285,0.000662566046230495,-0.0013045916566625237,0.0006420257268473506,-0.0010721200378611684,0.0018358982633799314,-0.0007637782255187631,0.0011364591773599386,0.0011352433357387781,-0.0022717025130987167,-0.000456944020697847,2.016109647229314e-06,0.0004549277655314654,-6.517577276099473e-05,-0.000563938170671463,0.0006291139870882034,0.0011151008075103164,0.0005813019815832376,-0.001696402789093554,0.00040685085696168244,0.0009879249846562743,-0.0013947758125141263,-0.0007275494863279164,0.0012335157953202724,-0.000505966367200017,-0.00039459814433939755,0.0012967819347977638,-0.0009021838195621967,0.00023833001614548266,0.0009215427562594414,-0.0011598726268857718,-0.0012630734127014875,0.0003088261291850358,0.0009542472544126213,-8.472459740005434e-06,0.0007285014726221561,-0.0007200289983302355,-0.0007979045039974153,-0.00029746125801466405,0.0010953658493235707],[0.0042019193060696125,0.02014750801026821,-0.023349428549408913,-0.0008057382656261325,0.004963066428899765,-0.004157327581197023,-0.003011660650372505,0.00505190622061491,-0.002040245570242405,0.002681801561266184,-1.797613367671147e-05,-0.0026638254057615995,0.003074005711823702,0.00042317830957472324,-0.0034971837885677814,-0.005666093900799751,0.003576654242351651,0.002089438494294882,0.0006658150814473629,0.0015239876229315996,-0.002189802937209606,-0.0005255299038253725,0.0010149346198886633,-0.0004894046578556299,-0.0002209485974162817,0.000563291716389358,-0.0003423432062845677,-0.002100576413795352,0.0035127680748701096,-0.0014121916610747576,4.728633211925626e-05,-7.303099846467376e-05,2.574484096840024e-05,0.002581726759672165,0.006815036293119192,-0.00939676258713007,0.0013002277119085193,9.117720765061677e-05,-0.0013914047740399837,-0.0001727474300423637,0.0008779361378401518,-0.0007051887223497033,-0.001988368108868599,-1.546880230307579e-05,0.0020038369111716747,0.0004085878317710012,0.00025275882217101753,-0.0006613467121496797,0.0005781644722446799,-0.0031942904461175203,0.0026161258574575186,0.0006121264887042344,0.00025834201369434595,-0.0008704685023985803,0.0002351205184822902,0.0025474135763943195,-0.0027825338765978813,0.0003992996644228697,0.00037466370849870145,-0.0007739634020254016,0.00021716354240197688,0.0010460965568199754,-0.001263260142877698,-0.0014220081502571702,0.00045565637992694974,0.0009663517703302205,0.0006295070052146912,-0.0011502205161377788,0.0005207135109230876,-0.0023056420031934977,-2.0336428860900924e-05,0.002325978595763445,0.0017817594343796372,-1.434824662283063e-05,-0.0017674107803031802,0.0011523792054504156,0.00190680380910635,-0.003059182781726122,-0.001086715143173933,-0.00200866861268878,0.003095383755862713,-0.00034874436096288264,0.0008621548768132925,-0.0005134104285389185],[-0.0047467718832194805,-0.023349428549408913,0.029096202924847603,0.00777206476777792,-0.0012856974499300122,-0.006486367434263229,0.0035472437739372253,-0.0023594743106514215,-0.0011877689976245165,-0.001241425983607769,-0.0012812985805794597,0.002522724447771907,-0.00438440777361393,0.0017312448471784592,0.0026531631592661142,0.004613716620951891,-0.0019124073442071676,-0.0027013085782527924,0.0007778567378409207,-0.0028470878023654222,0.0020692311227321625,-0.0010693237418308854,0.0007391569670289755,0.0003301670658402145,-0.0027165610808879137,-0.0027522407472133636,0.005468802060931921,0.0019336058758199215,-0.0024717573542147875,0.000538151478394866,0.0005922996206209064,-0.0016386205097660422,0.001046320772729814,-0.0015242942608892918,-0.0034614787437021732,0.004985772538930178,-0.002290312433615327,-0.0017130564665421844,0.004003369249403477,-0.0013608477311208844,-0.0008715164149180055,0.00223236414603889,0.002659813966602087,-0.0014032633043825626,-0.0012565511278808117,-0.0010711533250287175,0.0010518342023715377,1.931923907250166e-05,0.0004939563223160803,0.0013583931140601635,-0.0018523494945839047,-0.0017485858406871557,-0.0013935851166024804,0.0031421713065356016,0.0002218239096691832,-0.0025494296569377184,0.002327605616301298,-0.0003341241099406034,0.0001892750442493707,0.00014484905113931745,-0.0013322639279067516,-0.0016273986548185349,0.0029596625827252865,0.0010151570895686746,-0.0014435813063755631,0.00042842404218390584,9.804230649024248e-05,-8.329522097483277e-05,-1.4747027307748795e-05,0.0027002408169209957,-0.001276445109397173,-0.0014237952418625355,-0.0020200901199132204,-0.000907193636521697,0.002927283523604274,0.00011069426545873284,-0.0022156299091875553,0.0021049354691058397,0.0010951875010505319,0.0012801673728972673,-0.002375354990363121,0.0011466494761407375,-0.0005646931240335107,-0.0005819563521072268],[-0.006966325454413891,-0.0008057382656261325,0.00777206476777792,0.01379004679620266,0.0012895481195300817,-0.014079594053328037,-0.0010916548781096935,-0.0005298631731420755,0.00162151746917516,0.0025851919781416655,-0.0020905027631670237,-0.0004946895060129464,0.00018223989172838628,-0.00231161923147738,0.0021293791942298412,-0.00027456050156615674,0.0017338970210403204,-0.0014593368396162987,0.0012761473190039396,-0.002148312982171774,0.0008721656631678343,0.0005933621432632208,-2.6266163331456482e-05,-0.0005670958780683577,2.1826126612722874e-05,9.296844655182213e-05,-0.00011479464592412114,0.0005074257496744394,0.0017048943554982543,-0.0022123195230960846,0.0009538130834698677,-0.0006873860256746411,-0.00026642734883353114,0.002465837635099888,-2.691344707272947e-05,-0.002438923576846719,8.627874194644392e-06,-0.0005089303595013916,0.0005003024125471711,0.0014463840052485466,0.0007229545153677464,-0.0021693380549550056,0.0001300268922932446,-0.0015687465202063322,0.0014387196861207485,0.0002456901711411774,0.001532721216790378,-0.0017784115625545382,0.0005074940272606909,-0.0009428312769159675,0.00043533724965527654,-0.0007460966007784009,-0.00032028829446062446,0.0010663848370313644,0.0006976304575800896,-0.0001572550681885332,-0.0005403753602877259,-0.0002517396933399141,-0.00051453139167279,0.000766271143220365,-0.0008167883497662842,-0.00013813324039801955,0.0009549217065796256,0.0002474981884006411,-0.0004113653558306396,0.00016386713832616806,0.00040780898416414857,-0.0011047058505937457,0.0006968968082219362,7.146748248487711e-05,-0.0007871286361478269,0.0007156611536629498,3.098593151662499e-05,-0.000995424808934331,0.0009644388919696212,0.0003824764280579984,-0.0007217125967144966,0.0003392361686564982,0.00023006426636129618,-0.00019332462397869676,-3.6739729694090784e-05,0.00046657404163852334,0.0001092472521122545,-0.0005758213228546083],[-0.0036773686297237873,0.004963066428899765,-0.0012856974499300122,0.0012895481195300817,0.027340924367308617,-0.02763047255575657,0.004217346198856831,0.008848370984196663,-0.013065716251730919,-0.0035102739930152893,0.007291396148502827,-0.003781120991334319,0.004801320377737284,0.005364827811717987,-0.010166148655116558,-0.0011372189037501812,-0.0011711765546351671,0.0023083954583853483,-0.0041916873306035995,0.0010895186569541693,0.0031021684408187866,0.000869440904352814,0.0005953361978754401,-0.0014647769276052713,0.001595337176695466,-0.003074066713452339,0.0014787295367568731,2.0249979570508003e-05,0.0020875288173556328,-0.002107778564095497,-0.0007579950615763664,0.0033729220740497112,-0.002614927012473345,0.004303815308958292,0.005246372427791357,-0.009550187736749649,0.0008913735509850085,-0.0021340991370379925,0.001242725644260645,-0.0008645426714792848,0.002000072505325079,-0.0011355300666764379,4.094030009582639e-05,-0.002073300303891301,0.002032359829172492,-0.0013133446918800473,-0.000725825666449964,0.0020391703583300114,0.0025550080463290215,0.0012445379979908466,-0.0037995458114892244,0.00014041736721992493,0.00044503400567919016,-0.0005854512564837933,-0.0007333005778491497,0.0006979603203944862,3.53401992470026e-05,-1.3231794582679868e-05,-0.0007641864358447492,0.0007774182013235986,0.0010155256604775786,-0.001410093274898827,0.00039456741069443524,-0.0017006165580824018,-0.0008040673565119505,0.002504684031009674,0.00047157990047708154,-0.002017067279666662,0.0015454874373972416,6.965338252484798e-05,-0.0027718208730220795,0.002702167024835944,-0.0012292694300413132,0.0017559006810188293,-0.0005266313091851771,-6.208788545336574e-05,0.0006154236616566777,-0.0005533357616513968,0.00019353808602318168,-0.0010127706918865442,0.0008192325476557016,0.0007257509278133512,0.0009773408528417349,-0.0017030918970704079],[0.01064369361847639,-0.004157327581197023,-0.006486367434263229,-0.014079594053328037,-0.02763047255575657,0.042710065841674805,-0.003125691320747137,-0.008318508043885231,0.01144419889897108,0.0009250818402506411,-0.0052008964121341705,0.00427581463009119,-0.0049835615791380405,-0.0030532097443938255,0.008036772720515728,0.0014117799000814557,-0.0005627221544273198,-0.0008490574546158314,0.0029155397787690163,0.0010587903670966625,-0.003974330145865679,-0.0014628039207309484,-0.0005690720863640308,0.002031876239925623,-0.001617163885384798,0.002981097437441349,-0.001363933552056551,-0.0005276761366985738,-0.0037924228236079216,0.004320099018514156,-0.00019581883680075407,-0.002685536164790392,0.002881355118006468,-0.006769655738025904,-0.005219461861997843,0.011989115737378597,-0.0009000027785077691,0.0026430285070091486,-0.0017430258449167013,-0.0005818430799990892,-0.0027230274863541126,0.003304870566353202,-0.00017096669762395322,0.003642047056928277,-0.0034710802137851715,0.0010676527163013816,-0.0008068940951488912,-0.00026075856294482946,-0.0030625024810433388,-0.00030170625541359186,0.003364208620041609,0.0006056791753508151,-0.00012474475079216063,-0.0004809344536624849,3.567070234566927e-05,-0.0005407046992331743,0.0005050339386798441,0.0002649715170264244,0.0012787169544026256,-0.00154368847142905,-0.00019873739802278578,0.001548226224258542,-0.0013494888553395867,0.0014531181659549475,0.0012154325377196074,-0.002668550703674555,-0.0008793881861492991,0.003121773712337017,-0.002242385409772396,-0.00014112144708633423,0.0035589495673775673,-0.0034178278874605894,0.0011982836294919252,-0.0007604752900078893,-0.00043780816486105323,-0.00032038838253356516,0.00010628947347868234,0.0002140988945029676,-0.00042360261431895196,0.0012060946319252253,-0.000782491872087121,-0.0011923249112442136,-0.0010865875519812107,0.0022789128124713898],[-0.0005355837638489902,-0.003011660650372505,0.0035472437739372253,-0.0010916548781096935,0.004217346198856831,-0.003125691320747137,0.0007539265207014978,0.00877598486840725,-0.008529908955097198,-0.0026674261316657066,0.00149520521517843,0.0011722209164872766,-0.0020558282267302275,0.0018347211880609393,0.00022110683494247496,0.0021849179174751043,-0.0015227579278871417,-0.0006621594657190144,-0.0016229040920734406,0.0005495662335306406,0.0010733376257121563,0.0007482680375687778,0.0007035323651507497,-0.0014518003445118666,0.0029224753379821777,-0.0012415933888405561,-0.0016808819491416216,0.001544244703836739,-0.0010579084046185017,-0.0004863361828029156,-0.0019062142819166183,-0.000598933722358197,0.0025051485281437635,0.00010841226321645081,0.000581654894631356,-0.0006900670705363154,0.0003355728695169091,-0.004113875329494476,0.0037783023435622454,0.0004224737058393657,-0.001962838927283883,0.0015403652796521783,0.0005898767849430442,-0.0003637897316366434,-0.00022608705330640078,0.00022553645248990506,-0.0011962325079366565,0.0009706958662718534,-1.164688728749752e-05,0.0011055339127779007,-0.001093887141905725,-0.0004892635042779148,-0.000690159504301846,0.0011794229503720999,-0.0003326281439512968,-0.0019533836748450994,0.0022860118187963963,-0.00048490148037672043,0.0007707367185503244,-0.0002858353254850954,0.00048057190724648535,0.0007720327703282237,-0.0012526047648862004,-1.3156604836694896e-06,-0.0004402883641887456,0.0004416040610522032,-0.0006928836228325963,0.00044313922990113497,0.00024974439293146133,0.0007732331287115812,-0.0006225989200174809,-0.00015063420869410038,-0.0005551670910790563,0.0003200285427737981,0.00023513846099376678,-0.00015044577594380826,0.00013335933908820152,1.7086422303691506e-05,0.0004309838404878974,0.0012295953929424286,-0.001660579233430326,-0.00033158596488647163,0.001227289903908968,-0.0008957037935033441],[-0.0026924307458102703,0.00505190622061491,-0.0023594743106514215,-0.0005298631731420755,0.008848370984196663,-0.008318508043885231,0.00877598486840725,0.009786505252122879,-0.017562489956617355,-0.0017864905530586839,0.004133879207074642,-0.0023473878391087055,0.0015651013236492872,0.005926894955337048,-0.0074919965118169785,-0.001383739523589611,0.002497580135241151,-0.0011138409608975053,0.00017057431978173554,0.0015522596659138799,-0.0017228336073458195,0.0003135722945444286,0.001977159408852458,-0.002290731528773904,-0.0003422417212277651,-0.002299501560628414,0.0026417432818561792,-0.0010344779584556818,0.001369359204545617,-0.00033488107146695256,-0.0003551170520950109,-0.0001842716010287404,0.0005393886240199208,0.0021078111603856087,0.0026892328169196844,-0.004797043744474649,0.0012976143043488264,0.0016963096568360925,-0.0029939243104308844,-0.0021248674020171165,-0.0008520624251104891,0.0029769293032586575,-0.000613811076618731,-0.0002679158642422408,0.0008817269699648023,0.00033692753640934825,-0.0004065665416419506,6.963894702494144e-05,0.0012613828293979168,-0.0025960358325392008,0.0013346531195566058,-0.0005390222067944705,-0.0004781012248713523,0.0010171234607696533,-0.0004150031600147486,-9.078961738850921e-05,0.0005057926755398512,-0.000369499932276085,0.00037886211066506803,-9.362120181322098e-06,0.0002847532741725445,0.0002500390401110053,-0.0005347923142835498,-0.0006992864655330777,0.00015027105109766126,0.0005490153562277555,7.340828597079962e-05,-0.00083913718117401,0.0007657288806512952,5.931180203333497e-05,-0.0009089337545447052,0.0008496219525113702,-8.28983829705976e-05,-0.0013317052507773042,0.0014146036701276898,0.0004091385053470731,-0.0009098027367144823,0.0005006642895750701,0.0003195336612407118,-0.00014331027341540903,-0.0001762234460329637,0.00019930273992940784,0.0010664449073374271,-0.0012657477054744959],[0.0032280145678669214,-0.002040245570242405,-0.0011877689976245165,0.00162151746917516,-0.013065716251730919,0.01144419889897108,-0.008529908955097198,-0.017562489956617355,0.027092399075627327,0.004453916568309069,-0.005629085004329681,0.0011751677375286818,0.0004907248076051474,-0.007761617191135883,0.007270892150700092,-0.0008011781610548496,-0.0009748212178237736,0.0017759992042556405,0.00145232945214957,-0.002101826947182417,0.0006494977278634906,-0.0010618411470204592,-0.0026806918904185295,0.003742533503100276,-0.0025802343152463436,0.0035410954151302576,-0.0009608608088456094,-0.0005097670364193618,-0.00031145033426582813,0.0008212174288928509,0.0022613308392465115,0.0007832050323486328,-0.0030445365700870752,-0.0022162236273288727,-0.0032708870712667704,0.005487110465764999,-0.0016331886872649193,0.0024175650905817747,-0.0007843764033168554,0.0017023950349539518,0.002814900828525424,-0.0045172953978180885,2.3934291675686836e-05,0.0006317056831903756,-0.0006556399166584015,-0.0005624632467515767,0.001602799165993929,-0.0010403362102806568,-0.001249736058525741,0.0014905016869306564,-0.00024076558474916965,0.0010282855946570635,0.0011682615149766207,-0.002196547109633684,0.0007476310711354017,0.002044172491878271,-0.002791803563013673,0.0008544017327949405,-0.0011495982762426138,0.00029519645613618195,-0.0007653250941075385,-0.0010220713447779417,0.0017873967299237847,0.0007006017258390784,0.00029001745861023664,-0.000990619184449315,0.0006194751476868987,0.00039599742740392685,-0.0010154725750908256,-0.0008325455128215253,0.0015315330820158124,-0.0006989877438172698,0.0006380651611834764,0.0010116767371073365,-0.0016497417818754911,-0.0002586928603705019,0.0007764431065879762,-0.000517750158905983,-0.0007505182293243706,-0.001086285337805748,0.0018368037417531013,0.00013228319585323334,-0.002293734811246395,0.0021614516153931618],[-0.0014403758104890585,0.002681801561266184,-0.001241425983607769,0.0025851919781416655,-0.0035102739930152893,0.0009250818402506411,-0.0026674261316657066,-0.0017864905530586839,0.004453916568309069,0.012984964065253735,-0.0031473974231630564,-0.008837566711008549,0.0004794031265191734,-0.0020860221702605486,0.001606619218364358,0.00019660271937027574,0.0014434581389650702,-0.001640060916543007,0.0016886000521481037,4.381546750664711e-05,-0.0017324152868241072,-0.00036887911846861243,-0.00021072939853183925,0.000579608604311943,-0.001002478413283825,-0.003227241337299347,0.0042297192849218845,-0.0007613844354636967,0.0015395843656733632,-0.0007781998137943447,0.0008674227865412831,0.0002314990560989827,-0.0010989222209900618,-0.0001267930492758751,-0.0002897967933677137,0.0004165898426435888,-0.00013843970373272896,-0.002292818855494261,0.0024312585592269897,-0.0003396942629478872,0.0001734988036332652,0.0001661954738665372,-0.0012419662671163678,0.0018419793341308832,-0.0006000130670145154,0.000677941832691431,-0.0008846078999340534,0.00020666583441197872,-0.0009584885556250811,-4.049515337101184e-05,0.0009989836253225803,0.00048355170292779803,-0.00012690569565165788,-0.0003566460800357163,0.00026402517687529325,0.001045746961608529,-0.0013097721384838223,0.00041805580258369446,-0.0007436184678226709,0.0003255627234466374,0.0001000135816866532,-0.0004772400134243071,0.00037722644628956914,-0.00036047870526090264,-0.00034624774707481265,0.0007067264523357153,0.0009150613332167268,2.140772994607687e-05,-0.0009364690631628036,-0.0007340923184528947,-0.0003553645219653845,0.0010894568404182792,0.00029549410101026297,0.0004854323633480817,-0.0007809264352545142,0.0002228058292530477,-0.0007499660132452846,0.0005271601839922369,-8.616269042249769e-05,-0.0006886509945616126,0.0007748137577436864,0.0009226906695403159,-0.0002664009516593069,-0.0006562899798154831],[0.0012992756674066186,-1.797613367671147e-05,-0.0012812985805794597,-0.0020905027631670237,0.007291396148502827,-0.0052008964121341705,0.00149520521517843,0.004133879207074642,-0.005629085004329681,-0.0031473974231630564,0.01513037271797657,-0.010982975363731384,-0.00025687264860607684,0.0023790658451616764,-0.002122193342074752,-0.0011324976803734899,-0.001883908174932003,0.0030164055060595274,-0.00014546555757988244,0.0042030648328363895,-0.004057599231600761,-0.001665415009483695,-0.0024955044500529766,0.004160919692367315,0.00011108172475360334,-0.0008338938350789249,0.0007228119065985084,-0.001643950236029923,-0.0023183124139904976,0.003962262533605099,0.0012342766858637333,0.0030052554793655872,-0.0042395321652293205,0.0006369179463945329,5.8051402447745204e-05,-0.0006949696107767522,-3.226439002901316e-05,-0.0007323389290831983,0.0007646034937351942,-0.001876246533356607,0.002222328679636121,-0.00034608226269483566,-0.0002444939163979143,-0.00039400701643899083,0.0006385009619407356,0.0001789198286132887,-0.0004051404248457402,0.00022622058168053627,0.00043687212746590376,-0.0006699005607515574,0.0002330284332856536,-0.0009299605153501034,0.00037331716157495975,0.0005566432373598218,-1.279516436625272e-05,-5.221634637564421e-06,1.8016842659562826e-05,0.0010171328904107213,-0.0009888323256745934,-2.8300535632297397e-05,0.00024961988674476743,-0.0010608357843011618,0.0008112158393487334,-0.0009654157911427319,-0.0007102136733010411,0.0016756294062361121,0.00015289172006305307,0.0010539947543293238,-0.001206886488944292,6.72793248668313e-05,-0.0018677354091778398,0.0018004560843110085,-0.0008021980756893754,0.0015391302295029163,-0.0007369322120212018,-2.225232128694188e-05,-0.000635867821983993,0.0006581202032975852,-0.0004452776338439435,0.0009336321381852031,-0.0004883544752374291,0.001024894299916923,3.066030330955982e-06,-0.0010279604466632009],[0.0001411003468092531,-0.0026638254057615995,0.002522724447771907,-0.0004946895060129464,-0.003781120991334319,0.00427581463009119,0.0011722209164872766,-0.0023473878391087055,0.0011751677375286818,-0.008837566711008549,-0.010982975363731384,0.02082054130733013,-0.00022252960479818285,-0.0002930423943325877,0.0005155722610652447,0.0009358937968499959,0.0004404506762512028,-0.001376344240270555,-0.001543134916573763,-0.004246878903359175,0.005790014285594225,0.0020342939533293247,0.0027062343433499336,-0.004740528762340546,0.0008913970086723566,0.004061136860400438,-0.004952534101903439,0.0024053342640399933,0.000778728281147778,-0.003184062894433737,-0.0021016988903284073,-0.003236754098907113,0.005338453222066164,-0.000510124780703336,0.00023174638045020401,0.00027837837114930153,0.00017070585454348475,0.0030251597054302692,-0.0031958657782524824,0.002215940970927477,-0.0023958273231983185,0.0001798863522708416,0.0014864597469568253,-0.0014479734236374497,-3.8486323319375515e-05,-0.0008568618795834482,0.001289747771807015,-0.00043288583401590586,0.0005216164281591773,0.0007103950483724475,-0.0012320114765316248,0.00044640892883762717,-0.00024641171330586076,-0.00019999721553176641,-0.00025122950319200754,-0.0010405255015939474,0.0012917548883706331,-0.001435188576579094,0.0017324512591585517,-0.00029726294451393187,-0.0003496329300105572,0.0015380751574411988,-0.0011884422274306417,0.0013258946128189564,0.0010564613621681929,-0.0023823559749871492,-0.0010679529514163733,-0.001075402251444757,0.002143355319276452,0.0006668125279247761,0.002223100047558546,-0.002889912575483322,0.0005067037418484688,-0.002024563029408455,0.0015178592875599861,-0.000200553287868388,0.0013858338352292776,-0.001185280503705144,0.0005314397858455777,-0.0002449809107929468,-0.0002864588750526309,-0.001947584911249578,0.0002633350668475032,0.0016842503100633621],[0.0013104018289595842,0.003074005711823702,-0.00438440777361393,0.00018223989172838628,0.004801320377737284,-0.0049835615791380405,-0.0020558282267302275,0.0015651013236492872,0.0004907248076051474,0.0004794031265191734,-0.00025687264860607684,-0.00022252960479818285,0.001060396316461265,0.0009526654030196369,-0.0010130621958523989,-0.001587147475220263,0.001487373374402523,9.97738097794354e-05,-0.0006109274690970778,0.0006720813107676804,-6.115392898209393e-05,0.0013864946085959673,0.00229822751134634,-0.0036847221199423075,0.002240481786429882,0.0004661433631554246,-0.002706625033169985,-0.00019912024436052889,0.0014016912318766117,-0.0012025708565488458,0.00038646580651402473,0.0014548563631251454,-0.001841322286054492,0.0010378797305747867,0.0010902105132117867,-0.0021280902437865734,0.003217302029952407,0.002269233576953411,-0.005486535839736462,0.002885339083150029,0.0005147021147422493,-0.0034000405576080084,-0.0009874084498733282,4.5541790314018726e-05,0.0009418666013516486,0.0002677679294720292,-0.0001745515619404614,-9.321636753156781e-05,-0.0002661115722730756,-0.0004554089973680675,0.0007215205114334822,0.0006967576337046921,-0.00031962525099515915,-0.000377132382709533,-0.00026793847791850567,0.0011056970106437802,-0.0008377585327252746,-0.00014242705947253853,0.0002325287787243724,-9.010172652779147e-05,0.0002586526097729802,-0.00017653517716098577,-8.21174617158249e-05,-0.0005452298792079091,-6.124840001575649e-05,0.000606478308327496,-0.0001206591259688139,0.0004494963795877993,-0.00032883728272281587,7.867987005738541e-05,0.0007556041236966848,-0.0008342840010300279,-8.447015716228634e-05,-0.0005689200479537249,0.000653390190564096,1.6985602997010574e-05,0.00012425992463249713,-0.00014124551671557128,0.00030315041658468544,0.00021347388974390924,-0.0005166243063285947,-0.0002895629149861634,0.0005076317465864122,-0.00021806880249641836],[-0.002154421526938677,0.00042317830957472324,0.0017312448471784592,-0.00231161923147738,0.005364827811717987,-0.0030532097443938255,0.0018347211880609393,0.005926894955337048,-0.007761617191135883,-0.0020860221702605486,0.0023790658451616764,-0.0002930423943325877,0.0009526654030196369,0.009730247780680656,-0.0096829142421484,-0.0015846784226596355,0.00022034256835468113,0.0013643353013321757,-0.00026161360437981784,0.0024062281008809805,-0.002144614467397332,0.0006256146007217467,0.001292739761993289,-0.0019183545373380184,-0.002048383466899395,-0.0016524663660675287,0.00370084960013628,-0.00042508129263296723,-0.00044901587534695864,0.000874097051564604,0.0006784406141377985,0.0009045557817444205,-0.00158299645408988,0.0016881056362763047,0.0014962705317884684,-0.0031843758188188076,0.0010451205307617784,0.0029441025108098984,-0.003989222925156355,-0.0013498435728251934,-0.0009201520588248968,0.0022699956316500902,-0.000492484075948596,-8.317797619383782e-05,0.0005756620084866881,-0.0002020933316089213,-0.00040393497329205275,0.000606028363108635,0.0010603030677884817,-0.001905294950120151,0.0008449917077086866,-0.0003873544919770211,-0.0006717047072015703,0.0010590592864900827,1.895285095088184e-05,0.001107859774492681,-0.0011268126545473933,0.00021853737416677177,0.0002868846640922129,-0.0005054220091551542,-0.000693373498506844,-0.0010763694299384952,0.0017697431612759829,-0.0011069591855630279,-0.0004248456680215895,0.0015318049117922783,-0.0002450049505569041,0.00038585145375691354,-0.00014084659051150084,0.0008113276562653482,-0.00027843168936669827,-0.000532895908690989,-0.0009071356616914272,-0.0010310267098248005,0.0019381623715162277,0.0006585679948329926,-0.0003773641656152904,-0.00028120382921770215,0.0005933077773079276,0.0005047055310569704,-0.0010980133665725589,0.00013655860675498843,0.0004295585968066007,-0.0005661171162500978],[0.0008440200472250581,-0.0034971837885677814,0.0026531631592661142,0.0021293791942298412,-0.010166148655116558,0.008036772720515728,0.00022110683494247496,-0.0074919965118169785,0.007270892150700092,0.001606619218364358,-0.002122193342074752,0.0005155722610652447,-0.0010130621958523989,-0.0096829142421484,0.011695976369082928,0.003171826247125864,-0.0017077154479920864,-0.0014641104498878121,0.0008725409861654043,-0.0030783088877797127,0.0022057683672755957,-0.002012107986956835,-0.003590966807678342,0.00560307502746582,-0.00019209756283089519,0.0011863245163112879,-0.0009942271281033754,0.0006242021918296814,-0.0009526757639832795,0.00032847357215359807,-0.0010649056639522314,-0.0023594119120389223,0.0034243182744830847,-0.0027259844355285168,-0.0025864816270768642,0.005312465131282806,-0.0042624217458069324,-0.005213337484747171,0.00947575829923153,-0.0015354931820183992,0.00040544994408264756,0.0011300432961434126,0.0014798929914832115,3.763474524021149e-05,-0.0015175279695540667,-6.567355012521148e-05,0.0005784862441942096,-0.0005128125194460154,-0.0007941916701383889,0.0023607038892805576,-0.0015665121609345078,-0.00030940314172767103,0.0009913293179124594,-0.0006819262634962797,0.00024898635456338525,-0.0022135579492896795,0.001964571652933955,-7.611056207679212e-05,-0.0005194121040403843,0.000595522637013346,0.00043472135439515114,0.0012529046507552266,-0.0016876260051503778,0.0016521895304322243,0.000486093747895211,-0.002138283336535096,0.00036566340713761747,-0.0008353486191481352,0.0004696852993220091,-0.000890007650014013,-0.00047717164852656424,0.0013671794440597296,0.0009916061535477638,0.0015999467577785254,-0.0025915526784956455,-0.0006755527574568987,0.0002531043137423694,0.0004224485019221902,-0.0008964574662968516,-0.0007181798573583364,0.00161463744007051,0.00015300465747714043,-0.000937190605327487,0.0007841858314350247],[0.0010523763485252857,-0.005666093900799751,0.004613716620951891,-0.00027456050156615674,-0.0011372189037501812,0.0014117799000814557,0.0021849179174751043,-0.001383739523589611,-0.0008011781610548496,0.00019660271937027574,-0.0011324976803734899,0.0009358937968499959,-0.001587147475220263,-0.0015846784226596355,0.003171826247125864,0.00197597942315042,0.004755182191729546,-0.0057311593554914,-6.862072041258216e-06,-0.000564063258934766,0.0005709254764951766,-0.0009527705842629075,-0.00121092249173671,0.0021636930759996176,-0.00033863610588014126,-0.0007877098396420479,0.0011263459455221891,0.0020563218276947737,-0.0010352081153541803,-0.0010211138287559152,0.0002576128172222525,-0.0010141964303329587,0.0007565835840068758,-0.0010243550641462207,-0.0016736879479140043,0.002698042895644903,-0.0010901920031756163,-0.0015776988584548235,0.0026678908616304398,0.0013772754464298487,-0.0013984462711960077,2.1171115804463625e-05,0.0005590409273281693,0.0008251770632341504,-0.0013842181069776416,0.0006088897353038192,5.589122883975506e-05,-0.0006647810223512352,0.0005076925735920668,0.0010945851681753993,-0.001602277741767466,-0.0005224052583798766,0.0005186861963011324,3.7191202864050865e-06,-0.00028742774156853557,5.578868149314076e-05,0.00023163903097156435,-0.0002862380351871252,0.00028152612503618,4.71188104711473e-06,-3.9401944377459586e-05,-0.0009785250294953585,0.0010179269593209028,0.00041447411058470607,2.1544168703258038e-05,-0.00043601830839179456,-0.0007076757028698921,-0.00033789360895752907,0.0010455691954120994,0.0006559494067914784,0.000357923679985106,-0.0010138730285689235,-0.0003410489298403263,-0.00043625541729852557,0.000777304288931191,-8.143440936692059e-05,-0.0003360167611390352,0.00041745114140212536,-5.512181087397039e-05,-1.4484685380011797e-05,6.960652535781264e-05,-0.0005920081748627126,-0.00010879577894229442,0.0007008040556684136],[-0.0016642470145598054,0.003576654242351651,-0.0019124073442071676,0.0017338970210403204,-0.0011711765546351671,-0.0005627221544273198,-0.0015227579278871417,0.002497580135241151,-0.0009748212178237736,0.0014434581389650702,-0.001883908174932003,0.0004404506762512028,0.001487373374402523,0.00022034256835468113,-0.0017077154479920864,0.004755182191729546,0.005768609698861837,-0.009523790329694748,0.0010636795777827501,0.0004499669012147933,-0.001513646449893713,-0.00041005315142683685,0.0014043772825971246,-0.0009943239856511354,-5.111983045935631e-05,0.0014143839944154024,-0.001363264163956046,-0.0006490743835456669,0.002327823080122471,-0.0016787487547844648,0.0006247390992939472,-0.0013791267992928624,0.0007543876999989152,0.00047057203482836485,-3.8880709325894713e-05,-0.0004316912672948092,0.0011481692781671882,0.0011461450485512614,-0.002294314093887806,-0.0005619945586659014,0.0020644813776016235,-0.0015024869935587049,-0.00023984847939573228,0.0018848233157768846,-0.0016449748072773218,0.00015478288696613163,0.0006479923613369465,-0.0008027751464396715,6.687371933367103e-05,0.0005145365721546113,-0.0005814102478325367,0.0011576759861782193,-0.0015311774332076311,0.0003735015634447336,-0.0007641029078513384,0.0007026089588180184,6.149389082565904e-05,0.0002592916425783187,0.0006348735187202692,-0.0008941650157794356,-0.0010403083870187402,0.00046254348126240075,0.0005777649348601699,-0.0003898579743690789,0.00016234694339800626,0.0002275110746268183,-8.11072823125869e-07,-0.0010184148559346795,0.0010192259214818478,0.00026255741249769926,0.00021206942619755864,-0.0004746268969029188,0.0009037376148626208,-0.0015971474349498749,0.0006934099365025759,0.00021609824034385383,-0.0007091572042554617,0.0004930589348077774,-0.00022924890799913555,-0.0010577557841315866,0.0012870046775788069,-0.0002816720225382596,0.0003190351417288184,-3.7363090086728334e-05],[0.0006118708406575024,0.002089438494294882,-0.0027013085782527924,-0.0014593368396162987,0.0023083954583853483,-0.0008490574546158314,-0.0006621594657190144,-0.0011138409608975053,0.0017759992042556405,-0.001640060916543007,0.0030164055060595274,-0.001376344240270555,9.97738097794354e-05,0.0013643353013321757,-0.0014641104498878121,-0.0057311593554914,-0.009523790329694748,0.016254950314760208,-0.0010568172438070178,0.00011409723083488643,0.00094271992566064,0.0013628237647935748,-0.00019345524196978658,-0.0011693688575178385,0.0003897559945471585,-0.0006266750860959291,0.0002369190042372793,-0.0014072468038648367,-0.0012926154304295778,0.002699863165616989,-0.0008823514217510819,0.002393323928117752,-0.0015109722735360265,0.0005537830875255167,0.001712568337097764,-0.00226635136641562,-5.797763878945261e-05,0.0004315539263188839,-0.0003735763602890074,-0.0008152803056873381,-0.0006660353974439204,0.0014813155867159367,-0.00031919233151711524,-0.0027099992148578167,0.0030291914008557796,-0.0007636722875759006,-0.0007038833573460579,0.0014675555285066366,-0.0005745663656853139,-0.001609121565707028,0.0021836876403540373,-0.0006352709606289864,0.0010124921100214124,-0.000377221149392426,0.0010515307076275349,-0.0007583977421745658,-0.00029313279082998633,2.694605791475624e-05,-0.0009163992945104837,0.0008894532220438123,0.0010797104332596064,0.0005159812280908227,-0.0015956917777657509,-2.4615874281153083e-05,-0.0001838907046476379,0.00020850656437687576,0.000708486360963434,0.001356308115646243,-0.0020647943019866943,-0.0009185063536278903,-0.0005699929897673428,0.001488499459810555,-0.0005626890924759209,0.0020334022119641304,-0.0014707132941111922,-0.00013466441305354238,0.0010451734997332096,-0.0009105091448873281,0.00028437061700969934,0.001072240062057972,-0.0013566107954829931,0.0008736798190511763,-0.00021023947920184582,-0.0006634405581280589],[-0.0014436724595725536,0.0006658150814473629,0.0007778567378409207,0.0012761473190039396,-0.0041916873306035995,0.0029155397787690163,-0.0016229040920734406,0.00017057431978173554,0.00145232945214957,0.0016886000521481037,-0.00014546555757988244,-0.001543134916573763,-0.0006109274690970778,-0.00026161360437981784,0.0008725409861654043,-6.862072041258216e-06,0.0010636795777827501,-0.0010568172438070178,0.004816878587007523,-0.0013804612681269646,-0.002436417853459716,0.0002819336368702352,0.0012779885437339544,-0.0015599223552271724,0.0005270999972708523,0.0013802857138216496,-0.0019073855364695191,-0.0004696908872574568,0.00021992839174345136,0.0002497625246178359,0.0007974550826475024,-0.00045961717842146754,-0.00033783819526433945,0.00031389720970764756,0.00036510115023702383,-0.0006789982435293496,0.0003118271997664124,0.000608712958637625,-0.0009205401875078678,0.00063945387955755,-0.00014615830150432885,-0.0004932956071570516,-0.0007457629544660449,0.00036746374098584056,0.00037829915527254343,0.0008625611662864685,7.393768464680761e-05,-0.0009364988654851913,9.579474135534838e-05,0.00022065184020902961,-0.00031644661794416606,-0.0006072086398489773,0.0008821758674457669,-0.0002749671693891287,0.00019657301891129464,0.0004040702187921852,-0.0006006432231515646,-0.00019953092851210386,0.0003515927237458527,-0.00015206183888949454,4.808965604752302e-05,-0.0001746153284329921,0.00012652567238546908,-1.7393460439052433e-05,-0.00029713279218412936,0.0003145262598991394,-0.0003337861271575093,0.0003757519007194787,-4.1965780837927014e-05,-4.076413461007178e-05,0.0007463488727807999,-0.0007055847672745585,0.00024433486396446824,-0.0004153677145950496,0.0001710328651824966,0.00020986387971788645,-0.0002546930336393416,4.4829153921455145e-05,-8.381959924008697e-05,-0.00036217892193235457,0.00044599853572435677,0.0004994913470000029,0.00022659827664028853,-0.0007260897546075284],[0.0013231008779257536,0.0015239876229315996,-0.0028470878023654222,-0.002148312982171774,0.0010895186569541693,0.0010587903670966625,0.0005495662335306406,0.0015522596659138799,-0.002101826947182417,4.381546750664711e-05,0.0042030648328363895,-0.004246878903359175,0.0006720813107676804,0.0024062281008809805,-0.0030783088877797127,-0.000564063258934766,0.0004499669012147933,0.00011409723083488643,-0.0013804612681269646,0.00871655810624361,-0.00633609713986516,-0.00018093743710778654,0.0011080908589065075,-0.0009271536255255342,-0.0009127961238846183,-0.0018508336506783962,0.0027636298909783363,-0.001649669837206602,-0.001058379770256579,0.002708049723878503,0.0005650721141137183,0.0010879337787628174,-0.0016530059510841966,0.0014936371007934213,0.002086478751152754,-0.0035801155027002096,0.0015791072510182858,0.0005308845429681242,-0.002109991852194071,-0.001919022062793374,0.0016933334991335869,0.00022568815620616078,-0.00017227852367796004,-0.0030540209263563156,0.0032262997701764107,-0.00020196859259158373,-0.001647704397328198,0.0018496729899197817,0.0009619689080864191,-0.0012132050469517708,0.00025123628438450396,-0.000990391126833856,0.00110771250911057,-0.00011732138227671385,-0.0005290816188789904,-0.000432180444477126,0.0009612620924599469,0.0007250318885780871,0.0008271809783764184,-0.0015522127505391836,0.0005706077208742499,-0.0003373330691829324,-0.00023327468079514802,-0.0003105541691184044,2.0153529476374388e-05,0.00029040063964203,-0.00043755117803812027,0.0001009989864542149,0.0003365521552041173,0.00022296590032055974,-0.0003167275572195649,9.376154048368335e-05,-0.00040443503530696034,0.0008532998617738485,-0.0004488648264668882,0.0004465526435524225,0.000583132728934288,-0.0010296853724867105,-0.0008327110554091632,-0.0007234847289510071,0.0015561959007754922,0.0005787204136140645,0.000590466836001724,-0.0011691873660311103],[0.00012057134881615639,-0.002189802937209606,0.0020692311227321625,0.0008721656631678343,0.0031021684408187866,-0.003974330145865679,0.0010733376257121563,-0.0017228336073458195,0.0006494977278634906,-0.0017324152868241072,-0.004057599231600761,0.005790014285594225,-6.115392898209393e-05,-0.002144614467397332,0.0022057683672755957,0.0005709254764951766,-0.001513646449893713,0.00094271992566064,-0.002436417853459716,-0.00633609713986516,0.009772516787052155,-0.00010099780047312379,-0.002386080799624324,0.0024870787747204304,0.00038569618482142687,0.0004705476458184421,-0.000856243830639869,0.0021193602588027716,0.0008384512620978057,-0.0029578115791082382,-0.0013625279534608126,-0.0006283163675107062,0.0019908444955945015,-0.001807535532861948,-0.0024515811819583178,0.004259116947650909,-0.0018909350037574768,-0.001139598316513002,0.0030305334366858006,0.001279564923606813,-0.0015471759252250195,0.0002676110016182065,0.0009180410415865481,0.0026865568943321705,-0.003604597644880414,-0.0006605926901102066,0.0015737657668069005,-0.0009131731349043548,-0.0010577637003734708,0.0009925534250214696,6.521021714434028e-05,0.0015975991263985634,-0.0019898880273103714,0.000392288900911808,0.0003325085563119501,2.8111215215176344e-05,-0.00036061968421563506,-0.0005255008582025766,-0.0011787738185375929,0.0017042744439095259,-0.000618697318714112,0.0005119486595503986,0.00010674877557903528,0.0003279477241449058,0.0002769790298771113,-0.0006049267249181867,0.0007713374216109514,-0.0004767511854879558,-0.0002945862361229956,-0.00018220210040453821,-0.0004296215483918786,0.0006118236342445016,0.0001601001131348312,-0.0004379319725558162,0.000277831859420985,-0.000656416523270309,-0.0003284400445409119,0.0009848567424342036,0.0009165307856164873,0.001085663796402514,-0.002002194756641984,-0.0010782117024064064,-0.0008170645451173186,0.0018952763639390469],[0.001594853587448597,-0.0005255299038253725,-0.0010693237418308854,0.0005933621432632208,0.000869440904352814,-0.0014628039207309484,0.0007482680375687778,0.0003135722945444286,-0.0010618411470204592,-0.00036887911846861243,-0.001665415009483695,0.0020342939533293247,0.0013864946085959673,0.0006256146007217467,-0.002012107986956835,-0.0009527705842629075,-0.00041005315142683685,0.0013628237647935748,0.0002819336368702352,-0.00018093743710778654,-0.00010099780047312379,0.004543