{"epoch":0,"H":[[0.02582341432571411,-0.024823416024446487,0.007175176404416561,-0.007175175938755274,0.007300572004169226,-0.007300572004169226,-0.0021735462360084057,0.0021735462360084057,0.0009417547844350338,-0.0009417552500963211,0.002944412175565958,-0.002944412175565958,-0.0011040992103517056,0.0011040992103517056,0.004810918588191271,-0.0048109181225299835,0.0005972511717118323,-0.0005972511717118323,-0.001866594422608614,0.001866594422608614,-0.0007603276171721518,0.0007603275589644909,0.0009786068694666028,-0.000978606753051281,7.361586904153228e-05,-7.361586904153228e-05,0.0011544869048520923,-0.0011544865556061268,-0.0003278867807239294,0.00032788669341243804,0.0029184480663388968,-0.0029184480663388968,-0.0001289489446207881,0.00012894911924377084,-0.0007547634304501116,0.0007547636632807553,-0.00028925828519277275,0.0002892583142966032,-0.00033388950396329165,0.00033388950396329165,0.0032661007717251778,-0.0032661007717251778,-9.922498429659754e-05,9.922492608893663e-05,0.002477406058460474,-0.002477406058460474,0.00016494558076374233,-0.00016494558076374233,-0.00037305988371372223,0.0003730599128175527,0.0008923496352508664,-0.0008923497516661882,0.0018875662935897708,-0.0018875660607591271,-0.0005164995091035962,0.0005164995091035962],[-0.024823416024446487,0.02582341432571411,-0.007175179198384285,0.007175179198384285,-0.007300572004169226,0.007300572004169226,0.0021735462360084057,-0.0021735462360084057,-0.0009417557157576084,0.000941756647080183,-0.002944411477074027,0.0029444119427353144,0.001104098977521062,-0.00110409886110574,-0.0048109181225299835,0.0048109181225299835,-0.0005972525686956942,0.0005972524522803724,0.0018665952375158668,-0.0018665952375158668,0.00076032750075683,-0.0007603273261338472,-0.0009786073351278901,0.0009786072187125683,-7.361586904153228e-05,7.361586904153228e-05,-0.0011544865556061268,0.0011544863227754831,0.0003278873045928776,-0.00032788727548904717,-0.0029184489976614714,0.0029184489976614714,0.0001289492502110079,-0.00012894932297058403,0.0007547637214884162,-0.0007547637214884162,0.00028925767401233315,-0.00028925767401233315,0.00033388935844413936,-0.00033388935844413936,-0.003266101237386465,0.003266101237386465,9.92248096736148e-05,-9.922475146595389e-05,-0.0024774062912911177,0.002477406058460474,-0.00016494552255608141,0.00016494547890033573,0.0003730601747520268,-0.0003730599128175527,-0.0008923501009121537,0.0008923503337427974,-0.00188756687566638,0.00188756687566638,0.0005164992762729526,-0.0005164992762729526],[0.007175176404416561,-0.007175179198384285,0.05255243182182312,-0.051552437245845795,0.005459906533360481,-0.005459906533360481,-0.006156907882541418,0.006156907416880131,0.011997908353805542,-0.011997908353805542,0.0021598348394036293,-0.002159834373742342,0.005205634981393814,-0.005205634981393814,0.006118689198046923,-0.006118688266724348,0.008129214867949486,-0.008129214867949486,-0.004806401673704386,0.004806401673704386,0.002182023599743843,-0.0021820240654051304,0.0036015098448842764,-0.0036015096120536327,0.003505983389914036,-0.003505983855575323,0.005293899681419134,-0.005293899681419134,-0.004582112655043602,0.004582112655043602,-0.002360125770792365,0.0023601255379617214,-0.002549451310187578,0.002549451310187578,-0.0007904632948338985,0.0007904630620032549,0.003006355371326208,-0.0030063556041568518,-0.0023598121479153633,0.0023598119150847197,0.001439534593373537,-0.001439534593373537,0.0022351350635290146,-0.0022351350635290146,0.004499637056142092,-0.004499637056142092,-0.0014495598152279854,0.0014495598152279854,5.261995829641819e-05,-5.262013291940093e-05,0.002812969498336315,-0.002812969498336315,0.003738964907824993,-0.003738964907824993,0.0019427192164584994,-0.0019427193328738213],[-0.007175175938755274,0.007175179198384285,-0.051552437245845795,0.05255243554711342,-0.005459906067699194,0.005459905602037907,0.006156907882541418,-0.006156906485557556,-0.011997906491160393,0.011997906491160393,-0.0021598346065729856,0.0021598341409116983,-0.005205633584409952,0.005205633118748665,-0.006118690129369497,0.006118690129369497,-0.008129213936626911,0.008129214867949486,0.0048064012080430984,-0.0048064012080430984,-0.002182024298235774,0.0021820245310664177,-0.0036015098448842764,0.0036015098448842764,-0.003505982691422105,0.003505982691422105,-0.0052938987500965595,0.005293899215757847,0.004582112189382315,-0.004582112655043602,0.0023601253051310778,-0.0023601255379617214,0.002549451310187578,-0.002549451310187578,0.0007904634112492204,-0.0007904634112492204,-0.003006356069818139,0.0030063563026487827,0.0023598121479153633,-0.0023598121479153633,-0.001439533894881606,0.001439533894881606,-0.0022351343650370836,0.0022351343650370836,-0.0044996365904808044,0.0044996365904808044,0.0014495595823973417,-0.0014495595823973417,-5.262013291940093e-05,5.2620191127061844e-05,-0.0028129699639976025,0.0028129699639976025,-0.003738964907824993,0.0037389646749943495,-0.0019427192164584994,0.001942719449289143],[0.007300572004169226,-0.007300572004169226,0.005459906533360481,-0.005459906067699194,0.0158646609634161,-0.01486466359347105,0.00019682571291923523,-0.0001968255965039134,0.0005228259833529592,-0.0005228259833529592,0.001991052646189928,-0.0019910531118512154,0.0007296628900803626,-0.0007296628900803626,0.0031191855669021606,-0.003119186032563448,0.0027129724621772766,-0.0027129719965159893,-0.002656080760061741,0.002656080760061741,-9.249395225197077e-05,9.249370486941189e-05,0.002109861234202981,-0.002109861234202981,-0.0033277166076004505,0.003327716840431094,0.002112969057634473,-0.002112968824803829,-0.001933893421664834,0.0019338933052495122,0.003218257799744606,-0.0032182582654058933,-0.0014651974197477102,0.0014651974197477102,-0.0020544943399727345,0.002054494107142091,0.0016473813448101282,-0.0016473811119794846,-0.0010275484528392553,0.0010275484528392553,0.0008858821238391101,-0.0008858820656314492,-0.00023497184156440198,0.0002349718561163172,0.0015196219319477677,-0.0015196219319477677,-0.0007325208862312138,0.0007325209444388747,-0.0009589862893335521,0.0009589862311258912,0.0007405491778627038,-0.0007405492942780256,0.0017325980588793755,-0.0017325980588793755,0.0011451231548562646,-0.0011451231548562646],[-0.007300572004169226,0.007300572004169226,-0.005459906533360481,0.005459905602037907,-0.01486466359347105,0.015864664688706398,-0.00019682571291923523,0.0001968255965039134,-0.0005228259833529592,0.0005228259833529592,-0.001991052646189928,0.0019910531118512154,-0.0007296628900803626,0.0007296628900803626,-0.0031191855669021606,0.003119186032563448,-0.0027129724621772766,0.0027129719965159893,0.002656080760061741,-0.002656080760061741,9.249395225197077e-05,-9.249370486941189e-05,-0.002109861234202981,0.002109861234202981,0.0033277166076004505,-0.003327716840431094,-0.002112969057634473,0.002112968824803829,0.001933893421664834,-0.0019338933052495122,-0.003218257799744606,0.0032182582654058933,0.0014651974197477102,-0.0014651974197477102,0.0020544943399727345,-0.002054494107142091,-0.0016473813448101282,0.0016473811119794846,0.0010275484528392553,-0.0010275484528392553,-0.0008858821238391101,0.0008858820656314492,0.00023497184156440198,-0.0002349718561163172,-0.0015196219319477677,0.0015196219319477677,0.0007325208862312138,-0.0007325209444388747,0.0009589862893335521,-0.0009589862311258912,-0.0007405491778627038,0.0007405492942780256,-0.0017325980588793755,0.0017325980588793755,-0.0011451231548562646,0.0011451231548562646],[-0.0021735462360084057,0.0021735462360084057,-0.006156907882541418,0.006156907882541418,0.00019682571291923523,-0.00019682571291923523,0.015478194691240788,-0.014478194527328014,0.003557870164513588,-0.0035578706301748753,0.0009391489438712597,-0.0009391490020789206,0.004276780411601067,-0.004276780411601067,0.006589891854673624,-0.006589892320334911,0.008385038934648037,-0.008385038934648037,0.0040428596548736095,-0.0040428596548736095,-0.00012395743397064507,0.00012395696830935776,0.0028635598719120026,-0.0028635598719120026,-0.0016057641478255391,0.0016057640314102173,0.0011819001520052552,-0.0011819000355899334,0.000569721101783216,-0.0005697209853678942,0.003975254949182272,-0.003975254949182272,0.00037912657717242837,-0.00037912657717242837,0.0009483762551099062,-0.0009483762551099062,0.0008392527815885842,-0.000839252898003906,0.0008177125127986073,-0.0008177125127986073,0.0009834534721449018,-0.0009834534721449018,-0.0001442206121282652,0.0001442206121282652,0.00021981482859700918,-0.00021981485770083964,0.0006959896418265998,-0.0006959896418265998,0.0008414187468588352,-0.0008414188050664961,0.000981909572146833,-0.0009819096885621548,0.0015546497888863087,-0.001554649556055665,0.001740938052535057,-0.001740938168950379],[0.0021735462360084057,-0.0021735462360084057,0.006156907416880131,-0.006156906485557556,-0.0001968255965039134,0.0001968255965039134,-0.014478194527328014,0.015478192828595638,-0.003557870164513588,0.0035578706301748753,-0.0009391489438712597,0.0009391490020789206,-0.004276780411601067,0.004276780411601067,-0.006589891854673624,0.006589892320334911,-0.008385038934648037,0.008385038934648037,-0.0040428596548736095,0.0040428596548736095,0.00012395743397064507,-0.00012395696830935776,-0.0028635598719120026,0.0028635598719120026,0.0016057641478255391,-0.0016057640314102173,-0.0011819001520052552,0.0011819000355899334,-0.000569721101783216,0.0005697209853678942,-0.003975254949182272,0.003975254949182272,-0.00037912657717242837,0.00037912657717242837,-0.0009483762551099062,0.0009483762551099062,-0.0008392527815885842,0.000839252898003906,-0.0008177125127986073,0.0008177125127986073,-0.0009834534721449018,0.0009834534721449018,0.0001442206121282652,-0.0001442206121282652,-0.00021981482859700918,0.00021981485770083964,-0.0006959896418265998,0.0006959896418265998,-0.0008414187468588352,0.0008414188050664961,-0.000981909572146833,0.0009819096885621548,-0.0015546497888863087,0.001554649556055665,-0.001740938052535057,0.001740938168950379],[0.0009417547844350338,-0.0009417557157576084,0.011997908353805542,-0.011997906491160393,0.0005228259833529592,-0.0005228259833529592,0.003557870164513588,-0.003557870164513588,0.012163219042122364,-0.011163217946887016,-0.0002829694130923599,0.00028296918026171625,0.003782869316637516,-0.003782869316637516,0.006765400990843773,-0.006765400525182486,-0.0020568068139255047,0.0020568070467561483,0.0025314439553767443,-0.002531444188207388,0.0005996676627546549,-0.0005996680120006204,0.0013911430723965168,-0.0013911428395658731,-0.00013404618948698044,0.00013404618948698044,0.0003110093530267477,-0.00031100946944206953,-0.0006638560444116592,0.0006638561026193202,-0.00034682967816479504,0.00034682967816479504,-0.0003204910026397556,0.0003204908862244338,-0.0003261431702412665,0.0003261431702412665,0.0009580276673659682,-0.0009580275509506464,-0.00025716659729368985,0.00025716659729368985,-0.0017515234649181366,0.0017515234649181366,-0.00031160173239186406,0.00031160167418420315,-0.00037013646215200424,0.00037013646215200424,1.0534486136748455e-05,-1.053449886967428e-05,0.00010101325460709631,-0.00010101320367539302,0.000581507571041584,-0.0005815076874569058,-0.00022245720901992172,0.00022245723812375218,0.00033418519888073206,-0.000334185257088393],[-0.0009417552500963211,0.000941756647080183,-0.011997908353805542,0.011997906491160393,-0.0005228259833529592,0.0005228259833529592,-0.0035578706301748753,0.0035578706301748753,-0.011163217946887016,0.012163219973444939,0.0002829697332344949,-0.0002829696168191731,-0.003782869316637516,0.003782869316637516,-0.006765400059521198,0.006765400059521198,0.00205680588260293,-0.0020568056497722864,-0.002531444188207388,0.002531444188207388,-0.0005996675463393331,0.0005996677791699767,-0.001391144236549735,0.0013911441201344132,0.0001340473536401987,-0.0001340473536401987,-0.00031100946944206953,0.00031100958585739136,0.000663856219034642,-0.0006638562772423029,0.000346830056514591,-0.000346830056514591,0.00032049103174358606,-0.00032049097353592515,0.0003261433739680797,-0.00032614334486424923,-0.0009580279001966119,0.000958027841988951,0.0002571665099821985,-0.0002571665099821985,0.0017515235813334584,-0.0017515234649181366,0.0003116018488071859,-0.0003116018488071859,0.0003701368113979697,-0.0003701368113979697,-1.0534480679780245e-05,1.0534495231695473e-05,-0.00010101327643496916,0.00010101324005518109,-0.0005815072800032794,0.0005815073382109404,0.00022245751461014152,-0.00022245754371397197,-0.00033418508246541023,0.0003341851115692407],[0.002944412175565958,-0.002944411477074027,0.0021598348394036293,-0.0021598346065729856,0.001991052646189928,-0.001991052646189928,0.0009391489438712597,-0.0009391489438712597,-0.0002829694130923599,0.0002829697332344949,0.003703456372022629,-0.002703455975279212,0.0012209630804136395,-0.0012209631968289614,0.0009657795890234411,-0.0009657795308157802,0.0013447734527289867,-0.0013447735691443086,-0.0009643554221838713,0.000964355596806854,0.000933907344006002,-0.000933907344006002,-0.0001766380446497351,0.000176638102857396,-0.0008483346318826079,0.0008483346318826079,-0.0003810393391177058,0.0003810393391177058,0.00012737532961182296,-0.00012737546057906002,0.0014091194607317448,-0.0014091192279011011,3.937729343306273e-05,-3.937723522540182e-05,0.0008491082116961479,-0.0008491083281114697,0.00037371745565906167,-0.00037371745565906167,0.00010442816710565239,-0.00010442816710565239,0.0003596358874347061,-0.00035963591653853655,-0.00016926582611631602,0.0001692658115644008,-1.978366526600439e-05,1.978366526600439e-05,0.0001554719783598557,-0.00015547196380794048,0.0006744919810444117,-0.0006744919810444117,0.00015365843137260526,-0.00015365843137260526,-2.2197571524884552e-05,2.2197595171746798e-05,0.00016200004029087722,-0.00016200005484279245],[-0.002944412175565958,0.0029444119427353144,-0.002159834373742342,0.0021598341409116983,-0.0019910531118512154,0.0019910531118512154,-0.0009391490020789206,0.0009391490020789206,0.00028296918026171625,-0.0002829696168191731,-0.002703455975279212,0.003703454975038767,-0.0012209631968289614,0.0012209631968289614,-0.0009657798218540847,0.0009657798218540847,-0.0013447736855596304,0.0013447738019749522,0.0009643554221838713,-0.0009643554221838713,-0.0009339071693830192,0.000933907285798341,0.00017663781181909144,-0.0001766378409229219,0.0008483346318826079,-0.0008483346318826079,0.0003810386988334358,-0.0003810386697296053,-0.00012737486395053566,0.00012737487850245088,-0.001409119926393032,0.0014091196935623884,-3.937716246582568e-05,3.9377089706249535e-05,-0.0008491083281114697,0.0008491083281114697,-0.0003737178340088576,0.0003737178340088576,-0.00010442825441714376,0.0001044282253133133,-0.00035963597474619746,0.00035963597474619746,0.0001692658115644008,-0.00016926579701248556,1.978344880626537e-05,-1.978344880626537e-05,-0.00015547206567134708,0.00015547205111943185,-0.0006744920974597335,0.0006744920974597335,-0.00015365862054750323,0.00015365863509941846,2.219736052211374e-05,-2.219740053988062e-05,-0.00016200024401769042,0.00016200021491385996],[-0.0011040992103517056,0.001104098977521062,0.005205634981393814,-0.005205633584409952,0.0007296628900803626,-0.0007296628900803626,0.004276780411601067,-0.004276780411601067,0.003782869316637516,-0.003782869316637516,0.0012209630804136395,-0.0012209631968289614,0.009521973319351673,-0.008521974086761475,0.006167339161038399,-0.006167339161038399,0.006463121622800827,-0.006463121622800827,-0.000778127578087151,0.0007781274034641683,0.0001972225436475128,-0.00019722267461474985,0.0012221140787005424,-0.0012221141951158643,0.0010583344846963882,-0.0010583343682810664,0.0026918440125882626,-0.0026918440125882626,-7.204266148619354e-05,7.204280700534582e-05,0.0017352334689348936,-0.0017352337017655373,3.590372216422111e-05,-3.590372216422111e-05,-2.442683035042137e-05,2.442681579850614e-05,0.00045292696449905634,-0.00045292696449905634,0.00013895131996832788,-0.0001389512763125822,-0.0003743346023838967,0.0003743346023838967,0.000537053681910038,-0.000537053681910038,0.0002154068206436932,-0.00021540687885135412,0.0003631460131146014,-0.00036314604221843183,0.00025042632478289306,-0.0002504262956790626,-0.0006104201311245561,0.0006104201311245561,0.00035926239797845483,-0.0003592623397707939,0.0002883812412619591,-0.0002883812412619591],[0.0011040992103517056,-0.00110409886110574,-0.005205634981393814,0.005205633118748665,-0.0007296628900803626,0.0007296628900803626,-0.004276780411601067,0.004276780411601067,-0.003782869316637516,0.003782869316637516,-0.0012209631968289614,0.0012209631968289614,-0.008521974086761475,0.009521974250674248,-0.006167339161038399,0.006167339161038399,-0.006463121622800827,0.006463121622800827,0.000778127578087151,-0.0007781274034641683,-0.0001972225436475128,0.00019722267461474985,-0.0012221140787005424,0.0012221141951158643,-0.0010583344846963882,0.0010583343682810664,-0.0026918440125882626,0.0026918440125882626,7.204266148619354e-05,-7.204280700534582e-05,-0.0017352334689348936,0.0017352337017655373,-3.590372216422111e-05,3.590372216422111e-05,2.442683035042137e-05,-2.442681579850614e-05,-0.00045292696449905634,0.00045292696449905634,-0.00013895131996832788,0.0001389512763125822,0.0003743346023838967,-0.0003743346023838967,-0.000537053681910038,0.000537053681910038,-0.0002154068206436932,0.00021540687885135412,-0.0003631460131146014,0.00036314604221843183,-0.00025042632478289306,0.0002504262956790626,0.0006104201311245561,-0.0006104201311245561,-0.00035926239797845483,0.0003592623397707939,-0.0002883812412619591,0.0002883812412619591],[0.004810918588191271,-0.0048109181225299835,0.006118689198046923,-0.006118690129369497,0.0031191855669021606,-0.0031191855669021606,0.006589891854673624,-0.006589891854673624,0.006765400990843773,-0.006765400059521198,0.0009657795890234411,-0.0009657798218540847,0.006167339161038399,-0.006167339161038399,0.01187247596681118,-0.010872475802898407,0.004638181533664465,-0.004638181999325752,0.0015165216755121946,-0.0015165216755121946,-0.0003734890487976372,0.00037348835030570626,0.0038197245448827744,-0.003819724777713418,-0.0015965213533490896,0.0015965213533490896,-0.00047711707884445786,0.00047711754450574517,0.0004741622251458466,-0.0004741621669381857,0.0036352856550365686,-0.003635285422205925,0.0005533812800422311,-0.0005533812800422311,0.0009494132827967405,-0.0009494132827967405,0.0016628443263471127,-0.0016628443263471127,0.0004567055148072541,-0.00045670554391108453,0.0005212716059759259,-0.0005212716059759259,0.0008239300223067403,-0.0008239299058914185,0.0004212804196868092,-0.0004212804196868092,0.0005301977507770061,-0.0005301978089846671,0.0007703580195084214,-0.0007703579613007605,0.001453698961995542,-0.0014536990784108639,0.0003797004173975438,-0.0003797004173975438,0.0006324372952803969,-0.000632437237072736],[-0.0048109181225299835,0.0048109181225299835,-0.006118688266724348,0.006118690129369497,-0.003119186032563448,0.003119186032563448,-0.006589892320334911,0.006589892320334911,-0.006765400525182486,0.006765400059521198,-0.0009657795308157802,0.0009657798218540847,-0.006167339161038399,0.006167339161038399,-0.010872475802898407,0.011872474104166031,-0.004638181533664465,0.004638181999325752,-0.0015165216755121946,0.0015165216755121946,0.0003734890487976372,-0.00037348835030570626,-0.0038197245448827744,0.003819724777713418,0.0015965213533490896,-0.0015965213533490896,0.00047711707884445786,-0.00047711754450574517,-0.0004741622251458466,0.0004741621669381857,-0.0036352856550365686,0.003635285422205925,-0.0005533812800422311,0.0005533812800422311,-0.0009494132827967405,0.0009494132827967405,-0.0016628443263471127,0.0016628443263471127,-0.0004567055148072541,0.00045670554391108453,-0.0005212716059759259,0.0005212716059759259,-0.0008239300223067403,0.0008239299058914185,-0.0004212804196868092,0.0004212804196868092,-0.0005301977507770061,0.0005301978089846671,-0.0007703580195084214,0.0007703579613007605,-0.001453698961995542,0.0014536990784108639,-0.0003797004173975438,0.0003797004173975438,-0.0006324372952803969,0.000632437237072736],[0.0005972511717118323,-0.0005972525686956942,0.008129214867949486,-0.008129213936626911,0.0027129724621772766,-0.0027129724621772766,0.008385038934648037,-0.008385038934648037,-0.0020568068139255047,0.00205680588260293,0.0013447734527289867,-0.0013447736855596304,0.006463121622800827,-0.006463121622800827,0.004638181533664465,-0.004638181533664465,0.015214866027235985,-0.014214864000678062,-0.000597484759055078,0.0005974849336780608,-0.0007484590169042349,0.0007484586094506085,0.0010669231414794922,-0.0010669233743101358,0.0035782172344624996,-0.003578217001631856,0.0006530310492962599,-0.0006530310492962599,-0.0009119573514908552,0.0009119573514908552,0.004153421148657799,-0.004153421148657799,-0.00022276266827248037,0.00022276265372056514,-1.635777880437672e-05,1.6358128050342202e-05,0.0038329774979501963,-0.0038329772651195526,-3.472462412901223e-05,3.472462412901223e-05,0.0028983408119529486,-0.0028983408119529486,0.001750847091898322,-0.0017508469754830003,0.002708491636440158,-0.002708491636440158,0.00030737582710571587,-0.00030737582710571587,5.9351237723603845e-05,-5.9351448726374656e-05,0.002314766403287649,-0.002314766403287649,0.0009586373344063759,-0.0009586373926140368,0.000598291342612356,-0.0005982914008200169],[-0.0005972511717118323,0.0005972524522803724,-0.008129214867949486,0.008129214867949486,-0.0027129719965159893,0.0027129719965159893,-0.008385038934648037,0.008385038934648037,0.0020568070467561483,-0.0020568056497722864,-0.0013447735691443086,0.0013447738019749522,-0.006463121622800827,0.006463121622800827,-0.004638181999325752,0.004638181999325752,-0.014214864000678062,0.01521486695855856,0.0005974848172627389,-0.0005974848754703999,0.0007484587840735912,-0.0007484585512429476,-0.001066923257894814,0.001066923257894814,-0.0035782174672931433,0.003578217001631856,-0.0006530308164656162,0.000653030932880938,0.0009119570604525506,-0.0009119571768678725,-0.004153421614319086,0.004153421148657799,0.00022276259551290423,-0.00022276262461673468,1.635806984268129e-05,-1.6357953427359462e-05,-0.00383297773078084,0.0038329774979501963,3.472476964816451e-05,-3.472476964816451e-05,-0.0028983410447835922,0.0028983410447835922,-0.0017508475575596094,0.0017508475575596094,-0.002708492102101445,0.002708492102101445,-0.00030737585620954633,0.00030737585620954633,-5.935134686296806e-05,5.935155786573887e-05,-0.002314766403287649,0.002314766636118293,-0.000958637276198715,0.0009586373344063759,-0.0005982918082736433,0.0005982919246889651],[-0.001866594422608614,0.0018665952375158668,-0.004806401673704386,0.0048064012080430984,-0.002656080760061741,0.002656080760061741,0.0040428596548736095,-0.0040428596548736095,0.0025314439553767443,-0.002531444188207388,-0.0009643554221838713,0.0009643554221838713,-0.000778127578087151,0.000778127578087151,0.0015165216755121946,-0.0015165216755121946,-0.000597484759055078,0.0005974848172627389,0.00452846335247159,-0.0035284636542201042,-0.0011984778102487326,0.001198477577418089,0.003822955535724759,-0.003822955535724759,-0.0008710716501809657,0.0008710717083886266,-0.000950862537138164,0.000950862537138164,0.00043207057751715183,-0.00043207046110183,-0.0012613211292773485,0.0012613210128620267,-0.00017818900232668966,0.00017818895867094398,-0.00016389382653869689,0.00016389373922720551,-0.0012316401116549969,0.0012316401116549969,-1.5231693396344781e-05,1.5231737052090466e-05,-0.0006571453413926065,0.0006571452831849456,-0.00023981733829714358,0.0002398172946413979,-0.000796276144683361,0.000796276202891022,-5.1383860409259796e-05,5.1383824029471725e-05,-3.8910289731575176e-05,3.891043888870627e-05,0.0004626620502676815,-0.0004626621084753424,0.00010429028770886362,-0.00010429028770886362,0.0008178310818038881,-0.0008178310818038881],[0.001866594422608614,-0.0018665952375158668,0.004806401673704386,-0.0048064012080430984,0.002656080760061741,-0.002656080760061741,-0.0040428596548736095,0.0040428596548736095,-0.002531444188207388,0.002531444188207388,0.000964355596806854,-0.0009643554221838713,0.0007781274034641683,-0.0007781274034641683,-0.0015165216755121946,0.0015165216755121946,0.0005974849336780608,-0.0005974848754703999,-0.0035284636542201042,0.004528463818132877,0.0011984778102487326,-0.001198477577418089,-0.003822955535724759,0.003822955535724759,0.0008710716501809657,-0.0008710717083886266,0.000950862537138164,-0.000950862537138164,-0.00043207057751715183,0.00043207046110183,0.0012613211292773485,-0.0012613210128620267,0.00017818900232668966,-0.00017818895867094398,0.00016389382653869689,-0.00016389373922720551,0.0012316401116549969,-0.0012316401116549969,1.5231693396344781e-05,-1.5231737052090466e-05,0.0006571453413926065,-0.0006571452831849456,0.00023981733829714358,-0.0002398172946413979,0.000796276144683361,-0.000796276202891022,5.1383860409259796e-05,-5.1383824029471725e-05,3.8910289731575176e-05,-3.891043888870627e-05,-0.0004626620502676815,0.0004626621084753424,-0.00010429028770886362,0.00010429028770886362,-0.0008178310818038881,0.0008178310818038881],[-0.0007603276171721518,0.00076032750075683,0.002182023599743843,-0.002182024298235774,-9.249395225197077e-05,9.249395225197077e-05,-0.00012395743397064507,0.00012395743397064507,0.0005996676627546549,-0.0005996675463393331,0.000933907344006002,-0.0009339071693830192,0.0001972225436475128,-0.0001972225436475128,-0.0003734890487976372,0.0003734890487976372,-0.0007484590169042349,0.0007484587840735912,-0.0011984778102487326,0.0011984778102487326,0.002477707341313362,-0.0014777077594771981,-0.00030055202660150826,0.00030055196839384735,-0.00021639559417963028,0.00021639547776430845,0.0004160504322499037,-0.0004160504904575646,0.00018220316269434988,-0.00018220310448668897,-0.0009623502846807241,0.0009623502846807241,0.0002857626823242754,-0.00028576271142810583,-8.490015170536935e-05,8.490015170536935e-05,0.00010536958870943636,-0.00010536961781326681,6.130573456175625e-05,-6.130572000984102e-05,-0.0005466325674206018,0.0005466325674206018,8.20259447209537e-05,-8.20259447209537e-05,-4.62144089397043e-05,4.621439438778907e-05,0.00030980780138634145,-0.0003098078304901719,4.1322316974401474e-05,-4.13223315263167e-05,0.00033399209496565163,-0.0003339920658618212,0.0006092265248298645,-0.0006092265248298645,0.0002756226749625057,-0.00027562258765101433],[0.0007603275589644909,-0.0007603273261338472,-0.0021820240654051304,0.0021820245310664177,9.249370486941189e-05,-9.249370486941189e-05,0.00012395696830935776,-0.00012395696830935776,-0.0005996680120006204,0.0005996677791699767,-0.000933907344006002,0.000933907285798341,-0.00019722267461474985,0.00019722267461474985,0.00037348835030570626,-0.00037348835030570626,0.0007484586094506085,-0.0007484585512429476,0.001198477577418089,-0.001198477577418089,-0.0014777077594771981,0.0024777085054665804,0.00030055176466703415,-0.0003005518519785255,0.0002163953031413257,-0.0002163953031413257,-0.0004160506068728864,0.00041605066508054733,-0.0001822029589675367,0.0001822029589675367,0.0009623502846807241,-0.0009623502846807241,-0.00028576256590895355,0.00028576256590895355,8.490044274367392e-05,-8.490041363984346e-05,-0.00010536950139794499,0.00010536951594986022,-6.130576366558671e-05,6.130576366558671e-05,0.0005466325092129409,-0.0005466325092129409,-8.20258937892504e-05,8.20258937892504e-05,4.621411790139973e-05,-4.621413245331496e-05,-0.0003098078304901719,0.0003098078886978328,-4.132228787057102e-05,4.132227331865579e-05,-0.00033399209496565163,0.0003339920658618212,-0.0006092263502068818,0.0006092263502068818,-0.00027562258765101433,0.00027562250033952296],[0.0009786068694666028,-0.0009786073351278901,0.0036015098448842764,-0.0036015098448842764,0.002109861234202981,-0.002109861234202981,0.0028635598719120026,-0.0028635598719120026,0.0013911430723965168,-0.001391144236549735,-0.0001766380446497351,0.00017663781181909144,0.0012221140787005424,-0.0012221140787005424,0.0038197245448827744,-0.0038197245448827744,0.0010669231414794922,-0.001066923257894814,0.003822955535724759,-0.003822955535724759,-0.00030055202660150826,0.00030055176466703415,0.0089384401217103,-0.007938439957797527,-0.001246000058017671,0.001246000058017671,0.000225651019718498,-0.0002256506122648716,0.0007669593906030059,-0.0007669592741876841,0.0016003679484128952,-0.0016003679484128952,0.0005774474702775478,-0.0005774474702775478,0.0005989553174003959,-0.0005989553756080568,2.354469324927777e-05,-2.3544671421404928e-05,0.0004081423394382,-0.0004081423394382,-6.40491780359298e-05,6.40491780359298e-05,0.0008484140271320939,-0.000848413968924433,0.00026720407186076045,-0.00026720407186076045,0.00022129571880213916,-0.00022129577700980008,0.0005413881153799593,-0.0005413881153799593,0.0004540999070741236,-0.00045410002348944545,0.00048460272955708206,-0.00048460272955708206,0.0011113600339740515,-0.0011113600339740515],[-0.000978606753051281,0.0009786072187125683,-0.0036015096120536327,0.0036015098448842764,-0.002109861234202981,0.002109861234202981,-0.0028635598719120026,0.0028635598719120026,-0.0013911428395658731,0.0013911441201344132,0.000176638102857396,-0.0001766378409229219,-0.0012221141951158643,0.0012221141951158643,-0.003819724777713418,0.003819724777713418,-0.0010669233743101358,0.001066923257894814,-0.003822955535724759,0.003822955535724759,0.00030055196839384735,-0.0003005518519785255,-0.007938439957797527,0.0089384401217103,0.0012460004072636366,-0.0012460004072636366,-0.00022565084509551525,0.00022565055405721068,-0.0007669593906030059,0.0007669593906030059,-0.0016003679484128952,0.0016003679484128952,-0.0005774474702775478,0.0005774474702775478,-0.0005989554920233786,0.0005989554920233786,-2.35446059377864e-05,2.354456955799833e-05,-0.00040814242674969137,0.00040814242674969137,6.404901796486229e-05,-6.404900341294706e-05,-0.0008484142017550766,0.0008484141435474157,-0.00026720401365309954,0.00026720401365309954,-0.00022129567514639348,0.00022129571880213916,-0.0005413882900029421,0.0005413882900029421,-0.00045409981976263225,0.0004540998488664627,-0.0004846026422455907,0.0004846025840379298,-0.0011113598011434078,0.0011113598011434078],[7.361586904153228e-05,-7.361586904153228e-05,0.003505983389914036,-0.003505982691422105,-0.0033277166076004505,0.0033277166076004505,-0.0016057641478255391,0.0016057641478255391,-0.00013404618948698044,0.0001340473536401987,-0.0008483346318826079,0.0008483346318826079,0.0010583344846963882,-0.0010583344846963882,-0.0015965213533490896,0.0015965213533490896,0.0035782172344624996,-0.0035782174672931433,-0.0008710716501809657,0.0008710716501809657,-0.00021639559417963028,0.0002163953031413257,-0.001246000058017671,0.0012460004072636366,0.0063821980729699135,-0.00538219790905714,0.0003192144795320928,-0.0003192145377397537,-0.0007421229965984821,0.0007421229965984821,-0.0003433504607528448,0.0003433504607528448,-0.00022679095854982734,0.0002267909876536578,0.00031779787968844175,-0.00031779787968844175,-0.0008591785444878042,0.0008591784280724823,-0.0001385537616442889,0.00013855379074811935,0.0006514063570648432,-0.0006514063570648432,0.0004400135367177427,-0.00044001356582157314,0.0006594253936782479,-0.0006594254518859088,-0.0001636160450289026,0.00016361608868464828,0.00038862944347783923,-0.00038862944347783923,0.00015177468594629318,-0.00015177471505012363,0.0004684709128923714,-0.0004684709128923714,0.0003299008239991963,-0.00032990085310302675],[-7.361586904153228e-05,7.361586904153228e-05,-0.003505983855575323,0.003505982691422105,0.003327716840431094,-0.003327716840431094,0.0016057640314102173,-0.0016057640314102173,0.00013404618948698044,-0.0001340473536401987,0.0008483346318826079,-0.0008483346318826079,-0.0010583343682810664,0.0010583343682810664,0.0015965213533490896,-0.0015965213533490896,-0.003578217001631856,0.003578217001631856,0.0008710717083886266,-0.0008710717083886266,0.00021639547776430845,-0.0002163953031413257,0.001246000058017671,-0.0012460004072636366,-0.00538219790905714,0.006382197607308626,-0.0003192144795320928,0.0003192145377397537,0.0007421229965984821,-0.0007421229965984821,0.0003433504607528448,-0.0003433504607528448,0.00022679095854982734,-0.0002267909876536578,-0.00031779787968844175,0.00031779787968844175,0.0008591785444878042,-0.0008591784280724823,0.0001385537616442889,-0.00013855379074811935,-0.0006514063570648432,0.0006514063570648432,-0.0004400135367177427,0.00044001356582157314,-0.0006594253936782479,0.0006594254518859088,0.0001636160450289026,-0.00016361608868464828,-0.00038862944347783923,0.00038862944347783923,-0.00015177468594629318,0.00015177471505012363,-0.0004684709128923714,0.0004684709128923714,-0.0003299008239991963,0.00032990085310302675],[0.0011544869048520923,-0.0011544865556061268,0.005293899681419134,-0.0052938987500965595,0.002112969057634473,-0.002112969057634473,0.0011819001520052552,-0.0011819001520052552,0.0003110093530267477,-0.00031100946944206953,-0.0003810393391177058,0.0003810386988334358,0.0026918440125882626,-0.0026918440125882626,-0.00047711707884445786,0.00047711707884445786,0.0006530310492962599,-0.0006530308164656162,-0.000950862537138164,0.000950862537138164,0.0004160504322499037,-0.0004160506068728864,0.000225651019718498,-0.00022565084509551525,0.0003192144795320928,-0.0003192144795320928,0.004758346360176802,-0.0037583457306027412,-0.0010394059354439378,0.0010394059354439378,8.592479571234435e-05,-8.592476660851389e-05,-0.000926546985283494,0.000926546985283494,3.8377882447093725e-05,-3.837785334326327e-05,-0.0003279495576862246,0.0003279495576862246,-0.0008299120236188173,0.0008299120236188173,0.0009003187296912074,-0.0009003187296912074,-0.00014784843369852751,0.0001478483754908666,0.0011705118231475353,-0.0011705118231475353,-0.0004387197259347886,0.0004387197259347886,0.0001571814646013081,-0.00015718155191279948,0.0006314837373793125,-0.0006314837373793125,0.0006905975751578808,-0.0006905975751578808,0.0008919147658161819,-0.000891914707608521],[-0.0011544865556061268,0.0011544863227754831,-0.005293899681419134,0.005293899215757847,-0.002112968824803829,0.002112968824803829,-0.0011819000355899334,0.0011819000355899334,-0.00031100946944206953,0.00031100958585739136,0.0003810393391177058,-0.0003810386697296053,-0.0026918440125882626,0.0026918440125882626,0.00047711754450574517,-0.00047711754450574517,-0.0006530310492962599,0.000653030932880938,0.000950862537138164,-0.000950862537138164,-0.0004160504904575646,0.00041605066508054733,-0.0002256506122648716,0.00022565055405721068,-0.0003192145377397537,0.0003192145377397537,-0.0037583457306027412,0.004758345894515514,0.0010394059354439378,-0.0010394059354439378,-8.59245628817007e-05,8.592450467403978e-05,0.0009265466942451894,-0.0009265468688681722,-3.8377707824110985e-05,3.8377707824110985e-05,0.00032794923754408956,-0.0003279492084402591,0.0008299120818264782,-0.0008299120818264782,-0.0009003187296912074,0.0009003187296912074,0.00014784849190618843,-0.0001478484773542732,-0.001170512055978179,0.0011705119395628572,0.00043871969683095813,-0.00043871969683095813,-0.00015718145004939288,0.00015718152280896902,-0.0006314836209639907,0.0006314836209639907,-0.000690597400534898,0.000690597400534898,-0.0008919145911931992,0.0008919145911931992],[-0.0003278867807239294,0.0003278873045928776,-0.004582112655043602,0.004582112189382315,-0.001933893421664834,0.001933893421664834,0.000569721101783216,-0.000569721101783216,-0.0006638560444116592,0.000663856219034642,0.00012737532961182296,-0.00012737486395053566,-7.204266148619354e-05,7.204266148619354e-05,0.0004741622251458466,-0.0004741622251458466,-0.0009119573514908552,0.0009119570604525506,0.00043207057751715183,-0.00043207057751715183,0.00018220316269434988,-0.0001822029589675367,0.0007669593906030059,-0.0007669593906030059,-0.0007421229965984821,0.0007421229965984821,-0.0010394059354439378,0.0010394059354439378,0.003936645574867725,-0.0029366454109549522,0.002017132006585598,-0.002017132006585598,0.0012618444161489606,-0.0012618444161489606,0.0009965512435883284,-0.0009965512435883284,0.0003083658230025321,-0.00030836573569104075,0.0009294037590734661,-0.000929403817281127,0.00045067857718095183,-0.00045067857718095183,-0.00022613973123952746,0.00022613983310293406,-4.419864126248285e-05,4.419864126248285e-05,0.0007187081500887871,-0.0007187081500887871,0.0005575125105679035,-0.0005575125687755644,-8.014283957891166e-05,8.01428104750812e-05,0.00026364080258645117,-0.00026364080258645117,0.0002903148124460131,-0.00029031484154984355],[0.00032788669341243804,-0.00032788727548904717,0.004582112655043602,-0.004582112655043602,0.0019338933052495122,-0.0019338933052495122,-0.0005697209853678942,0.0005697209853678942,0.0006638561026193202,-0.0006638562772423029,-0.00012737546057906002,0.00012737487850245088,7.204280700534582e-05,-7.204280700534582e-05,-0.0004741621669381857,0.0004741621669381857,0.0009119573514908552,-0.0009119571768678725,-0.00043207046110183,0.00043207046110183,-0.00018220310448668897,0.0001822029589675367,-0.0007669592741876841,0.0007669593906030059,0.0007421229965984821,-0.0007421229965984821,0.0010394059354439378,-0.0010394059354439378,-0.0029366454109549522,0.003936645574867725,-0.0020171322394162416,0.002017132006585598,-0.0012618444161489606,0.0012618444161489606,-0.0009965512435883284,0.0009965512435883284,-0.0003083660558331758,0.00030836599762551486,-0.000929403817281127,0.000929403817281127,-0.0004506786062847823,0.00045067857718095183,0.00022613981855101883,-0.0002261398039991036,4.419853939907625e-05,-4.419851757120341e-05,-0.0007187080918811262,0.0007187080918811262,-0.0005575125105679035,0.0005575125105679035,8.014289778657258e-05,-8.014286868274212e-05,-0.0002636407152749598,0.0002636407152749598,-0.0002903147251345217,0.00029031469603069127],[0.0029184480663388968,-0.0029184489976614714,-0.002360125770792365,0.0023601253051310778,0.003218257799744606,-0.003218257799744606,0.003975254949182272,-0.003975254949182272,-0.00034682967816479504,0.000346830056514591,0.0014091194607317448,-0.001409119926393032,0.0017352334689348936,-0.0017352334689348936,0.0036352856550365686,-0.0036352856550365686,0.004153421148657799,-0.004153421614319086,-0.0012613211292773485,0.0012613211292773485,-0.0009623502846807241,0.0009623502846807241,0.0016003679484128952,-0.0016003679484128952,-0.0003433504607528448,0.0003433504607528448,8.592479571234435e-05,-8.59245628817007e-05,0.002017132006585598,-0.0020171322394162416,0.0060743726789951324,-0.005074371583759785,0.0009751899633556604,-0.0009751899633556604,0.0005118299159221351,-0.0005118298577144742,9.09283699002117e-06,-9.092953405342996e-06,0.0010382311884313822,-0.0010382311884313822,0.0006131226546131074,-0.0006131227128207684,0.0005585717735812068,-0.0005585717735812068,1.563775003887713e-05,-1.563775003887713e-05,0.0006413564551621675,-0.0006413563387468457,0.00036439052200876176,-0.0003643904346972704,0.00034783699084073305,-0.00034783699084073305,-0.000498012697789818,0.0004980126395821571,-7.640945841558278e-05,7.640945841558278e-05],[-0.0029184480663388968,0.0029184489976614714,0.0023601255379617214,-0.0023601255379617214,-0.0032182582654058933,0.0032182582654058933,-0.003975254949182272,0.003975254949182272,0.00034682967816479504,-0.000346830056514591,-0.0014091192279011011,0.0014091196935623884,-0.0017352337017655373,0.0017352337017655373,-0.003635285422205925,0.003635285422205925,-0.004153421148657799,0.004153421148657799,0.0012613210128620267,-0.0012613210128620267,0.0009623502846807241,-0.0009623502846807241,-0.0016003679484128952,0.0016003679484128952,0.0003433504607528448,-0.0003433504607528448,-8.592476660851389e-05,8.592450467403978e-05,-0.002017132006585598,0.002017132006585598,-0.005074371583759785,0.0060743712820112705,-0.0009751899633556604,0.0009751897305250168,-0.0005118302069604397,0.0005118300323374569,-9.092604159377515e-06,9.092720574699342e-06,-0.0010382310720160604,0.0010382311884313822,-0.0006131227128207684,0.0006131227710284293,-0.0005585718317888677,0.0005585718317888677,-1.563818659633398e-05,1.563818659633398e-05,-0.0006413562223315239,0.0006413562223315239,-0.0003643906384