{"epoch":0,"H":[[0.02838031016290188,-0.027380311861634254,0.010725578293204308,-0.010725578293204308,0.01037832535803318,-0.01037832535803318,0.004451782442629337,-0.004451782908290625,0.0018250530119985342,-0.0018250532448291779,0.0015845635207369924,-0.0015845632879063487,-0.0008023344562388957,0.000802334223408252,-0.0027122979518026114,0.0027122979518026114,-0.002261829562485218,0.002261829562485218,0.005993127357214689,-0.005993127357214689,0.00011244611232541502,-0.00011244593770243227,1.5432946383953094e-05,-1.543317921459675e-05,-0.002555357525125146,0.0025553579907864332,-0.0014302015770226717,0.001430200645700097,0.0005756115424446762,-0.0005756117170676589,-0.0004163609119132161,0.0004163607954978943,0.00029204890597611666,-0.0002920490223914385,-8.200533920899034e-05,8.200491720344871e-05,-0.0008986660395748913,0.0008986659231595695,0.0002477712114341557,-0.0002477712114341557,0.0005532533396035433,-0.0005532533396035433,0.001026729354634881,-0.001026729354634881,0.0015735449269413948,-0.0015735449269413948,1.2841555872000754e-05,-1.2841614079661667e-05,-0.00014099669351708144,0.00014099685358814895,0.00016134428733494133,-0.00016134424367919564,0.0002774530730675906,-0.0002774530730675906,-0.00040855619590729475,0.0004085564287379384],[-0.027380311861634254,0.02838031016290188,-0.010725578293204308,0.010725578293204308,-0.01037832535803318,0.010378326289355755,-0.004451783839613199,0.004451783839613199,-0.001825053826905787,0.0018250540597364306,-0.0015845632879063487,0.001584562356583774,0.0008023332338780165,-0.0008023330010473728,0.002712296787649393,-0.0027122963219881058,0.0022618290968239307,-0.002261828863993287,-0.0059931278228759766,0.005993128288537264,-0.00011244617053307593,0.00011244599591009319,-1.5433761291205883e-05,1.5434110537171364e-05,0.0025553570594638586,-0.0025553572922945023,0.0014302015770226717,-0.0014302011113613844,-0.0005756113678216934,0.0005756114842370152,0.0004163607954978943,-0.0004163607954978943,-0.0002920490805990994,0.00029204916791059077,8.200517913792282e-05,-8.20049608591944e-05,0.0008986659231595695,-0.0008986659231595695,-0.00024777103681117296,0.0002477710659150034,-0.0005532533396035433,0.0005532533978112042,-0.0010267292382195592,0.0010267291218042374,-0.0015735449269413948,0.0015735449269413948,-1.2841555872000754e-05,1.2841555872000754e-05,0.00014099673717282712,-0.00014099694089964032,-0.00016134415636770427,0.00016134414181578904,-0.00027745269471779466,0.00027745269471779466,0.0004085567779839039,-0.00040855666156858206],[0.010725578293204308,-0.010725578293204308,0.04361933097243309,-0.042619332671165466,0.005136883817613125,-0.0051368847489356995,0.008080177009105682,-0.008080177009105682,0.004434213042259216,-0.004434213973581791,0.0020713151898235083,-0.0020713158883154392,0.0015963013283908367,-0.001596301794052124,0.0004543820396065712,-0.00045438227243721485,0.002022066153585911,-0.00202206545509398,0.004229111131280661,-0.004229111596941948,0.0015819434775039554,-0.0015819439431652427,-0.0018408559262752533,0.0018408566247671843,-0.0016505387611687183,0.0016505394596606493,0.005209227092564106,-0.005209228023886681,0.0013731976505368948,-0.0013731976505368948,0.0011934968642890453,-0.0011934969807043672,0.000964340113569051,-0.0009643399971537292,0.00041463389061391354,-0.0004146340652368963,0.0009836081881076097,-0.0009836081881076097,0.000768576399423182,-0.000768576399423182,0.0006312732584774494,-0.0006312732584774494,0.0005615487461909652,-0.0005615488043986261,0.0015445753233507276,-0.0015445752069354057,0.00031769851921126246,-0.0003176985483150929,7.73882056819275e-05,-7.738838030491024e-05,0.0011916738003492355,-0.0011916735675185919,0.0006156961317174137,-0.0006156961317174137,-0.0013771383091807365,0.0013771384255960584],[-0.010725578293204308,0.010725578293204308,-0.042619332671165466,0.04361932724714279,-0.005136885214596987,0.005136885214596987,-0.008080177940428257,0.008080177009105682,-0.004434212576597929,0.004434212110936642,-0.0020713163539767265,0.002071316819638014,-0.0015963019104674459,0.0015963019104674459,-0.00045438227243721485,0.0004543815739452839,-0.0020220668520778418,0.0020220663864165545,-0.0042291125282645226,0.0042291125282645226,-0.0015819435939192772,0.0015819440595805645,0.0018408552277833223,-0.0018408552277833223,0.0016505385283380747,-0.0016505387611687183,-0.005209228955209255,0.00520922988653183,-0.0013731976505368948,0.0013731976505368948,-0.0011934973299503326,0.0011934973299503326,-0.0009643405210226774,0.0009643402881920338,-0.0004146341816522181,0.0004146340652368963,-0.000983607373200357,0.0009836074896156788,-0.000768576399423182,0.0007685763412155211,-0.0006312732584774494,0.0006312732584774494,-0.0005615486297756433,0.0005615486879833043,-0.0015445748576894403,0.0015445747412741184,-0.0003176985774189234,0.00031769851921126246,-7.738842396065593e-05,7.738827844150364e-05,-0.0011916738003492355,0.0011916735675185919,-0.0006156962481327355,0.0006156962481327355,0.0013771385420113802,-0.001377138658426702],[0.01037832535803318,-0.01037832535803318,0.005136883817613125,-0.005136885214596987,0.021626165136694908,-0.020626164972782135,0.0045804595574736595,-0.0045804595574736595,0.005604325793683529,-0.005604325793683529,0.0012895704712718725,-0.0012895707041025162,-0.0031312028877437115,0.003131203120574355,-0.0004254546947777271,0.00042545481119304895,-0.005302087869495153,0.005302087403833866,0.002894007135182619,-0.0028940080665051937,-0.00014926548465155065,0.00014926554285921156,0.0034526525996625423,-0.0034526525996625423,-0.007697077468037605,0.007697077933698893,0.002983691170811653,-0.002983691403642297,-0.0001580441021360457,0.0001580441021360457,-0.0012502919416874647,0.0012502919416874647,7.623518467880785e-05,-7.623512647114694e-05,0.00017933192430064082,-0.00017933192430064082,0.0016794413095340133,-0.0016794413095340133,0.00014816700422670692,-0.00014816697512287647,0.0008027143776416779,-0.0008027143776416779,0.0017512354534119368,-0.0017512354534119368,0.000476909801363945,-0.000476909801363945,6.639747880399227e-06,-6.639806088060141e-06,-2.182909520342946e-05,2.1829211618751287e-05,0.0018203211948275566,-0.0018203211948275566,0.0013199212262406945,-0.0013199211098253727,0.00015700527001172304,-0.00015700524090789258],[-0.01037832535803318,0.010378326289355755,-0.0051368847489356995,0.005136885214596987,-0.020626164972782135,0.021626165136694908,-0.004580459091812372,0.004580459091812372,-0.005604325793683529,0.005604325793683529,-0.0012895704712718725,0.0012895709369331598,0.003131202422082424,-0.003131202422082424,0.0004254546947777271,-0.0004254542291164398,0.005302087403833866,-0.0053020864725112915,-0.002894007135182619,0.0028940076008439064,0.00014926609583199024,-0.00014926597941666842,-0.003452652134001255,0.003452652134001255,0.00769707839936018,-0.00769707839936018,-0.0029836909379810095,0.002983691170811653,0.0001580441021360457,-0.00015804427675902843,0.0012502919416874647,-0.0012502918252721429,-7.623486453667283e-05,7.623477722518146e-05,-0.00017933198250830173,0.00017933198250830173,-0.001679441425949335,0.0016794413095340133,-0.00014816697512287647,0.000148166946019046,-0.0008027143776416779,0.0008027143776416779,-0.001751235220581293,0.001751235220581293,-0.0004769093939103186,0.00047690942301414907,-6.639776984229684e-06,6.639864295721054e-06,2.1829036995768547e-05,-2.1829066099599004e-05,-0.0018203213112428784,0.0018203211948275566,-0.001319920876994729,0.001319920876994729,-0.00015700508083682507,0.0001570050953887403],[0.004451782442629337,-0.004451783839613199,0.008080177009105682,-0.008080177940428257,0.0045804595574736595,-0.004580459091812372,0.013989328406751156,-0.012989327311515808,0.004904046654701233,-0.004904046654701233,0.0004693568334914744,-0.00046935680438764393,0.004524202086031437,-0.004524202086031437,0.004488449078053236,-0.004488449078053236,-0.0017747889505699277,0.001774788135662675,0.004375450313091278,-0.004375450778752565,-0.000296607002383098,0.00029660717700608075,0.0020526337902992964,-0.0020526337902992964,-0.000580286723561585,0.0005802866071462631,0.0016102762892842293,-0.001610276522114873,0.0006028173374943435,-0.0006028171628713608,-0.001188656548038125,0.001188656548038125,0.0006511668907478452,-0.0006511667743325233,0.0005930489278398454,-0.0005930487532168627,0.00020714533457066864,-0.00020714529091492295,0.0002798325731419027,-0.00027983254403807223,-0.0014864582335576415,0.0014864582335576415,0.0007007638923823833,-0.0007007638341747224,-0.0004610791220329702,0.0004610791802406311,0.00020023145771119744,-0.00020023142860736698,0.0003050120722036809,-0.0003050121304113418,0.0005710663390345871,-0.0005710663390345871,0.0007818681187927723,-0.0007818681187927723,-0.0006317714578472078,0.0006317714578472078],[-0.004451782908290625,0.004451783839613199,-0.008080177009105682,0.008080177009105682,-0.0045804595574736595,0.004580459091812372,-0.012989327311515808,0.01398932933807373,-0.004904046654701233,0.004904046189039946,-0.0004693565424531698,0.0004693568916991353,-0.004524202086031437,0.004524202086031437,-0.004488449078053236,0.004488449078053236,0.0017747898818925023,-0.0017747884849086404,-0.004375450313091278,0.004375450313091278,0.0002966065949294716,-0.0002966066531371325,-0.002052633324638009,0.002052633324638009,0.0005802862579002976,-0.000580286025069654,-0.0016102761728689075,0.001610276405699551,-0.0006028171046636999,0.0006028171628713608,0.001188656548038125,-0.001188656548038125,-0.0006511668907478452,0.0006511667743325233,-0.0005930487532168627,0.0005930484621785581,-0.0002071453200187534,0.00020714530546683818,-0.00027983245672658086,0.0002798324858304113,0.0014864584663882852,-0.0014864584663882852,-0.0007007640087977052,0.0007007639505900443,0.0004610790638253093,-0.0004610791220329702,-0.00020023139950353652,0.00020023139950353652,-0.00030501210130751133,0.0003050121304113418,-0.0005710662808269262,0.0005710662808269262,-0.0007818682352080941,0.0007818681770004332,0.0006317715160548687,-0.0006317715160548687],[0.0018250530119985342,-0.001825053826905787,0.004434213042259216,-0.004434212576597929,0.005604325793683529,-0.005604325793683529,0.004904046654701233,-0.004904046654701233,0.007534475531429052,-0.006534476298838854,-0.0005596857517957687,0.0005596860428340733,0.00289973895996809,-0.00289973895996809,0.002681376878172159,-0.002681376878172159,-0.001320845214650035,0.0013208454474806786,-0.0017706311773508787,0.0017706311773508787,-4.821646143682301e-05,4.821646143682301e-05,0.0015814811922609806,-0.0015814813086763024,-0.0004201378324069083,0.00042013771599158645,-0.0014855609042569995,0.0014855606714263558,-0.0011527261231094599,0.0011527262395247817,-0.002439650474116206,0.002439650474116206,-0.0003801976563408971,0.0003801979764830321,-0.0001683798327576369,0.00016838006558828056,0.002308690920472145,-0.0023086911533027887,-0.00020461821986828,0.0002046182780759409,-0.0011246254434809089,0.0011246254434809089,0.0005449136951938272,-0.0005449136369861662,-0.0006616389146074653,0.0006616389728151262,-0.00020482481340877712,0.00020482481340877712,-0.0002671809634193778,0.0002671809634193778,0.0013951152795925736,-0.0013951152795925736,0.0006714668124914169,-0.0006714668124914169,-5.623337347060442e-05,5.623337347060442e-05],[-0.0018250532448291779,0.0018250540597364306,-0.004434213973581791,0.004434212110936642,-0.005604325793683529,0.005604325793683529,-0.004904046654701233,0.004904046189039946,-0.006534476298838854,0.00753447599709034,0.0005596857517957687,-0.0005596860428340733,-0.00289973895996809,0.00289973895996809,-0.002681376878172159,0.002681376878172159,0.001320845214650035,-0.0013208454474806786,0.0017706311773508787,-0.0017706311773508787,4.821646143682301e-05,-4.821646143682301e-05,-0.0015814811922609806,0.0015814813086763024,0.0004201378324069083,-0.00042013771599158645,0.0014855609042569995,-0.0014855606714263558,0.0011527261231094599,-0.0011527262395247817,0.002439650474116206,-0.002439650474116206,0.0003801976563408971,-0.0003801979764830321,0.0001683798327576369,-0.00016838006558828056,-0.002308690920472145,0.0023086911533027887,0.00020461821986828,-0.0002046182780759409,0.0011246254434809089,-0.0011246254434809089,-0.0005449136951938272,0.0005449136369861662,0.0006616389146074653,-0.0006616389728151262,0.00020482481340877712,-0.00020482481340877712,0.0002671809634193778,-0.0002671809634193778,-0.0013951152795925736,0.0013951152795925736,-0.0006714668124914169,0.0006714668124914169,5.623337347060442e-05,-5.623337347060442e-05],[0.0015845635207369924,-0.0015845632879063487,0.0020713151898235083,-0.0020713163539767265,0.0012895704712718725,-0.0012895704712718725,0.0004693568334914744,-0.0004693565424531698,-0.0005596857517957687,0.0005596857517957687,0.004967825952917337,-0.003967825789004564,-0.0005240766331553459,0.0005240764585323632,0.0003517478471621871,-0.0003517477889545262,0.0006799341645091772,-0.0006799341063015163,-0.00027532345848158,0.0002753234002739191,0.0006109867827035487,-0.0006109868409112096,0.0010073345620185137,-0.0010073344456031919,0.0007955037872307003,-0.0007955037872307003,-0.0012611366109922528,0.0012611366109922528,0.0007249395712278783,-0.0007249395130202174,-3.763468703255057e-05,3.763468703255057e-05,0.0004394227871671319,-0.00043942275806330144,0.00020837860938627273,-0.00020837866759393364,0.0008348446572199464,-0.0008348446572199464,0.0004900388303212821,-0.0004900388303212821,-3.890696098096669e-05,3.890696098096669e-05,0.000214389554457739,-0.000214389554457739,-3.912273677997291e-05,3.9122780435718596e-05,0.000320523715345189,-0.000320523715345189,0.00025071267737075686,-0.0002507126482669264,0.0003295434871688485,-0.0003295434871688485,0.0005230437964200974,-0.0005230437964200974,0.00027090954245068133,-0.00027090954245068133],[-0.0015845632879063487,0.001584562356583774,-0.0020713158883154392,0.002071316819638014,-0.0012895707041025162,0.0012895709369331598,-0.00046935680438764393,0.0004693568916991353,0.0005596860428340733,-0.0005596860428340733,-0.003967825789004564,0.004967825952917337,0.0005240766331553459,-0.0005240764585323632,-0.0003517478471621871,0.0003517477889545262,-0.0006799341645091772,0.0006799341063015163,0.00027532345848158,-0.0002753234002739191,-0.0006109867827035487,0.0006109868409112096,-0.0010073345620185137,0.0010073344456031919,-0.0007955037872307003,0.0007955037872307003,0.0012611366109922528,-0.0012611366109922528,-0.0007249395712278783,0.0007249395130202174,3.763468703255057e-05,-3.763468703255057e-05,-0.0004394227871671319,0.00043942275806330144,-0.00020837860938627273,0.00020837866759393364,-0.0008348446572199464,0.0008348446572199464,-0.0004900388303212821,0.0004900388303212821,3.890696098096669e-05,-3.890696098096669e-05,-0.000214389554457739,0.000214389554457739,3.912273677997291e-05,-3.9122780435718596e-05,-0.000320523715345189,0.000320523715345189,-0.00025071267737075686,0.0002507126482669264,-0.0003295434871688485,0.0003295434871688485,-0.0005230437964200974,0.0005230437964200974,-0.00027090954245068133,0.00027090954245068133],[-0.0008023344562388957,0.0008023332338780165,0.0015963013283908367,-0.0015963019104674459,-0.0031312028877437115,0.003131202422082424,0.004524202086031437,-0.004524202086031437,0.00289973895996809,-0.00289973895996809,-0.0005240766331553459,0.0005240766331553459,0.012130592949688435,-0.011130592785775661,0.004450281150639057,-0.004450281150639057,0.0031625675037503242,-0.003162567038089037,0.002711088629439473,-0.002711088163778186,-0.00047359621385112405,0.00047359621385112405,0.0005379252834245563,-0.0005379252834245563,-0.0005389828002080321,0.0005389830330386758,-0.00209565251134336,0.00209565251134336,8.559434354538098e-05,-8.559416892239824e-05,-0.0014733850257471204,0.0014733850257471204,0.0002407403662800789,-0.00024074039538390934,-0.00047907879343256354,0.00047907885164022446,0.0004217980313114822,-0.0004217980313114822,-8.36539693409577e-05,8.365398389287293e-05,-0.0015127392252907157,0.0015127392252907157,-0.0003811825590673834,0.00038118252996355295,-0.0009722464019432664,0.0009722464601509273,0.00010365126945544034,-0.00010365126217948273,-0.0003324103308841586,0.0003324102726764977,-0.0002618222206365317,0.00026182219153270125,0.0003913545224349946,-0.0003913544933311641,-0.001155767240561545,0.0011557673569768667],[0.000802334223408252,-0.0008023330010473728,-0.001596301794052124,0.0015963019104674459,0.003131203120574355,-0.003131202422082424,-0.004524202086031437,0.004524202086031437,-0.00289973895996809,0.00289973895996809,0.0005240764585323632,-0.0005240764585323632,-0.011130592785775661,0.012130592949688435,-0.004450281150639057,0.0044502816163003445,-0.0031625672709196806,0.0031625672709196806,-0.002711088862270117,0.0027110883966088295,0.0004735963302664459,-0.0004735960974358022,-0.0005379252834245563,0.0005379249923862517,0.0005389828002080321,-0.000538982916623354,0.0020956522785127163,-0.0020956522785127163,-8.559411799069494e-05,8.559403067920357e-05,0.0014733851421624422,-0.0014733851421624422,-0.00024074045359157026,0.00024074045359157026,0.00047907879343256354,-0.000479078822536394,-0.0004217979731038213,0.0004217979731038213,8.36539693409577e-05,-8.365398389287293e-05,0.0015127391088753939,-0.0015127392252907157,0.0003811826172750443,-0.0003811826172750443,0.0009722460526973009,-0.0009722461109049618,-0.00010365118941990659,0.00010365118941990659,0.00033241044729948044,-0.00033241035998798907,0.00026182213332504034,-0.00026182213332504034,-0.0003913545224349946,0.00039135455153882504,0.001155767822638154,-0.001155767822638154],[-0.0027122979518026114,0.002712296787649393,0.0004543820396065712,-0.00045438227243721485,-0.0004254546947777271,0.0004254546947777271,0.004488449078053236,-0.004488449078053236,0.002681376878172159,-0.002681376878172159,0.0003517478471621871,-0.0003517478471621871,0.004450281150639057,-0.004450281150639057,0.01496552862226963,-0.013965528458356857,0.0062341345474123955,-0.006234133616089821,0.003514793235808611,-0.003514793235808611,-0.0008579668356105685,0.0008579668356105685,0.0018300581723451614,-0.0018300581723451614,-0.0005734775331802666,0.0005734778242185712,-0.00023780472110956907,0.00023780428455211222,2.861113171093166e-05,-2.861104439944029e-05,-0.0015049956273287535,0.0015049956273287535,-3.886263584718108e-05,3.8862694054841995e-05,0.00034306125598959625,-0.00034306111047044396,-0.0004128892032895237,0.0004128892323933542,-0.00018915874534286559,0.00018915877444669604,-0.0006407585460692644,0.0006407585460692644,0.0004391503462102264,-0.0004391503462102264,-1.529164546809625e-05,1.529159999336116e-05,-5.297629104461521e-05,5.2976320148445666e-05,3.9324375393334776e-05,-3.932441904908046e-05,-0.00020811479771509767,0.00020811473950743675,3.4715281799435616e-05,-3.4715296351350844e-05,-0.0005648670485243201,0.0005648669903166592],[0.0027122979518026114,-0.0027122963219881058,-0.00045438227243721485,0.0004543815739452839,0.00042545481119304895,-0.0004254542291164398,-0.004488449078053236,0.004488449078053236,-0.002681376878172159,0.002681376878172159,-0.0003517477889545262,0.0003517477889545262,-0.004450281150639057,0.0044502816163003445,-0.013965528458356857,0.01496552862226963,-0.0062341345474123955,0.006234133616089821,-0.003514793235808611,0.003514793235808611,0.0008579668356105685,-0.0008579668356105685,-0.0018300581723451614,0.0018300581723451614,0.0005734775331802666,-0.0005734778242185712,0.00023780472110956907,-0.00023780428455211222,-2.861113171093166e-05,2.861104439944029e-05,0.0015049956273287535,-0.0015049956273287535,3.886263584718108e-05,-3.8862694054841995e-05,-0.00034306125598959625,0.00034306111047044396,0.0004128892032895237,-0.0004128892323933542,0.00018915874534286559,-0.00018915877444669604,0.0006407585460692644,-0.0006407585460692644,-0.0004391503462102264,0.0004391503462102264,1.529164546809625e-05,-1.529159999336116e-05,5.297629104461521e-05,-5.2976320148445666e-05,-3.9324375393334776e-05,3.932441904908046e-05,0.00020811479771509767,-0.00020811473950743675,-3.4715281799435616e-05,3.4715296351350844e-05,0.0005648670485243201,-0.0005648669903166592],[-0.002261829562485218,0.0022618290968239307,0.002022066153585911,-0.0020220668520778418,-0.005302087869495153,0.005302087403833866,-0.0017747889505699277,0.0017747898818925023,-0.001320845214650035,0.001320845214650035,0.0006799341645091772,-0.0006799341645091772,0.0031625675037503242,-0.0031625672709196806,0.0062341345474123955,-0.0062341345474123955,0.016189003363251686,-0.015189003199338913,0.0026345334481447935,-0.00263453321531415,0.0006392798386514187,-0.0006392797804437578,-0.0004674000956583768,0.0004674001538660377,-0.00037006757338531315,0.000370067689800635,-0.0019716520328074694,0.0019716517999768257,-0.0016704360023140907,0.0016704360023140907,-0.0033077499829232693,0.0033077499829232693,-0.0012196043971925974,0.0012196047464385629,-0.00042956217657774687,0.0004295622929930687,-0.00031109285191632807,0.00031109285191632807,-0.0010165170533582568,0.0010165170533582568,-0.0015857255784794688,0.0015857255784794688,-0.00042160029988735914,0.00042160029988735914,0.0003581492928788066,-0.0003581491473596543,-0.0008185961050912738,0.0008185961050912738,-0.000647852779366076,0.0006478526047430933,-0.0006698622601106763,0.0006698622019030154,-0.0008372116135433316,0.0008372116135433316,-0.0007257105316966772,0.0007257105316966772],[0.002261829562485218,-0.002261828863993287,-0.00202206545509398,0.0020220663864165545,0.005302087403833866,-0.0053020864725112915,0.001774788135662675,-0.0017747884849086404,0.0013208454474806786,-0.0013208454474806786,-0.0006799341063015163,0.0006799341063015163,-0.003162567038089037,0.0031625672709196806,-0.006234133616089821,0.006234133616089821,-0.015189003199338913,0.016189003363251686,-0.002634533680975437,0.002634533680975437,-0.0006392797222360969,0.0006392796640284359,0.0004673995717894286,-0.0004673995717894286,0.00037006783531978726,-0.00037006800994277,0.001971652265638113,-0.0019716520328074694,0.0016704360023140907,-0.0016704360023140907,0.003307749517261982,-0.003307749517261982,0.001219604630023241,-0.0012196047464385629,0.0004295618273317814,-0.0004295621474739164,0.00031109279370866716,-0.00031109285191632807,0.0010165171697735786,-0.0010165171697735786,0.001585725462064147,-0.001585725462064147,0.00042160021257586777,-0.00042160024167969823,-0.0003581494966056198,0.00035814938019029796,0.000818595988675952,-0.000818595988675952,0.0006478528957813978,-0.0006478527211584151,0.0006698620854876935,-0.0006698620854876935,0.0008372114971280098,-0.0008372114971280098,0.0007257104152813554,-0.0007257104152813554],[0.005993127357214689,-0.0059931278228759766,0.004229111131280661,-0.0042291125282645226,0.002894007135182619,-0.002894007135182619,0.004375450313091278,-0.004375450313091278,-0.0017706311773508787,0.0017706311773508787,-0.00027532345848158,0.00027532345848158,0.002711088629439473,-0.002711088862270117,0.003514793235808611,-0.003514793235808611,0.0026345334481447935,-0.002634533680975437,0.013349151238799095,-0.012349150143563747,-0.0010239994153380394,0.0010239994153380394,0.0041866903193295,-0.0041866903193295,-0.001458312850445509,0.0014583129668608308,-0.0002625021734274924,0.0002625023480504751,7.22829281585291e-05,-7.228292088257149e-05,0.0014117623213678598,-0.0014117623213678598,2.6004396204371005e-05,-2.6004530809586868e-05,0.00020082427363377064,-0.00020082444825675339,-0.0016471457201987505,0.0016471457201987505,-0.00010688102338463068,0.00010688104521250352,0.001541453879326582,-0.001541453879326582,0.00042802334064617753,-0.00042802334064617753,3.621821815613657e-05,-3.621836731326766e-05,6.358186510624364e-07,-6.358186510624364e-07,8.280650217784569e-05,-8.28063566586934e-05,-0.0010997940553352237,0.0010997939389199018,-1.2595904991030693e-05,1.2595904991030693e-05,-0.0008028036099858582,0.0008028036099858582],[-0.005993127357214689,0.005993128288537264,-0.004229111596941948,0.0042291125282645226,-0.0028940080665051937,0.0028940076008439064,-0.004375450778752565,0.004375450313091278,0.0017706311773508787,-0.0017706311773508787,0.0002753234002739191,-0.0002753234002739191,-0.002711088163778186,0.0027110883966088295,-0.003514793235808611,0.003514793235808611,-0.00263453321531415,0.002634533680975437,-0.012349150143563747,0.01334915030747652,0.0010239991825073957,-0.0010239991825073957,-0.0041866903193295,0.0041866907849907875,0.0014583123847842216,-0.0014583127340301871,0.00026250205701217055,-0.0002625018823891878,-7.228270260384306e-05,7.228276808746159e-05,-0.0014117630198597908,0.0014117630198597908,-2.600443986011669e-05,2.6004574465332553e-05,-0.00020082439004909247,0.00020082452101632953,0.0016471454873681068,-0.0016471454873681068,0.00010688102338463068,-0.000106880979728885,-0.0015414539957419038,0.0015414539957419038,-0.00042802351526916027,0.00042802351526916027,-3.621880023274571e-05,3.621888754423708e-05,-6.357222446240485e-07,6.357804522849619e-07,-8.280651672976092e-05,8.280642941826954e-05,0.00109979382250458,-0.00109979382250458,1.2595555745065212e-05,-1.2595555745065212e-05,0.0008028034353628755,-0.0008028033771552145],[0.00011244611232541502,-0.00011244617053307593,0.0015819434775039554,-0.0015819435939192772,-0.00014926548465155065,0.00014926609583199024,-0.000296607002383098,0.0002966065949294716,-4.821646143682301e-05,4.821646143682301e-05,0.0006109867827035487,-0.0006109867827035487,-0.00047359621385112405,0.0004735963302664459,-0.0008579668356105685,0.0008579668356105685,0.0006392798386514187,-0.0006392797222360969,-0.0010239994153380394,0.0010239991825073957,0.003250216832384467,-0.002250217366963625,0.0010231559863314033,-0.0010231559863314033,-0.0005176091799512506,0.0005176090635359287,-0.00018211973656434566,0.0001821196492528543,0.0005532593932002783,-0.0005532593932002783,0.00016651050827931613,-0.00016651050827931613,0.00030763173708692193,-0.0003076317079830915,0.00010423085768707097,-0.00010423087951494381,-0.0007940260693430901,0.0007940260693430901,0.0003348838072270155,-0.0003348838072270155,-2.6505411369726062e-05,2.6505411369726062e-05,-0.0003825730527751148,0.0003825730527751148,5.345973477233201e-05,-5.345973477233201e-05,0.00014565188030246645,-0.00014565188030246645,0.00010293771629221737,-0.00010293770901625976,-0.00035723537439480424,0.00035723537439480424,0.00037499231984838843,-0.000374992290744558,4.617199010681361e-06,-4.617184458766133e-06],[-0.00011244593770243227,0.00011244599591009319,-0.0015819439431652427,0.0015819440595805645,0.00014926554285921156,-0.00014926597941666842,0.00029660717700608075,-0.0002966066531371325,4.821646143682301e-05,-4.821646143682301e-05,-0.0006109868409112096,0.0006109868409112096,0.00047359621385112405,-0.0004735960974358022,0.0008579668356105685,-0.0008579668356105685,-0.0006392797804437578,0.0006392796640284359,0.0010239994153380394,-0.0010239991825073957,-0.002250217366963625,0.0032502179965376854,-0.0010231559863314033,0.0010231559863314033,0.0005176091799512506,-0.0005176090635359287,0.00018211973656434566,-0.0001821196492528543,-0.0005532593932002783,0.0005532593932002783,-0.00016651050827931613,0.00016651050827931613,-0.00030763173708692193,0.0003076317079830915,-0.00010423085768707097,0.00010423087951494381,0.0007940260693430901,-0.0007940260693430901,-0.0003348838072270155,0.0003348838072270155,2.6505411369726062e-05,-2.6505411369726062e-05,0.0003825730527751148,-0.0003825730527751148,-5.345973477233201e-05,5.345973477233201e-05,-0.00014565188030246645,0.00014565188030246645,-0.00010293771629221737,0.00010293770901625976,0.00035723537439480424,-0.00035723537439480424,-0.00037499231984838843,0.000374992290744558,-4.617199010681361e-06,4.617184458766133e-06],[1.5432946383953094e-05,-1.5433761291205883e-05,-0.0018408559262752533,0.0018408552277833223,0.0034526525996625423,-0.003452652134001255,0.0020526337902992964,-0.002052633324638009,0.0015814811922609806,-0.0015814811922609806,0.0010073345620185137,-0.0010073345620185137,0.0005379252834245563,-0.0005379252834245563,0.0018300581723451614,-0.0018300581723451614,-0.0004674000956583768,0.0004673995717894286,0.0041866903193295,-0.0041866903193295,0.0010231559863314033,-0.0010231559863314033,0.009478257969021797,-0.00847825687378645,-0.0015007311012595892,0.0015007313340902328,0.0007456069579347968,-0.0007456068997271359,-0.00044065824477002025,0.0004406581283546984,0.0004915035679005086,-0.0004915035679005086,-0.00032236508559435606,0.00032236528932116926,-0.00016111432341858745,0.00016111438162624836,-0.000260792498011142,0.000260792498011142,-0.0003658244386315346,0.00036582446773536503,0.0002042131673078984,-0.0002042131091002375,0.0001969671866390854,-0.0001969671866390854,3.9027527236612514e-05,-3.902755997842178e-05,-0.00026017840718850493,0.00026017840718850493,-0.0002190025697927922,0.00021900254068896174,-0.0005443457048386335,0.0005443457048386335,0.0003454825491644442,-0.0003454826073721051,-0.0005401605158112943,0.0005401605158112943],[-1.543317921459675e-05,1.5434110537171364e-05,0.0018408566247671843,-0.0018408552277833223,-0.0034526525996625423,0.003452652134001255,-0.0020526337902992964,0.002052633324638009,-0.0015814813086763024,0.0015814813086763024,-0.0010073344456031919,0.0010073344456031919,-0.0005379252834245563,0.0005379249923862517,-0.0018300581723451614,0.0018300581723451614,0.0004674001538660377,-0.0004673995717894286,-0.0041866903193295,0.0041866907849907875,-0.0010231559863314033,0.0010231559863314033,-0.00847825687378645,0.009478257037699223,0.0015007306355983019,-0.0015007308684289455,-0.0007456067251041532,0.0007456068997271359,0.00044065818656235933,-0.0004406585358083248,-0.0004915035096928477,0.0004915035679005086,0.00032236523111350834,-0.0003223653184249997,0.00016111448348965496,-0.00016111452714540064,0.00026079241069965065,-0.00026079241069965065,0.0003658245550468564,-0.00036582458415068686,-0.00020421313820406795,0.00020421313820406795,-0.00019696730305440724,0.00019696727395057678,-3.902745447703637e-05,3.902748358086683e-05,0.00026017840718850493,-0.0002601784362923354,0.00021900259889662266,-0.00021900255524087697,0.0005443455884233117,-0.0005443455884233117,-0.00034548266557976604,0.0003454826073721051,0.0005401604576036334,-0.0005401604576036334],[-0.002555357525125146,0.0025553570594638586,-0.0016505387611687183,0.0016505385283380747,-0.007697077468037605,0.00769707839936018,-0.000580286723561585,0.0005802862579002976,-0.0004201378324069083,0.0004201378324069083,0.0007955037872307003,-0.0007955037872307003,-0.0005389828002080321,0.0005389828002080321,-0.0005734775331802666,0.0005734775331802666,-0.00037006757338531315,0.00037006783531978726,-0.001458312850445509,0.0014583123847842216,-0.0005176091799512506,0.0005176091799512506,-0.0015007311012595892,0.0015007306355983019,0.00788259319961071,-0.006882593501359224,0.0006308022420853376,-0.0006308023585006595,-0.0006317189545370638,0.0006317189545370638,-4.094390897080302e-05,4.094385076314211e-05,-0.0003426011826377362,0.00034260115353390574,-0.00022921305208001286,0.00022921319759916514,0.0004699067212641239,-0.0004699067212641239,-0.00025930418632924557,0.00025930412812158465,-0.0008960753912106156,0.0008960753912106156,-0.0003658125060610473,0.00036581253516487777,-0.0012842686846852303,0.0012842686846852303,-0.00025754672242328525,0.0002575466933194548,-0.00015772652113810182,0.0001577265647938475,0.0003730956232175231,-0.00037309550680220127,-0.0002201962925028056,0.00022019632160663605,-0.0006022101733833551,0.0006022101733833551],[0.0025553579907864332,-0.0025553572922945023,0.0016505394596606493,-0.0016505387611687183,0.007697077933698893,-0.00769707839936018,0.0005802866071462631,-0.000580286025069654,0.00042013771599158645,-0.00042013771599158645,-0.0007955037872307003,0.0007955037872307003,0.0005389830330386758,-0.000538982916623354,0.0005734778242185712,-0.0005734778242185712,0.000370067689800635,-0.00037006800994277,0.0014583129668608308,-0.0014583127340301871,0.0005176090635359287,-0.0005176090635359287,0.0015007313340902328,-0.0015007308684289455,-0.006882593501359224,0.007882594130933285,-0.0006308025913313031,0.0006308025913313031,0.0006317191291600466,-0.0006317191291600466,4.0943792555481195e-05,-4.0943792555481195e-05,0.0003426011826377362,-0.00034260121174156666,0.0002292130229761824,-0.00022921319759916514,-0.0004699066048488021,0.0004699066048488021,0.000259304215433076,-0.00025930418632924557,0.0008960756240412593,-0.0008960755076259375,0.00036581256426870823,-0.00036581256426870823,0.0012842690339311957,-0.0012842690339311957,0.0002575467515271157,-0.00025754678063094616,0.00015772665210533887,-0.000157726724864915,-0.0003730955650098622,0.00037309550680220127,0.00022019637981429696,-0.00022019637981429696,0.0006022101733833551,-0.0006022101733833551],[-0.0014302015770226717,0.0014302015770226717,0.005209227092564106,-0.005209228955209255,0.002983691170811653,-0.0029836909379810095,0.0016102762892842293,-0.0016102761728689075,-0.0014855609042569995,0.0014855609042569995,-0.0012611366109922528,0.0012611366109922528,-0.00209565251134336,0.0020956522785127163,-0.00023780472110956907,0.00023780472110956907,-0.0019716520328074694,0.001971652265638113,-0.0002625021734274924,0.00026250205701217055,-0.00018211973656434566,0.00018211973656434566,0.0007456069579347968,-0.0007456067251041532,0.0006308022420853376,-0.0006308025913313031,0.006120277568697929,-0.005120276939123869,0.0009379239054396749,-0.000937923789024353,-3.355673106852919e-05,3.35567892761901e-05,0.0005432172329165041,-0.0005432170582935214,-1.3445853255689144e-05,1.344579504802823e-05,0.0016997689381241798,-0.0016997689381241798,0.00044663652079179883,-0.0004466364916879684,0.0010739961871877313,-0.0010739961871877313,0.0012881269212812185,-0.0012881269212812185,0.0014520073309540749,-0.0014520073309540749,0.00025123136583715677,-0.00025123136583715677,-2.9143579013179988e-05,2.9143628125893883e-05,0.0009100420866161585,-0.0009100419702008367,0.0005362783558666706,-0.0005362783558666706,-0.00040888210060074925,0.00040888210060074925],[0.001430200645700097,-0.0014302011113613844,-0.005209228023886681,0.00520922988653183,-0.002983691403642297,0.002983691170811653,-0.001610276522114873,0.001610276405699551,0.0014855606714263558,-0.0014855606714263558,0.0012611366109922528,-0.0012611366109922528,0.00209565251134336,-0.0020956522785127163,0.00023780428455211222,-0.00023780428455211222,0.0019716517999768257,-0.0019716520328074694,0.0002625023480504751,-0.0002625018823891878,0.0001821196492528543,-0.0001821196492528543,-0.0007456068997271359,0.0007456068997271359,-0.0006308023585006595,0.0006308025913313031,-0.005120276939123869,0.006120277568697929,-0.0009379239054396749,0.000937923789024353,3.355670196469873e-05,-3.3556760172359645e-05,-0.0005432172911241651,0.0005432171747088432,1.3445809599943459e-05,-1.3445722288452089e-05,-0.0016997690545395017,0.0016997690545395017,-0.0004466366081032902,0.0004466364916879684,-0.001073996420018375,0.001073996420018375,-0.0012881270376965404,0.0012881270376965404,-0.001452007214538753,0.0014520070981234312,-0.00025123136583715677,0.00025123136583715677,2.9143497158656828e-05,-2.9143531719455495e-05,-0.0009100419702008367,0.0009100419702008367,-0.0005362784722819924,0.0005362784722819924,0.0004088823334313929,-0.0004088823334313929],[0.0005756115424446762,-0.0005756113678216934,0.0013731976505368948,-0.0013731976505368948,-0.0001580441021360457,0.0001580441021360457,0.0006028173374943435,-0.0006028171046636999,-0.0011527261231094599,0.0011527261231094599,0.0007249395712278783,-0.0007249395712278783,8.559434354538098e-05,-8.559411799069494e-05,2.861113171093166e-05,-2.861113171093166e-05,-0.0016704360023140907,0.0016704360023140907,7.22829281585291e-05,-7.228270260384306e-05,0.0005532593932002783,-0.0005532593932002783,-0.00044065824477002025,0.00044065818656235933,-0.0006317189545370638,0.0006317191291600466,0.0009379239054396749,-0.0009379239054396749,0.0025400721933692694,-0.0015400719130411744,0.0008285163785330951,-0.0008285163785330951,0.0009863181039690971,-0.0009863181039690971,0.0005519618280231953,-0.0005519618280231953,-0.0016913204453885555,0.0016913204453885555,0.0007123055984266102,-0.0007123055984266102,0.00046026596101000905,-0.00046026596101000905,0.00040223821997642517,-0.00040223821997642517,0.0005090862396173179,-0.0005090862978249788,0.0005936522502452135,-0.0005936522502452135,0.0003712891775649041,-0.0003712891775649041,-0.0006326003931462765,0.0006326003931462765,0.00017449870938435197,-0.00017449870938435197,-0.0003217741032131016,0.0003217741032131016],[-0.0005756117170676589,0.0005756114842370152,-0.0013731976505368948,0.0013731976505368948,0.0001580441021360457,-0.00015804427675902843,-0.0006028171628713608,0.0006028171628713608,0.0011527262395247817,-0.0011527262395247817,-0.0007249395130202174,0.0007249395130202174,-8.559416892239824e-05,8.559403067920357e-05,-2.861104439944029e-05,2.861104439944029e-05,0.0016704360023140907,-0.0016704360023140907,-7.228292088257149e-05,7.228276808746159e-05,-0.0005532593932002783,0.0005532593932002783,0.0004406581283546984,-0.0004406585358083248,0.0006317189545370638,-0.0006317191291600466,-0.000937923789024353,0.000937923789024353,-0.0015400719130411744,0.0025400721933692694,-0.0008285166695713997,0.0008285166695713997,-0.000986318220384419,0.000986318220384419,-0.0005519617698155344,0.0005519618280231953,0.0016913206782191992,-0.0016913206782191992,-0.0007123055402189493,0.0007123055402189493,-0.00046026596101000905,0.0004602659901138395,-0.0004022379871457815,0.0004022379871457815,-0.000509086181409657,0.0005090862978249788,-0.0005936522502452135,0.0005936522502452135,-0.00037128920666873455,0.00037128914846107364,0.0006326004513539374,-0.0006326005095615983,-0.00017449870938435197,0.0001744986802805215,0.0003217741032131016,-0.0003217741032131016],[-0.0004163609119132161,0.0004163607954978943,0.0011934968642890453,-0.0011934973299503326,-0.0012502919416874647,0.0012502919416874647,-0.001188656548038125,0.001188656548038125,-0.002439650474116206,0.002439650474116206,-3.763468703255057e-05,3.763468703255057e-05,-0.0014733850257471204,0.0014733851421624422,-0.0015049956273287535,0.0015049956273287535,-0.0033077499829232693,0.003307749517261982,0.0014117623213678598,-0.0014117630198597908,0.00016651050827931613,-0.00016651050827931613,0.0004915035679005086,-0.0004915035096928477,-4.094390897080302e-05,4.0943792555481195e-05,-3.355673106852919e-05,3.355670196469873e-05,0.0008285163785330951,-0.0008285166695713997,0.0034142951481044292,-0.0024142947513610125,0.000727249716874212,-0.0007272498332895339,0.0004911013529635966,-0.0004911016440019011,-0.0032722787000238895,0.0032722787000238895,0.0005062504787929356,-0.0005062505370005965,0.0010928054107353091,-0.0010928054107353091,-0.0004301822045817971,0.0004301822045817971,-9.415234671905637e-07,9.414216037839651e-07,0.0004861879860982299,-0.00048618792789056897,0.00036434963112697005,-0.0003643494565039873,-0.00048163498286157846,0.0004816350119654089,0.0010642369743436575,-0.0010642369743436575,0.0003796715463977307,-0.0003796715463977307],[0.0004163607954978943,-0.0004163607954978943,-0.0011934969807043672,0.0011934973299503326,0.0012502919416874647,-0.0012502918252721429,0.001188656548038125,-0.001188656548038125,0.002439650474116206,-0.002439650474116206,3.763468703255057e-05,-3.763468703255057e-05,0.0014733850257471204,-0.0014733851421624422,0.0015049956273287535,-0.0015049956273287535,0.0033077499829232693,-0.003307749517261982,-0.0014117623213678598,0.0014117630198597908,-0.00016651050827931613,0.00016651050827931613,-0.0004915035679005086,0.0004915035679005086,4.094385076314211e-05,-4.0943792555481195e-05,3.35567892761901e-05,-3.3556760172359645e-05,-0.0008285163785330951,0.0008285166695713997,-0.0024142947513610125,0.0034142951481044292,-0.000727249716874212,0.0007272498332895339,-0.0004911013529635966,0.0004911016440019011,0.0032722787000238895,-0.0032722787000238895,-0.0005062504787929356,0.0005062505370005965,-0.0010928054107353091,0.0010928054107353091,0.0004301822045817971,-0.0004301822045817971,9.415234671905637e-07,-9.41421603