{"epoch":0,"H":[[0.034046631306409836,-0.03304662927985191,0.010615894570946693,-0.010615893639624119,0.006403602194041014,-0.006403601728379726,0.0015729354927316308,-0.0015729356091469526,0.0014632485108450055,-0.00146324816159904,0.0002353299641981721,-0.00023532917839474976,-0.00020362468785606325,0.0002036244550254196,0.00018152582924813032,-0.00018152606207877398,0.0006211865693330765,-0.0006211858708411455,0.002330029383301735,-0.002330029383301735,0.0006405280437320471,-0.0006405270542018116,-1.2703356333076954e-05,1.2703239917755127e-05,0.0009179369662888348,-0.0009179369080811739,-0.001614188076928258,0.0016141878440976143,0.0010696423705667257,-0.0010696423705667257,-5.110155325382948e-05,5.1101669669151306e-05,0.0012867433251813054,-0.0012867433251813054,-0.0001474970777053386,0.00014749658294022083,0.005882812663912773,-0.005882812198251486,0.001337975962087512,-0.001337975962087512,0.0012437987606972456,-0.0012437987606972456,0.0013779085129499435,-0.0013779086293652654,0.001921182731166482,-0.001921182731166482,0.0011574361706152558,-0.0011574361706152558,0.00022642541443929076,-0.0002264253271277994,0.003319815034046769,-0.003319815034046769,0.0037395977415144444,-0.0037395982071757317,0.0017871377058327198,-0.001787137589417398],[-0.03304662927985191,0.034046631306409836,-0.010615894570946693,0.010615893639624119,-0.006403602194041014,0.006403601728379726,-0.0015729354927316308,0.0015729356091469526,-0.0014632485108450055,0.00146324816159904,-0.0002353299641981721,0.00023532917839474976,0.00020362468785606325,-0.0002036244550254196,-0.00018152582924813032,0.00018152606207877398,-0.0006211865693330765,0.0006211858708411455,-0.002330029383301735,0.002330029383301735,-0.0006405280437320471,0.0006405270542018116,1.2703356333076954e-05,-1.2703239917755127e-05,-0.0009179369662888348,0.0009179369080811739,0.001614188076928258,-0.0016141878440976143,-0.0010696423705667257,0.0010696423705667257,5.110155325382948e-05,-5.1101669669151306e-05,-0.0012867433251813054,0.0012867433251813054,0.0001474970777053386,-0.00014749658294022083,-0.005882812663912773,0.005882812198251486,-0.001337975962087512,0.001337975962087512,-0.0012437987606972456,0.0012437987606972456,-0.0013779085129499435,0.0013779086293652654,-0.001921182731166482,0.001921182731166482,-0.0011574361706152558,0.0011574361706152558,-0.00022642541443929076,0.0002264253271277994,-0.003319815034046769,0.003319815034046769,-0.0037395977415144444,0.0037395982071757317,-0.0017871377058327198,0.001787137589417398],[0.010615894570946693,-0.010615894570946693,0.07571421563625336,-0.07471421360969543,0.0032077732030302286,-0.003207772970199585,0.010080483742058277,-0.010080483742058277,0.007075503468513489,-0.007075502537190914,0.0026559599209576845,-0.0026559585239738226,0.006299902684986591,-0.006299902684986591,0.0008704146603122354,-0.0008704152423888445,0.001575687201693654,-0.0015756853390485048,-0.000994797796010971,0.0009947974467650056,0.0026782250497490168,-0.0026782238855957985,0.0032403029035776854,-0.0032403022050857544,0.002003694651648402,-0.002003694884479046,0.0018325750716030598,-0.001832575537264347,-0.001156652346253395,0.001156652346253395,0.0014357726322486997,-0.0014357725158333778,-0.0005301214405335486,0.0005301214987412095,0.0012114779092371464,-0.0012114783748984337,0.01212870329618454,-0.01212870143353939,-0.0007177328807301819,0.0007177327643148601,0.002009287476539612,-0.002009287476539612,0.0017683814512565732,-0.001768381567671895,0.00416285265237093,-0.004162852186709642,-0.000159021612489596,0.00015902188897598535,0.00028809590730816126,-0.00028809564537368715,0.005745935719460249,-0.005745935719460249,0.005972919054329395,-0.005972919519990683,0.0018972113030031323,-0.0018972113030031323],[-0.010615893639624119,0.010615893639624119,-0.07471421360969543,0.07571421563625336,-0.003207772970199585,0.0032077732030302286,-0.010080483742058277,0.010080483742058277,-0.0070755030028522015,0.007075502071529627,-0.0026559599209576845,0.0026559592224657536,-0.006299901753664017,0.006299900822341442,-0.0008704144856892526,0.0008704136125743389,-0.0015756862703710794,0.0015756848733872175,0.0009947973303496838,-0.0009947975631803274,-0.002678224816918373,0.0026782245840877295,-0.0032403012737631798,0.003240301040932536,-0.002003694884479046,0.002003695350140333,-0.0018325739074498415,0.0018325743731111288,0.001156652346253395,-0.0011566522298380733,-0.0014357725158333778,0.0014357720501720905,0.0005301216151565313,-0.0005301219644024968,-0.001211477443575859,0.0012114779092371464,-0.012128702364861965,0.01212870143353939,0.0007177325896918774,-0.0007177325314842165,-0.0020092877093702555,0.002009287942200899,-0.0017683819169178605,0.0017683818005025387,-0.004162852186709642,0.004162852186709642,0.00015902174345683306,-0.00015902184532023966,-0.00028809605282731354,0.0002880960237234831,-0.005745935719460249,0.005745935719460249,-0.005972919519990683,0.005972919519990683,-0.0018972107209265232,0.0018972107209265232],[0.006403602194041014,-0.006403602194041014,0.0032077732030302286,-0.003207772970199585,0.018398467451334,-0.017398467287421227,0.0012612845748662949,-0.001261284458450973,0.00517677515745163,-0.00517677515745163,0.0010370539966970682,-0.0010370527161285281,0.0013333322713151574,-0.001333332504145801,0.004611309617757797,-0.0046113100834190845,0.0038425540551543236,-0.0038425540551543236,0.003204111009836197,-0.003204111475497484,-0.0012949167285114527,0.0012949168449267745,0.000691686465870589,-0.0006916864076629281,0.0032043883111327887,-0.0032043890096247196,0.0010046390816569328,-0.0010046395473182201,0.00028525179368443787,-0.00028525179368443787,0.0027348222211003304,-0.0027348222211003304,0.0004515917971730232,-0.00045159170986153185,-0.0003222592349629849,0.00032225908944383264,0.0013453371357172728,-0.0013453371357172728,0.0005485528381541371,-0.0005485530127771199,0.0012653080048039556,-0.0012653078883886337,0.0005394015461206436,-0.0005394015461206436,0.00019847223302349448,-0.00019847232033498585,0.0005365565302781761,-0.0005365564720705152,0.00018253992311656475,-0.00018253976304549724,0.0010566931450739503,-0.0010566931450739503,0.0015824171714484692,-0.001582417287863791,-0.00021860565175302327,0.00021860565175302327],[-0.006403601728379726,0.006403601728379726,-0.003207772970199585,0.0032077732030302286,-0.017398467287421227,0.018398467451334,-0.0012612845748662949,0.001261284458450973,-0.00517677515745163,0.00517677515745163,-0.0010370539966970682,0.0010370527161285281,-0.0013333322713151574,0.001333332504145801,-0.004611309617757797,0.0046113100834190845,-0.0038425540551543236,0.0038425540551543236,-0.003204111009836197,0.003204111475497484,0.0012949167285114527,-0.0012949168449267745,-0.000691686465870589,0.0006916864076629281,-0.0032043883111327887,0.0032043890096247196,-0.0010046390816569328,0.0010046395473182201,-0.00028525179368443787,0.00028525179368443787,-0.0027348222211003304,0.0027348222211003304,-0.0004515917971730232,0.00045159170986153185,0.0003222592349629849,-0.00032225908944383264,-0.0013453371357172728,0.0013453371357172728,-0.0005485528381541371,0.0005485530127771199,-0.0012653080048039556,0.0012653078883886337,-0.0005394015461206436,0.0005394015461206436,-0.00019847223302349448,0.00019847232033498585,-0.0005365565302781761,0.0005365564720705152,-0.00018253992311656475,0.00018253976304549724,-0.0010566931450739503,0.0010566931450739503,-0.0015824171714484692,0.001582417287863791,0.00021860565175302327,-0.00021860565175302327],[0.0015729354927316308,-0.0015729354927316308,0.010080483742058277,-0.010080483742058277,0.0012612845748662949,-0.0012612845748662949,0.02683362364768982,-0.025833625346422195,0.00427618995308876,-0.00427618995308876,0.0012964037014171481,-0.001296403119340539,0.006593385245651007,-0.006593385245651007,0.0019707123283296824,-0.0019707123283296824,0.001196965342387557,-0.001196965342387557,-0.0005265416111797094,0.0005265416111797094,0.0004221209092065692,-0.00042212061816826463,0.0024388974998146296,-0.0024388974998146296,0.001922454102896154,-0.0019224544521421194,-0.0001470253337174654,0.00014702498447149992,0.00033412850461900234,-0.00033412856282666326,0.0027931085787713528,-0.0027931085787713528,7.35333887860179e-05,-7.353333057835698e-05,-0.00012854221859015524,0.00012854181113652885,0.0009516035206615925,-0.0009516032878309488,-0.000255248713074252,0.000255248713074252,0.0017786677926778793,-0.0017786677926778793,0.00043363653821870685,-0.00043363659642636776,0.0015950949164107442,-0.0015950949164107442,0.0003722751571331173,-0.0003722750407177955,0.00027917639818042517,-0.0002791764272842556,-8.83526518009603e-05,8.835268090479076e-05,0.0006637636106461287,-0.0006637636106461287,-0.00011948485916946083,0.00011948485916946083],[-0.0015729356091469526,0.0015729356091469526,-0.010080483742058277,0.010080483742058277,-0.001261284458450973,0.001261284458450973,-0.025833625346422195,0.02683362551033497,-0.00427618995308876,0.00427618995308876,-0.0012964037014171481,0.001296403119340539,-0.006593385245651007,0.006593385245651007,-0.0019707123283296824,0.0019707123283296824,-0.001196965342387557,0.001196965342387557,0.0005265416111797094,-0.0005265416111797094,-0.0004221209092065692,0.00042212061816826463,-0.0024388974998146296,0.0024388974998146296,-0.001922454102896154,0.0019224544521421194,0.0001470253337174654,-0.00014702498447149992,-0.00033412850461900234,0.00033412856282666326,-0.0027931085787713528,0.0027931085787713528,-7.35333887860179e-05,7.353333057835698e-05,0.00012854221859015524,-0.00012854181113652885,-0.0009516035206615925,0.0009516032878309488,0.000255248713074252,-0.000255248713074252,-0.0017786677926778793,0.0017786677926778793,-0.00043363653821870685,0.00043363659642636776,-0.0015950949164107442,0.0015950949164107442,-0.0003722751571331173,0.0003722750407177955,-0.00027917639818042517,0.0002791764272842556,8.83526518009603e-05,-8.835268090479076e-05,-0.0006637636106461287,0.0006637636106461287,0.00011948485916946083,-0.00011948485916946083],[0.0014632485108450055,-0.0014632485108450055,0.007075503468513489,-0.0070755030028522015,0.00517677515745163,-0.00517677515745163,0.00427618995308876,-0.00427618995308876,0.012793510220944881,-0.011793508194386959,0.00016322324518114328,-0.00016322318697348237,0.0022113039158284664,-0.0022113039158284664,0.005125778261572123,-0.005125778261572123,0.008121531456708908,-0.008121531456708908,0.00015056680422276258,-0.00015056680422276258,-0.0012348705204203725,0.0012348705204203725,0.0015522686298936605,-0.0015522686298936605,-0.0007241377024911344,0.0007241374696604908,0.00018709045252762735,-0.0001870904816314578,-0.0003796351666096598,0.00037963505019433796,0.000879900879226625,-0.0008799009956419468,2.889739698730409e-05,-2.8897251468151808e-05,-0.0005660522729158401,0.0005660521565005183,0.001971134915947914,-0.001971134915947914,-6.970251706661656e-05,6.970245885895565e-05,-0.00011365387763362378,0.00011365387763362378,0.0006681544473394752,-0.0006681544473394752,6.523501360788941e-05,-6.523498450405896e-05,9.170059638563544e-05,-9.170057455776259e-05,-2.3763823264744133e-05,2.3763870558468625e-05,0.0011053676716983318,-0.0011053676716983318,0.00045501155545935035,-0.00045501155545935035,9.766014409251511e-05,-9.766011498868465e-05],[-0.00146324816159904,0.00146324816159904,-0.007075502537190914,0.007075502071529627,-0.00517677515745163,0.00517677515745163,-0.00427618995308876,0.00427618995308876,-0.011793508194386959,0.012793507426977158,-0.00016322318697348237,0.00016322292503900826,-0.0022113043814897537,0.0022113043814897537,-0.00512577872723341,0.00512577872723341,-0.008121532388031483,0.008121532388031483,-0.00015056657139211893,0.00015056657139211893,0.0012348704040050507,-0.0012348705204203725,-0.0015522681642323732,0.0015522681642323732,0.0007241377024911344,-0.0007241374696604908,-0.00018708984134718776,0.00018708992865867913,0.0003796350792981684,-0.0003796349628828466,-0.0008799005299806595,0.0008799006463959813,-2.8897542506456375e-05,2.8897571610286832e-05,0.0005660520982928574,-0.0005660520400851965,-0.0019711351487785578,0.001971134915947914,6.970244430704042e-05,-6.970241520320997e-05,0.00011365391401341185,-0.00011365387763362378,-0.0006681544473394752,0.0006681545055471361,-6.523523188661784e-05,6.523523188661784e-05,-9.170066914521158e-05,9.170066186925396e-05,2.376372867729515e-05,-2.3763743229210377e-05,-0.0011053681373596191,0.0011053681373596191,-0.0004550121375359595,0.00045501222484745085,-9.76605515461415e-05,9.766052244231105e-05],[0.0002353299641981721,-0.0002353299641981721,0.0026559599209576845,-0.0026559599209576845,0.0010370539966970682,-0.0010370539966970682,0.0012964037014171481,-0.0012964037014171481,0.00016322324518114328,-0.00016322318697348237,0.005347116384655237,-0.004347114358097315,0.00046388234477490187,-0.0004638821701519191,0.0007831093389540911,-0.0007831093389540911,0.0012451610527932644,-0.0012451609363779426,-0.001732931938022375,0.001732931938022375,0.0017530269687995315,-0.0017530268523842096,-0.00017740270413924009,0.0001774026604834944,0.00015641795471310616,-0.00015641801292076707,0.001578745897859335,-0.001578745897859335,0.0003067101933993399,-0.00030671004788018763,0.0005028732703067362,-0.0005028732120990753,0.0003952372644562274,-0.00039523732266388834,0.000844010035507381,-0.000844010035507381,0.0002713256690185517,-0.0002713256690185517,0.0002313486038474366,-0.0002313486038474366,-2.184700861107558e-05,2.184690674766898e-05,0.0006088922382332385,-0.0006088921800255775,-0.0002519769477657974,0.0002519769477657974,0.0003715122875291854,-0.00037151231663301587,0.0005083421128802001,-0.0005083421128802001,0.00015096450806595385,-0.00015096450806595385,-2.1268933778628707e-06,2.1268933778628707e-06,-4.990036541130394e-05,4.9900343583431095e-05],[-0.00023532917839474976,0.00023532917839474976,-0.0026559585239738226,0.0026559592224657536,-0.0010370527161285281,0.0010370527161285281,-0.001296403119340539,0.001296403119340539,-0.00016322318697348237,0.00016322292503900826,-0.004347114358097315,0.005347115453332663,-0.0004638825776055455,0.0004638824029825628,-0.0007831082912161946,0.0007831082912161946,-0.0012451596558094025,0.0012451597722247243,0.0017329314723610878,-0.0017329314723610878,-0.0017530263867229223,0.0017530262703076005,0.0001774026022758335,-0.00017740263137966394,-0.00015641805657651275,0.00015641794016119093,-0.001578745897859335,0.0015787456650286913,-0.00030670984415337443,0.0003067097859457135,-0.0005028733285143971,0.0005028731538914144,-0.0003952370898332447,0.0003952371480409056,-0.0008440099190920591,0.0008440098608843982,-0.00027132497052662075,0.0002713249414227903,-0.0002313485456397757,0.00023134851653594524,2.1847066818736494e-05,-2.1846964955329895e-05,-0.0006088919471949339,0.0006088919471949339,0.0002519772097002715,-0.0002519772097002715,-0.0003715122293215245,0.0003715122293215245,-0.000508342229295522,0.000508342229295522,-0.00015096430433914065,0.00015096430433914065,2.127548214048147e-06,-2.127548214048147e-06,4.9900379963219166e-05,-4.9900394515134394e-05],[-0.00020362468785606325,0.00020362468785606325,0.006299902684986591,-0.006299901753664017,0.0013333322713151574,-0.0013333322713151574,0.006593385245651007,-0.006593385245651007,0.0022113039158284664,-0.0022113043814897537,0.00046388234477490187,-0.0004638825776055455,0.01282182801514864,-0.011821828782558441,0.0005084659205749631,-0.0005084656877443194,-0.0011572891380637884,0.001157289370894432,-0.0005930885672569275,0.0005930886836722493,2.5786604965105653e-05,-2.5786226615309715e-05,-0.0009681473602540791,0.0009681474766694009,-0.00011207906936760992,0.00011207899660803378,6.96199422236532e-05,-6.962023326195776e-05,0.002280880929902196,-0.002280880929902196,-0.0003157559549435973,0.0003157562459819019,0.0012466886546462774,-0.0012466887710615993,0.0016188721638172865,-0.0016188722802326083,0.0035582687705755234,-0.003558268304914236,0.0007871522102504969,-0.000787152152042836,0.0011649210937321186,-0.0011649210937321186,0.0011467719450592995,-0.0011467719450592995,0.0008255101274698973,-0.0008255101274698973,0.0008881506510078907,-0.0008881505928002298,0.001036540837958455,-0.001036540837958455,0.0007024978986009955,-0.0007024979568086565,3.756102523766458e-05,-3.756102523766458e-05,0.0008140760473906994,-0.0008140760473906994],[0.0002036244550254196,-0.0002036244550254196,-0.006299902684986591,0.006299900822341442,-0.001333332504145801,0.001333332504145801,-0.006593385245651007,0.006593385245651007,-0.0022113039158284664,0.0022113043814897537,-0.0004638821701519191,0.0004638824029825628,-0.011821828782558441,0.012821827083826065,-0.0005084656877443194,0.0005084656877443194,0.001157289370894432,-0.0011572896037250757,0.000593088218010962,-0.000593088218010962,-2.5786313926801085e-05,2.578608109615743e-05,0.0009681475348770618,-0.0009681477095000446,0.00011207904026377946,-0.00011207922943867743,-6.961985491216183e-05,6.96201459504664e-05,-0.002280881628394127,0.002280881628394127,0.0003157567116431892,-0.00031575700268149376,-0.0012466887710615993,0.0012466886546462774,-0.0016188720474019647,0.0016188721638172865,-0.0035582687705755234,0.003558268304914236,-0.0007871519192121923,0.0007871519774198532,-0.0011649212101474404,0.0011649212101474404,-0.0011467724107205868,0.0011467724107205868,-0.0008255107095465064,0.0008255107095465064,-0.0008881505345925689,0.0008881505345925689,-0.001036540837958455,0.001036540837958455,-0.0007024978986009955,0.0007024978986009955,-3.756111254915595e-05,3.756111254915595e-05,-0.0008140767458826303,0.0008140767458826303],[0.00018152582924813032,-0.00018152582924813032,0.0008704146603122354,-0.0008704144856892526,0.004611309617757797,-0.004611309617757797,0.0019707123283296824,-0.0019707123283296824,0.005125778261572123,-0.00512577872723341,0.0007831093389540911,-0.0007831082912161946,0.0005084659205749631,-0.0005084656877443194,0.012700023129582405,-0.011700021103024483,0.002353517571464181,-0.0023535178042948246,0.0014619574649259448,-0.001461957348510623,-0.0005329871200956404,0.0005329871783033013,0.0023463626857846975,-0.0023463626857846975,0.002118099946528673,-0.0021180997136980295,0.002608671085909009,-0.002608671085909009,-0.0004286597832106054,0.0004286598996259272,0.0015790627803653479,-0.0015790630131959915,0.00011530405026860535,-0.00011530405026860535,-0.0003160814521834254,0.0003160811902489513,0.002718453062698245,-0.0027184528298676014,-5.0966336857527494e-05,5.096630775369704e-05,0.000438824703451246,-0.00043882461613975465,0.00043856355478055775,-0.0004385636420920491,0.0004251365317031741,-0.0004251364152878523,-3.9199585444293916e-05,3.919965820387006e-05,-0.00010459004261065274,0.00010459011537022889,0.0010687742615118623,-0.0010687742615118623,0.0009343572310172021,-0.000934357289224863,0.0005001256940886378,-0.0005001256940886378],[-0.00018152606207877398,0.00018152606207877398,-0.0008704152423888445,0.0008704136125743389,-0.0046113100834190845,0.0046113100834190845,-0.0019707123283296824,0.0019707123283296824,-0.005125778261572123,0.00512577872723341,-0.0007831093389540911,0.0007831082912161946,-0.0005084656877443194,0.0005084656877443194,-0.011700021103024483,0.012700023129582405,-0.002353517571464181,0.0023535178042948246,-0.0014619574649259448,0.001461957348510623,0.0005329871200956404,-0.0005329871783033013,-0.0023463626857846975,0.0023463626857846975,-0.002118099946528673,0.0021180997136980295,-0.002608671085909009,0.002608671085909009,0.0004286597832106054,-0.0004286598996259272,-0.0015790627803653479,0.0015790630131959915,-0.00011530405026860535,0.00011530405026860535,0.0003160814521834254,-0.0003160811902489513,-0.002718453062698245,0.0027184528298676014,5.0966336857527494e-05,-5.096630775369704e-05,-0.000438824703451246,0.00043882461613975465,-0.00043856355478055775,0.0004385636420920491,-0.0004251365317031741,0.0004251364152878523,3.9199585444293916e-05,-3.919965820387006e-05,0.00010459004261065274,-0.00010459011537022889,-0.0010687742615118623,0.0010687742615118623,-0.0009343572310172021,0.000934357289224863,-0.0005001256940886378,0.0005001256940886378],[0.0006211865693330765,-0.0006211865693330765,0.001575687201693654,-0.0015756862703710794,0.0038425540551543236,-0.0038425540551543236,0.001196965342387557,-0.001196965342387557,0.008121531456708908,-0.008121532388031483,0.0012451610527932644,-0.0012451596558094025,-0.0011572891380637884,0.001157289370894432,0.002353517571464181,-0.002353517571464181,0.012811786495149136,-0.011811786331236362,-0.0016801062738522887,0.001680106157436967,-0.0007118487264961004,0.0007118484936654568,-1.3182754628360271e-05,1.3182521797716618e-05,0.002297170925885439,-0.0022971711587160826,4.390510730445385e-05,-4.390493268147111e-05,-0.0019741449505090714,0.0019741449505090714,-0.00038670498179271817,0.00038670492358505726,-0.0012215736787766218,0.0012215736787766218,-0.001395610743202269,0.0013956106267869473,0.0009869629284366965,-0.0009869628120213747,-0.0006960625760257244,0.0006960626342333853,-0.0014054464409127831,0.0014054463244974613,-0.00045596720883622766,0.00045596720883622766,-0.0013720457209274173,0.0013720456045120955,-0.0006415401003323495,0.0006415401585400105,-0.0006235458422452211,0.0006235458422452211,0.00038389250403270125,-0.0003838924749288708,0.00020766514353454113,-0.00020766521629411727,0.0012767818989232183,-0.0012767818989232183],[-0.0006211858708411455,0.0006211858708411455,-0.0015756853390485048,0.0015756848733872175,-0.0038425540551543236,0.0038425540551543236,-0.001196965342387557,0.001196965342387557,-0.008121531456708908,0.008121532388031483,-0.0012451609363779426,0.0012451597722247243,0.001157289370894432,-0.0011572896037250757,-0.0023535178042948246,0.0023535178042948246,-0.011811786331236362,0.012811784632503986,0.0016801062738522887,-0.0016801062738522887,0.0007118479115888476,-0.0007118476205505431,1.3181939721107483e-05,-1.3181939721107483e-05,-0.00229717162437737,0.00229717162437737,-4.39044670201838e-05,4.390481626614928e-05,0.001974144484847784,-0.001974144484847784,0.00038670568028464913,-0.0003867055638693273,0.0012215734459459782,-0.0012215734459459782,0.001395610743202269,-0.001395610743202269,-0.0009869631612673402,0.0009869630448520184,0.0006960625178180635,-0.0006960624596104026,0.001405446557328105,-0.0014054464409127831,0.00045596720883622766,-0.00045596720883622766,0.0013720454880967736,-0.0013720454880967736,0.0006415401003323495,-0.0006415399839170277,0.000623545900452882,-0.000623545958660543,-0.00038389256224036217,0.00038389250403270125,-0.00020766464876942337,0.00020766470697708428,-0.0012767815496772528,0.0012767816660925746],[0.002330029383301735,-0.002330029383301735,-0.000994797796010971,0.0009947973303496838,0.003204111009836197,-0.003204111009836197,-0.0005265416111797094,0.0005265416111797094,0.00015056680422276258,-0.00015056657139211893,-0.001732931938022375,0.0017329314723610878,-0.0005930885672569275,0.000593088218010962,0.0014619574649259448,-0.0014619574649259448,-0.0016801062738522887,0.0016801062738522887,0.01071808859705925,-0.009718088433146477,-0.00033578870352357626,0.0003357887617312372,0.0014955999795347452,-0.0014955999795347452,-0.000594511569943279,0.0005945114535279572,-0.002022826811298728,0.002022826811298728,0.0009266861598007381,-0.0009266861015930772,0.0009084638440981507,-0.0009084637276828289,0.0007257355027832091,-0.0007257355027832091,0.0003730554599314928,-0.0003730555472429842,0.0006922497414052486,-0.0006922496831975877,0.000491647282615304,-0.000491647282615304,-0.0005698347231373191,0.0005698346649296582,7.48790189391002e-05,-7.487901166314259e-05,-0.0002305767557118088,0.0002305767557118088,0.0006012874073348939,-0.0006012874073348939,0.0005108073819428682,-0.0005108074401505291,0.00037176546175032854,-0.00037176540354266763,-0.0006356148514896631,0.0006356148514896631,-0.0008883005357347429,0.000888300477527082],[-0.002330029383301735,0.002330029383301735,0.0009947974467650056,-0.0009947975631803274,-0.003204111475497484,0.003204111475497484,0.0005265416111797094,-0.0005265416111797094,-0.00015056680422276258,0.00015056657139211893,0.001732931938022375,-0.0017329314723610878,0.0005930886836722493,-0.000593088218010962,-0.001461957348510623,0.001461957348510623,0.001680106157436967,-0.0016801062738522887,-0.009718088433146477,0.010718089528381824,0.00033578864531591535,-0.0003357887326274067,-0.0014955999795347452,0.0014956002123653889,0.0005945116863586009,-0.000594511569943279,0.002022826811298728,-0.002022826811298728,-0.0009266858105547726,0.0009266857523471117,-0.0009084641933441162,0.0009084641933441162,-0.0007257357938215137,0.0007257358520291746,-0.00037305569276213646,0.00037305575096979737,-0.0006922497414052486,0.0006922497414052486,-0.0004916475154459476,0.0004916475154459476,0.00056983478134498,-0.00056983478134498,-7.487928814953193e-05,7.487928087357432e-05,0.00023057626094669104,-0.0002305762463947758,-0.0006012874073348939,0.000601287349127233,-0.0005108074983581901,0.0005108076147735119,-0.000371765490854159,0.000371765490854159,0.0006356145022436976,-0.0006356144440360367,0.0008883000700734556,-0.0008883000118657947],[0.0006405280437320471,-0.0006405280437320471,0.0026782250497490168,-0.002678224816918373,-0.0012949167285114527,0.0012949167285114527,0.0004221209092065692,-0.0004221209092065692,-0.0012348705204203725,0.0012348704040050507,0.0017530269687995315,-0.0017530263867229223,2.5786604965105653e-05,-2.5786313926801085e-05,-0.0005329871200956404,0.0005329871200956404,-0.0007118487264961004,0.0007118479115888476,-0.00033578870352357626,0.00033578864531591535,0.0043960679322481155,-0.003396067302674055,-0.00026792066637426615,0.00026792066637426615,0.00017623865278437734,-0.0001762386818882078,-9.451896767131984e-05,9.451914229430258e-05,-0.0005164454923942685,0.0005164454923942685,0.00028514277073554695,-0.00028514282894320786,-0.00022561318473890424,0.00022561318473890424,2.126471372321248e-05,-2.1264757378958166e-05,0.0001227111933985725,-0.00012271117884665728,-0.00018842752615455538,0.00018842749705072492,-0.00019872082339134067,0.00019872080883942544,0.00028511928394436836,-0.00028511928394436836,0.00043623484089039266,-0.0004362348699942231,-3.1349543860415e-05,3.134956205030903e-05,-6.180527998367324e-05,6.180527998367324e-05,0.00016095441242214292,-0.00016095442697405815,-1.1141091817989945e-05,1.1141084542032331e-05,-7.209226168924943e-05,7.209225441329181e-05],[-0.0006405270542018116,0.0006405270542018116,-0.0026782238855957985,0.0026782245840877295,0.0012949168449267745,-0.0012949168449267745,-0.00042212061816826463,0.00042212061816826463,0.0012348705204203725,-0.0012348705204203725,-0.0017530268523842096,0.0017530262703076005,-2.5786226615309715e-05,2.578608109615743e-05,0.0005329871783033013,-0.0005329871783033013,0.0007118484936654568,-0.0007118476205505431,0.0003357887617312372,-0.0003357887326274067,-0.003396067302674055,0.004396065138280392,0.0002679208409972489,-0.00026792087010107934,-0.00017623841995373368,0.0001762384781613946,9.451908408664167e-05,-9.451911319047213e-05,0.0005164454923942685,-0.0005164454341866076,-0.0002851425379049033,0.00028514262521639466,0.00022561328660231084,-0.00022561330115422606,-2.126472827512771e-05,2.126472827512771e-05,-0.00012271069863345474,0.00012271071318536997,0.00018842761346604675,-0.00018842762801796198,0.0001987209398066625,-0.00019872095435857773,-0.0002851191093213856,0.00028511908021755517,-0.00043623452074825764,0.00043623457895591855,3.134958024020307e-05,-3.134960206807591e-05,6.180539639899507e-05,-6.180539639899507e-05,-0.0001609542523510754,0.0001609542523510754,1.1141488357679918e-05,-1.1141477443743497e-05,7.209223258541897e-05,-7.209223258541897e-05],[-1.2703356333076954e-05,1.2703356333076954e-05,0.0032403029035776854,-0.0032403012737631798,0.000691686465870589,-0.000691686465870589,0.0024388974998146296,-0.0024388974998146296,0.0015522686298936605,-0.0015522681642323732,-0.00017740270413924009,0.0001774026022758335,-0.0009681473602540791,0.0009681475348770618,0.0023463626857846975,-0.0023463626857846975,-1.3182754628360271e-05,1.3181939721107483e-05,0.0014955999795347452,-0.0014955999795347452,-0.00026792066637426615,0.0002679208409972489,0.007403325289487839,-0.00640332605689764,-0.00030604429775848985,0.00030604423955082893,0.0012192954309284687,-0.0012192954309284687,-0.00020385629613883793,0.00020385623793117702,0.0031923893839120865,-0.0031923893839120865,0.00012848034384660423,-0.000128480329294689,0.0005359324859455228,-0.0005359324859455228,0.00046080327592790127,-0.0004608030430972576,0.00025242342962883413,-0.00025242348783649504,-1.4062970876693726e-05,1.4062970876693726e-05,-0.00022420322056859732,0.00022420319146476686,-0.00013032951392233372,0.00013032957212999463,0.0002118428237736225,-0.00021184280922170728,0.0003567351959645748,-0.0003567351377569139,0.0002808713761623949,-0.0002808714343700558,-0.0005318488110788167,0.0005318488692864776,-0.0002722187782637775,0.00027221874915994704],[1.2703239917755127e-05,-1.2703239917755127e-05,-0.0032403022050857544,0.003240301040932536,-0.0006916864076629281,0.0006916864076629281,-0.0024388974998146296,0.0024388974998146296,-0.0015522686298936605,0.0015522681642323732,0.0001774026604834944,-0.00017740263137966394,0.0009681474766694009,-0.0009681477095000446,-0.0023463626857846975,0.0023463626857846975,1.3182521797716618e-05,-1.3181939721107483e-05,-0.0014955999795347452,0.0014956002123653889,0.00026792066637426615,-0.00026792087010107934,-0.00640332605689764,0.007403326686471701,0.00030604429775848985,-0.00030604423955082893,-0.0012192954309284687,0.0012192954309284687,0.00020385629613883793,-0.00020385623793117702,-0.0031923893839120865,0.0031923893839120865,-0.00012848034384660423,0.000128480329294689,-0.0005359324859455228,0.0005359324859455228,-0.00046080327592790127,0.0004608030430972576,-0.00025242342962883413,0.00025242348783649504,1.4062970876693726e-05,-1.4062970876693726e-05,0.00022420322056859732,-0.00022420319146476686,0.00013032951392233372,-0.00013032957212999463,-0.0002118428237736225,0.00021184280922170728,-0.0003567351959645748,0.0003567351377569139,-0.0002808713761623949,0.0002808714343700558,0.0005318488110788167,-0.0005318488692864776,0.0002722187782637775,-0.00027221874915994704],[0.0009179369662888348,-0.0009179369662888348,0.002003694651648402,-0.002003694884479046,0.0032043883111327887,-0.0032043883111327887,0.001922454102896154,-0.001922454102896154,-0.0007241377024911344,0.0007241377024911344,0.00015641795471310616,-0.00015641805657651275,-0.00011207906936760992,0.00011207904026377946,0.002118099946528673,-0.002118099946528673,0.002297170925885439,-0.00229717162437737,-0.000594511569943279,0.0005945116863586009,0.00017623865278437734,-0.00017623841995373368,-0.00030604429775848985,0.00030604429775848985,0.00654878094792366,-0.0055487803183496,-0.0013851921539753675,0.0013851922703906894,0.00039802968967705965,-0.00039802968967705965,-0.0012723013060167432,0.0012723011896014214,5.7216901041101664e-05,-5.72168682992924e-05,-0.0006299558444879949,0.0006299558444879949,-0.0006443899474106729,0.0006443899474106729,1.8881553842220455e-05,-1.8881619325838983e-05,-0.00022136580082587898,0.00022136582992970943,-8.673347474541515e-05,8.673347474541515e-05,-0.0009370658081024885,0.0009370657498948276,0.0001586910948390141,-0.00015869105118326843,-0.0005010041641071439,0.0005010041641071439,0.00012482084275688976,-0.00012482084275688976,0.0008293750579468906,-0.0008293751161545515,-0.0010077815968543291,0.0010077815968543291],[-0.0009179369080811739,0.0009179369080811739,-0.002003694884479046,0.002003695350140333,-0.0032043890096247196,0.0032043890096247196,-0.0019224544521421194,0.0019224544521421194,0.0007241374696604908,-0.0007241374696604908,-0.00015641801292076707,0.00015641794016119093,0.00011207899660803378,-0.00011207922943867743,-0.0021180997136980295,0.0021180997136980295,-0.0022971711587160826,0.00229717162437737,0.0005945114535279572,-0.000594511569943279,-0.0001762386818882078,0.0001762384781613946,0.00030604423955082893,-0.00030604423955082893,-0.0055487803183496,0.00654878094792366,0.001385191921144724,-0.0013851920375600457,-0.00039802934043109417,0.0003980293986387551,0.0012723013060167432,-0.0012723010731860995,-5.721696652472019e-05,5.721691559301689e-05,0.0006299560191109776,-0.0006299560191109776,0.0006443900056183338,-0.000644389889203012,-1.888169936137274e-05,1.8881706637330353e-05,0.00022136580082587898,-0.0002213658153777942,8.673353295307606e-05,-8.673348929733038e-05,0.0009370658663101494,-0.0009370658081024885,-0.00015869105118326843,0.00015869102207943797,0.0005010042223148048,-0.0005010042223148048,-0.00012482068268582225,0.0001248206535819918,-0.0008293749415315688,0.0008293749997392297,0.0010077818296849728,-0.0010077818296849728],[-0.001614188076928258,0.001614188076928258,0.0018325750716030598,-0.0018325739074498415,0.0010046390816569328,-0.0010046390816569328,-0.0001470253337174654,0.0001470253337174654,0.00018709045252762735,-0.00018708984134718776,0.001578745897859335,-0.001578745897859335,6.96199422236532e-05,-6.961985491216183e-05,0.002608671085909009,-0.002608671085909009,4.390510730445385e-05,-4.39044670201838e-05,-0.002022826811298728,0.002022826811298728,-9.451896767131984e-05,9.451908408664167e-05,0.0012192954309284687,-0.0012192954309284687,-0.0013851921539753675,0.001385191921144724,0.003565023420378566,-0.0025650234892964363,0.00044847268145531416,-0.00044847268145531416,0.002455558395013213,-0.002455558627843857,0.0002455838257446885,-0.00024558385484851897,0.00011973668006248772,-0.00011973675282206386,-3.003777237609029e-06,3.003777237609029e-06,0.00017573355580680072,-0.00017573357035871595,0.0011814815225079656,-0.0011814815225079656,8.8297194452025e-05,-8.8297194452025e-05,0.0016920361667871475,-0.0016920361667871475,-2.185672383347992e-05,2.1856702005607076e-05,0.00020126940216869116,-0.00020126932940911502,6.037719867890701e-05,-6.037719867890701e-05,0.00038189897895790637,-0.00038189897895790637,-0.0007481321226805449,0.0007481321226805449],[0.0016141878440976143,-0.0016141878440976143,-0.001832575537264347,0.0018325743731111288,-0.0010046395473182201,0.0010046395473182201,0.00014702498447149992,-0.00014702498447149992,-0.0001870904816314578,0.00018708992865867913,-0.001578745897859335,0.0015787456650286913,-6.962023326195776e-05,6.96201459504664e-05,-0.002608671085909009,0.002608671085909009,-4.390493268147111e-05,4.390481626614928e-05,0.002022826811298728,-0.002022826811298728,9.451914229430258e-05,-9.451911319047213e-05,-0.0012192954309284687,0.0012192954309284687,0.0013851922703906894,-0.0013851920375600457,-0.0025650234892964363,0.003565023886039853,-0.00044847314711660147,0.00044847314711660147,-0.002455558627843857,0.002455558627843857,-0.0002455839130561799,0.0002455839130561799,-0.00011973678192589432,0.00011973686923738569,3.0037190299481153e-06,-3.0037190299481153e-06,-0.00017573365767020732,0.00017573368677403778,-0.0011814815225079656,0.0011814815225079656,-8.829733997117728e-05,8.829735452309251e-05,-0.0016920362832024693,0.0016920362832024693,2.185660196118988e-05,-2.1856583771295846e-05,-0.0002012694749282673,0.0002012694167206064,-6.037720959284343e-05,6.0377213230822235e-05,-0.0003818990953732282,0.0003818990953732282,0.0007481324137188494,-0.0007481324137188494],[0.0010696423705667257,-0.0010696423705667257,-0.001156652346253395,0.001156652346253395,0.00028525179368443787,-0.00028525179368443787,0.00033412850461900234,-0.00033412850461900234,-0.0003796351666096598,0.0003796350792981684,0.0003067101933993399,-0.00030670984415337443,0.002280880929902196,-0.002280881628394127,-0.0004286597832106054,0.0004286597832106054,-0.0019741449505090714,0.001974144484847784,0.0009266861598007381,-0.0009266858105547726,-0.0005164454923942685,0.0005164454923942685,-0.00020385629613883793,0.00020385629613883793,0.00039802968967705965,-0.00039802934043109417,0.00044847268145531416,-0.00044847314711660147,0.00539957033470273,-0.00439956970512867,0.0024451948702335358,-0.0024451948702335358,0.0021879093255847692,-0.0021879093255847692,0.00213404162786901,-0.00213404162786901,-0.0006566559313796461,0.000656655989587307,0.0014780304627493024,-0.0014780304627493024,0.0010326645569875836,-0.0010326646734029055,0.0005063428543508053,-0.0005063428543508053,0.00035301659954711795,-0.00035301659954711795,0.0012433009687811136,-0.0012433009687811136,0.0013439105823636055,-0.0013439105823636055,-0.0004127582651562989,0.0004127582651562989,-0.00024162349291145802,0.00024162349291145802,-0.00014335749438032508,0.00014335749438032508],[-0.0010696423705667257,0.0010696423705667257,0.001156652346253395,-0.0011566522298380733,-0.00028525179368443787,0.00028525179368443787,-0.00033412856282666326,0.00033412856282666326,0.00037963505019433796,-0.0003796349628828466,-0.00030671004788018763,0.0003067097859457135,-0.002280880929902196,0.002280881628394127,0.0004286598996259272,-0.0004286598996259272,0.0019741449505090714,-0.001974144484847784,-0.0009266861015930772,0.0009266857523471117,0.0005164454923942685,-0.0005164454341866076,0.00020385623793117702,-0.00020385623793117702,-0.00039802968967705965,0.0003980293986387551,-0.00044847268145531416,0.00044847314711660147,-0.00439956970512867,0.0053995708003640175,-0.0024451951030641794,0.0024451948702335358,-0.0021879090927541256,0.0021879090927541256,-0.00213404162786901,0.00213404162786901,0.0006566558731719851,-0.0006566559313796461,-0.0014780304627493024,0.0014780304627493024,-0.0010326646734029055,0.0010326646734029055,-0.0005063426797278225,0.0005063427379354835,-0.0003530165122356266,0.00035301645402796566,-0.0012433008523657918,0.0012433008523657918,-0.0013439106987789273,0.0013439106987789273,0.0004127583233639598,-0.0004127583233639598,0.00024162340559996665,-0.00024162344925571233,0.0001433575089322403,-0.00014335749438032508],[-5.110155325382948e-05,5.110155325382948e-05,0.0014357726322486997,-0.0014357725158333778,0.0027348222211003304,-0.0027348222211003304,0.0027931085787713528,-0.0027931085787713528,0.000879900879226625,-0.0008799005299806595,0.0005028732703067362,-0.0005028733285143971,-0.0003157559549435973,0.0003157567116431892,0.0015790627803653479,-0.0015790627803653479,-0.00038670498179271817,0.00038670568028464913,0.0009084638440981507,-0.0009084641933441162,0.00028514277073554695,-0.0002851425379049033,0.0031923893839120865,-0.0031923893839120865,-0.0012723013060167432,0.0012723013060167432,0.002455558395013213,-0.002455558627843857,0.0024451948702335358,-0.0024451951030641794,0.010705016553401947,-0.009705016389489174,0.0011770923156291246,-0.0011770923156291246,0.0021012991201132536,-0.0021012991201132536,0.003966437187045813,-0.003966437187045813,0.0008445411222055554,-0.0008445410639978945,0.0017573542427271605,-0.001757354475557804,0.0006066719652153552,-0.0006066719652153552,-0.0004270071804057807,0.0004270072386134416,0.0007783791515976191,-0.0007783791515976191,0.0013306859182193875,-0.0013306858018040657,0.0008259352762252092,-0.0008259352762252092,-0.0005965035525150597,0.0005965035525150597,0.0007483220542781055,-0.0007483219960704446],[5.1101669669151306e-05,-5.1101669669151306e-05,-0.0014357725158333778,0.0014357720501720905,-0.0027348222211003304,0.0027348222211003304,-0.0027931085787713528,0.0027931085787713528,-0.0008799009956419468,0.0008799006463959813,-0.0005028732120990753,0.0005028731538914144,0.0003157562459819019,-0.00031575700268149376,-0.0015790630131959915,0.0015790630131959915,0.00038670492358505726,-0.0003867055638693273,-0.0009084637276828289,0.0009084641933441162,-0.00028514282894320786,0.00028514262521639466,-0.0031923893839120865,0.0031923893839120865,0.0012723011896014214,-0.0012723010731860995,-0.002455558627843857,0.002455558627843857,-0.0024451948702335358,0.0024451948702335358,-0.009705016389489174,0.010705016553401947,-0.0011770921992138028,0.0011770923156291246,-0.0021012991201132536,0.0021012993529438972,-0.003966436721384525,0.003966436721384525,-0.0008445410057902336,0.0008445409475825727,-0.0017573542427271605,0.001757354475557804,-0.0006066719652153552,0.0006066