{"epoch":0,"H":[[0.043314121663570404,-0.04231410473585129,0.01384126115590334,-0.01384126115590334,0.01117323525249958,-0.01117323525249958,0.0014946325682103634,-0.0014946323353797197,0.0036440561525523663,-0.003644055686891079,0.00235113431699574,-0.0023511338513344526,-0.0008537473622709513,0.0008537477115169168,-0.003752474207431078,0.003752474207431078,0.006280608009546995,-0.006280608009546995,-0.005074553191661835,0.005074553191661835,0.001481422921642661,-0.0014814233873039484,-0.007196484133601189,0.007196484133601189,-0.0011250744573771954,0.001125073991715908,-0.00036030111368745565,0.0003603013465180993,0.00023214593238662928,-0.00023214616521727294,0.003091510385274887,-0.0030915099196135998,-0.0001591511827427894,0.00015915096446406096,0.0012390887131914496,-0.0012390885967761278,0.0003746068978216499,-0.0003746067814063281,0.00027126571512781084,-0.00027126577333547175,0.0008350277785211802,-0.0008350278367288411,0.001826347317546606,-0.001826347317546606,0.0035749878734350204,-0.0035749878734350204,0.00025964080123230815,-0.00025964074302464724,0.000618405407294631,-0.0006184052908793092,0.00108897325117141,-0.00108897325117141,0.002385389059782028,-0.002385389059782028,0.0029135113582015038,-0.0029135113582015038],[-0.04231410473585129,0.04331410676240921,-0.013841260224580765,0.013841260224580765,-0.011173234321177006,0.011173234321177006,-0.0014946330338716507,0.0014946332667022943,-0.0036440580151975155,0.003644058480858803,-0.002351132920011878,0.00235113431699574,0.0008537459652870893,-0.0008537463145330548,0.0037524732761085033,-0.003752474207431078,-0.00628060894086957,0.0062806084752082825,0.005074553191661835,-0.005074553191661835,-0.001481423038057983,0.0014814233873039484,0.007196483202278614,-0.007196483202278614,0.0011250749230384827,-0.0011250743409618735,0.0003603021614253521,-0.00036030239425599575,-0.00023214571410790086,0.00023214571410790086,-0.0030915101524442434,0.0030915101524442434,0.00015915132826194167,-0.00015915109543129802,-0.0012390883639454842,0.0012390883639454842,-0.00037460707244463265,0.00037460713065229356,-0.0002712654822971672,0.0002712656569201499,-0.0008350279531441629,0.0008350279531441629,-0.001826347317546606,0.001826347317546606,-0.003574988804757595,0.003574988804757595,-0.0002596408303361386,0.0002596407139208168,-0.0006184051744639874,0.0006184051744639874,-0.001088973367586732,0.001088973367586732,-0.002385389758273959,0.002385389758273959,-0.00291351112537086,0.00291351112537086],[0.01384126115590334,-0.013841260224580765,0.06507488340139389,-0.06407488137483597,0.006484547629952431,-0.006484547629952431,0.010853229090571404,-0.010853229090571404,-3.571854904294014e-05,3.571854904294014e-05,0.004474836867302656,-0.004474836867302656,0.013379320502281189,-0.013379320502281189,-0.0152762271463871,0.015276224352419376,0.009125717915594578,-0.009125717915594578,-0.005416398867964745,0.005416398867964745,-0.0005834160838276148,0.0005834156181663275,-0.008183343335986137,0.008183343335986137,0.0014728715177625418,-0.0014728715177625418,-0.001287844032049179,0.001287844032049179,-0.0009044203325174749,0.0009044204489327967,0.00014655629638582468,-0.00014655658742412925,-0.0004644770233426243,0.00046447658678516746,0.0003240126825403422,-0.0003240127698518336,0.006968568544834852,-0.006968568544834852,-0.0005648143123835325,0.0005648143123835325,0.0012856130488216877,-0.0012856130488216877,0.00014343764632940292,-0.00014343770453706384,0.002432861365377903,-0.002432861365377903,-0.0003754791687242687,0.000375478935893625,-0.00045031862100586295,0.00045031856279820204,0.007071264553815126,-0.007071264088153839,0.006707451771944761,-0.006707451771944761,0.0055351583287119865,-0.0055351583287119865],[-0.01384126115590334,0.013841260224580765,-0.06407488137483597,0.06507489085197449,-0.0064845457673072815,0.006484546232968569,-0.010853229090571404,0.010853230021893978,3.571854904294014e-05,-3.571901470422745e-05,-0.004474836867302656,0.004474836867302656,-0.01337931863963604,0.013379320502281189,0.015276228077709675,-0.015276228077709675,-0.009125718846917152,0.009125718846917152,0.005416399333626032,-0.005416399333626032,0.0005834167823195457,-0.0005834163166582584,0.008183343335986137,-0.008183343335986137,-0.0014728729147464037,0.0014728731475770473,0.0012878448469564319,-0.0012878450797870755,0.0009044205653481185,-0.0009044203907251358,-0.00014655629638582468,0.00014655658742412925,0.0004644767614081502,-0.00046447658678516746,-0.00032401244970969856,0.00032401239150203764,-0.006968568544834852,0.006968568544834852,0.0005648141959682107,-0.0005648141959682107,-0.0012856130488216877,0.0012856130488216877,-0.000143437588121742,0.0001434375299140811,-0.0024328618310391903,0.0024328618310391903,0.0003754791687242687,-0.0003754788194783032,0.00045031914487481117,-0.00045031908666715026,-0.007071264088153839,0.007071264088153839,-0.006707452237606049,0.006707452237606049,-0.0055351583287119865,0.0055351583287119865],[0.01117323525249958,-0.011173234321177006,0.006484547629952431,-0.0064845457673072815,0.021555151790380478,-0.020555147901177406,0.0012528966180980206,-0.0012528970837593079,0.004909526091068983,-0.004909526091068983,0.0006419472047127783,-0.0006419476703740656,0.0026606139726936817,-0.0026606142055243254,0.004421898163855076,-0.004421898629516363,0.01379455253481865,-0.013794553466141224,0.00013405201025307178,-0.0001340521266683936,-0.0009414182277396321,0.0009414182277396321,0.0017840142827481031,-0.001784014399163425,0.005640593357384205,-0.005640593357384205,-0.0010251972125843167,0.001025197096168995,0.00043775595258921385,-0.000437755836173892,0.0013669170439243317,-0.0013669170439243317,-0.00012753828195855021,0.0001275382237508893,-2.63603578787297e-05,2.6360299671068788e-05,0.0031777590047568083,-0.0031777590047568083,0.000391211302485317,-0.000391211302485317,0.0008680932805873454,-0.0008680932805873454,0.0011154961539432406,-0.0011154961539432406,0.0026553981006145477,-0.002655397867783904,0.0004235185915604234,-0.0004235185915604234,0.0002425327547825873,-0.00024253284209407866,0.002187730511650443,-0.002187730511650443,0.0020009533036500216,-0.0020009533036500216,0.002659282647073269,-0.002659282647073269],[-0.01117323525249958,0.011173234321177006,-0.006484547629952431,0.006484546232968569,-0.020555147901177406,0.02155514992773533,-0.0012528968509286642,0.0012528973165899515,-0.00490952655673027,0.00490952655673027,-0.0006419473793357611,0.0006419477867893875,-0.0026606151368469,0.0026606151368469,-0.0044218976981937885,0.0044218976981937885,-0.013794553466141224,0.013794553466141224,-0.00013405270874500275,0.0001340529415756464,0.0009414185769855976,-0.0009414178784936666,-0.0017840140499174595,0.0017840141663327813,-0.00564059242606163,0.00564059242606163,0.0010251972125843167,-0.001025197096168995,-0.0004377559234853834,0.0004377559234853834,-0.0013669165782630444,0.0013669166946783662,0.00012753794726449996,-0.00012753788905683905,2.6360125048086047e-05,-2.636009594425559e-05,-0.003177759237587452,0.0031777590047568083,-0.0003912112442776561,0.00039121133158914745,-0.0008680932805873454,0.0008680932223796844,-0.0011154956882819533,0.0011154958046972752,-0.0026553976349532604,0.0026553976349532604,-0.00042351882439106703,0.00042351882439106703,-0.00024253262381535023,0.00024253294395748526,-0.0021877309773117304,0.0021877309773117304,-0.002000952372327447,0.002000952372327447,-0.0026592824142426252,0.0026592824142426252],[0.0014946325682103634,-0.0014946330338716507,0.010853229090571404,-0.010853229090571404,0.0012528966180980206,-0.0012528968509286642,0.004188663326203823,-0.0031886636279523373,0.005480731371790171,-0.005480730906128883,0.0011601841542869806,-0.0011601843871176243,0.008424624800682068,-0.008424624800682068,0.0013655835064128041,-0.001365583622828126,0.010854348540306091,-0.010854348540306091,-0.00041680922731757164,0.0004168094601482153,0.002145028905943036,-0.002145028905943036,-0.0027653840370476246,0.0027653835713863373,0.0022112461738288403,-0.0022112454753369093,0.00043423494207672775,-0.0004342350584920496,0.0014664119808003306,-0.0014664119808003306,0.002464877674356103,-0.0024648779071867466,0.001064283773303032,-0.0010642838897183537,0.0005453341291286051,-0.0005453341291286051,0.002225720090791583,-0.002225720090791583,0.001156497630290687,-0.001156497630290687,0.0002859643427655101,-0.0002859643427655101,0.0008341243956238031,-0.0008341243956238031,0.0007803676417097449,-0.0007803676999174058,0.0009284453117288649,-0.0009284451953135431,0.0003783913271035999,-0.0003783911815844476,0.0009920845041051507,-0.0009920845041051507,0.0010055967140942812,-0.0010055967140942812,0.0018288984429091215,-0.0018288984429091215],[-0.0014946323353797197,0.0014946332667022943,-0.010853229090571404,0.010853230021893978,-0.0012528970837593079,0.0012528973165899515,-0.0031886636279523373,0.004188664257526398,-0.005480731837451458,0.005480731837451458,-0.0011601848527789116,0.001160185318440199,-0.008424626663327217,0.008424625732004642,-0.0013655837392434478,0.0013655838556587696,-0.010854347608983517,0.010854347608983517,0.0004168091691099107,-0.0004168090526945889,-0.002145029604434967,0.0021450293716043234,0.0027653842698782682,-0.0027653840370476246,-0.0022112459409981966,0.0022112459409981966,-0.0004342353786341846,0.00043423534953035414,-0.0014664122136309743,0.0014664122136309743,-0.0024648779071867466,0.0024648779071867466,-0.0010642841225489974,0.0010642841225489974,-0.0005453340709209442,0.0005453340709209442,-0.002225720789283514,0.002225720789283514,-0.0011564971646293998,0.0011564973974600434,-0.0002859645464923233,0.0002859645173884928,-0.000834124453831464,0.0008341243956238031,-0.000780367583502084,0.000780367583502084,-0.0009284455445595086,0.0009284454281441867,-0.00037839129799976945,0.0003783911815844476,-0.0009920847369357944,0.0009920847369357944,-0.0010055970633402467,0.0010055970633402467,-0.0018288990249857306,0.0018288991414010525],[0.0036440561525523663,-0.0036440580151975155,-3.571854904294014e-05,3.571854904294014e-05,0.004909526091068983,-0.00490952655673027,0.005480731371790171,-0.005480731837451458,0.021050484851002693,-0.02005048654973507,0.0019219719106331468,-0.0019219715613871813,0.004322298336774111,-0.004322298336774111,0.007165163289755583,-0.007165163289755583,0.011717262677848339,-0.011717261746525764,0.001325530931353569,-0.0013255311641842127,-0.0004881077038589865,0.0004881081695202738,0.002497970825061202,-0.002497970825061202,0.0016248723259195685,-0.0016248725587502122,0.0008639917359687388,-0.0008639920852147043,0.0025068933609873056,-0.0025068933609873056,0.0020427159033715725,-0.0020427159033715725,0.001154682831838727,-0.001154682831838727,0.0007081567891873419,-0.0007081570220179856,0.00248667667619884,-0.00248667667619884,0.0012218946358188987,-0.0012218947522342205,0.0014958488754928112,-0.0014958488754928112,-0.00031577114714309573,0.00031577114714309573,0.0007636520313099027,-0.0007636519148945808,0.0012674981262534857,-0.0012674981262534857,0.0007458420004695654,-0.0007458420586772263,0.0019064247608184814,-0.0019064247608184814,0.001763250445947051,-0.0017632505623623729,0.002099939389154315,-0.002099939389154315],[-0.003644055686891079,0.003644058480858803,3.571854904294014e-05,-3.571901470422745e-05,-0.004909526091068983,0.00490952655673027,-0.005480730906128883,0.005480731837451458,-0.02005048654973507,0.021050486713647842,-0.0019219719106331468,0.0019219715613871813,-0.004322298336774111,0.004322298336774111,-0.007165163289755583,0.007165163289755583,-0.011717262677848339,0.011717261746525764,-0.001325530931353569,0.0013255311641842127,0.0004881077038589865,-0.0004881081695202738,-0.002497970825061202,0.002497970825061202,-0.0016248723259195685,0.0016248725587502122,-0.0008639917359687388,0.0008639920852147043,-0.0025068933609873056,0.0025068933609873056,-0.0020427159033715725,0.0020427159033715725,-0.001154682831838727,0.001154682831838727,-0.0007081567891873419,0.0007081570220179856,-0.00248667667619884,0.00248667667619884,-0.0012218946358188987,0.0012218947522342205,-0.0014958488754928112,0.0014958488754928112,0.00031577114714309573,-0.00031577114714309573,-0.0007636520313099027,0.0007636519148945808,-0.0012674981262534857,0.0012674981262534857,-0.0007458420004695654,0.0007458420586772263,-0.0019064247608184814,0.0019064247608184814,-0.001763250445947051,0.0017632505623623729,-0.002099939389154315,0.002099939389154315],[0.00235113431699574,-0.002351132920011878,0.004474836867302656,-0.004474836867302656,0.0006419472047127783,-0.0006419473793357611,0.0011601841542869806,-0.0011601848527789116,0.0019219719106331468,-0.0019219719106331468,0.005672716069966555,-0.004672715440392494,-0.0011926388833671808,0.0011926388833671808,0.002994168782606721,-0.0029941690154373646,0.0045363642275333405,-0.0045363642275333405,-0.0016047623939812183,0.0016047622775658965,0.0011100784176960588,-0.0011100785341113806,2.551326178945601e-05,-2.5513378204777837e-05,0.000781780865509063,-0.0007817809819243848,-0.0013956089969724417,0.0013956089969724417,0.0006203583325259387,-0.0006203582743182778,-0.0005039824754931033,0.0005039824754931033,0.00027210204279981554,-0.0002721020136959851,-0.00037474712007679045,0.0003747470327652991,-2.9168877517804503e-05,2.9168892069719732e-05,0.00034498650347813964,-0.0003449865325819701,0.0003656666958704591,-0.0003656666958704591,0.0005989398341625929,-0.0005989398341625929,0.0009189553093165159,-0.0009189553093165159,0.00020808387489523739,-0.00020808387489523739,-0.0002167861384805292,0.00021678610937669873,0.00034367546322755516,-0.00034367540501989424,0.00019067467655986547,-0.00019067466200795025,-0.0004552917671389878,0.0004552917380351573],[-0.0023511338513344526,0.00235113431699574,-0.004474836867302656,0.004474836867302656,-0.0006419476703740656,0.0006419477867893875,-0.0011601843871176243,0.001160185318440199,-0.0019219715613871813,0.0019219715613871813,-0.004672715440392494,0.0056727128103375435,0.0011926388833671808,-0.0011926388833671808,-0.002994168782606721,0.0029941690154373646,-0.0045363642275333405,0.0045363642275333405,0.0016047623939812183,-0.0016047622775658965,-0.0011100784176960588,0.0011100785341113806,-2.551326178945601e-05,2.5513378204777837e-05,-0.000781780865509063,0.0007817809819243848,0.0013956089969724417,-0.0013956089969724417,-0.0006203583325259387,0.0006203582743182778,0.0005039824754931033,-0.0005039824754931033,-0.00027210204279981554,0.0002721020136959851,0.00037474712007679045,-0.0003747470327652991,2.9168877517804503e-05,-2.9168892069719732e-05,-0.00034498650347813964,0.0003449865325819701,-0.0003656666958704591,0.0003656666958704591,-0.0005989398341625929,0.0005989398341625929,-0.0009189553093165159,0.0009189553093165159,-0.00020808387489523739,0.00020808387489523739,0.0002167861384805292,-0.00021678610937669873,-0.00034367546322755516,0.00034367540501989424,-0.00019067467655986547,0.00019067466200795025,0.0004552917671389878,-0.0004552917380351573],[-0.0008537473622709513,0.0008537459652870893,0.013379320502281189,-0.01337931863963604,0.0026606139726936817,-0.0026606151368469,0.008424624800682068,-0.008424626663327217,0.004322298336774111,-0.004322298336774111,-0.0011926388833671808,0.0011926388833671808,0.025556126609444618,-0.024556130170822144,0.0012277615023776889,-0.0012277616187930107,0.0029718363657593727,-0.0029718363657593727,-0.002087261760607362,0.002087261527776718,0.0009457431733608246,-0.0009457435226067901,0.0018591828411445022,-0.0018591831903904676,-0.00133342738263309,0.00133342738263309,-0.0031754090450704098,0.0031754085794091225,0.0025093017611652613,-0.0025093017611652613,0.0017534097423776984,-0.0017534097423776984,0.0012727387947961688,-0.0012727387947961688,-0.00032462639501318336,0.00032462639501318336,0.0010387450456619263,-0.0010387450456619263,0.001219407538883388,-0.001219407538883388,0.002502891467884183,-0.002502891467884183,0.0005142868612892926,-0.0005142868612892926,-0.00038687774213030934,0.00038687768392264843,0.0008260768372565508,-0.0008260768372565508,-0.00017624645261093974,0.00017624642350710928,0.0017956114606931806,-0.0017956114606931806,0.0009734599152579904,-0.0009734599152579904,0.0009108998347073793,-0.0009108998347073793],[0.0008537477115169168,-0.0008537463145330548,-0.013379320502281189,0.013379320502281189,-0.0026606142055243254,0.0026606151368469,-0.008424624800682068,0.008424625732004642,-0.004322298336774111,0.004322298336774111,0.0011926388833671808,-0.0011926388833671808,-0.024556130170822144,0.025556128472089767,-0.0012277615023776889,0.0012277616187930107,-0.0029718363657593727,0.0029718363657593727,0.002087261760607362,-0.002087261527776718,-0.0009457431733608246,0.0009457435226067901,-0.0018591828411445022,0.0018591831903904676,0.00133342738263309,-0.00133342738263309,0.0031754090450704098,-0.0031754085794091225,-0.0025093017611652613,0.0025093017611652613,-0.0017534097423776984,0.0017534097423776984,-0.0012727387947961688,0.0012727387947961688,0.00032462639501318336,-0.00032462639501318336,-0.0010387450456619263,0.0010387450456619263,-0.001219407538883388,0.001219407538883388,-0.002502891467884183,0.002502891467884183,-0.0005142868612892926,0.0005142868612892926,0.00038687774213030934,-0.00038687768392264843,-0.0008260768372565508,0.0008260768372565508,0.00017624645261093974,-0.00017624642350710928,-0.0017956114606931806,0.0017956114606931806,-0.0009734599152579904,0.0009734599152579904,-0.0009108998347073793,0.0009108998347073793],[-0.003752474207431078,0.0037524732761085033,-0.0152762271463871,0.015276228077709675,0.004421898163855076,-0.0044218976981937885,0.0013655835064128041,-0.0013655837392434478,0.007165163289755583,-0.007165163289755583,0.002994168782606721,-0.002994168782606721,0.0012277615023776889,-0.0012277615023776889,0.018568232655525208,-0.017568232491612434,0.0037713877391070127,-0.0037713872734457254,0.0017749816179275513,-0.0017749813850969076,-0.0001587931183166802,0.00015879329293966293,0.0008390814182348549,-0.0008390819421038032,0.0011168394703418016,-0.0011168394703418016,-0.007984216324985027,0.007984216324985027,0.0011993326479569077,-0.0011993326479569077,0.0027211790438741446,-0.002721179276704788,0.00026916441856883466,-0.00026916430215351284,-6.299052620306611e-05,6.299040978774428e-05,0.0003259771619923413,-0.0003259771619923413,0.0006503149634227157,-0.0006503149634227157,0.0012956730788573623,-0.0012956729624420404,-0.0005837514181621373,0.0005837514181621373,0.0017914969939738512,-0.0017914969939738512,0.0003370514896232635,-0.0003370514896232635,0.00048256837180815637,-0.00048256840091198683,0.0007466393290087581,-0.0007466392708010972,0.000434582558227703,-0.0004345824709162116,0.0002939236001111567,-0.0002939236001111567],[0.003752474207431078,-0.003752474207431078,0.015276224352419376,-0.015276228077709675,-0.004421898629516363,0.0044218976981937885,-0.001365583622828126,0.0013655838556587696,-0.007165163289755583,0.007165163289755583,-0.0029941690154373646,0.0029941690154373646,-0.0012277616187930107,0.0012277616187930107,-0.017568232491612434,0.018568236380815506,-0.0037713877391070127,0.003771387506276369,-0.001774981734342873,0.0017749819671735168,0.00015879323473200202,-0.0001587935257703066,-0.0008390813018195331,0.000839081360027194,-0.0011168397031724453,0.0011168397031724453,0.007984215393662453,-0.007984215393662453,-0.001199332531541586,0.001199332531541586,-0.0027211785782128572,0.002721178811043501,-0.00026916441856883466,0.0002691642439458519,6.29906717222184e-05,-6.299055530689657e-05,-0.00032597710378468037,0.00032597710378468037,-0.0006503149634227157,0.0006503149052150548,-0.0012956734281033278,0.0012956734281033278,0.00058375159278512,-0.0005837515345774591,-0.0017914969939738512,0.0017914969939738512,-0.00033705157693475485,0.00033705157693475485,-0.0004825684882234782,0.00048256851732730865,-0.0007466393290087581,0.0007466392125934362,-0.00043458258733153343,0.00043458258733153343,-0.00029392330907285213,0.0002939233381766826],[0.006280608009546995,-0.00628060894086957,0.009125717915594578,-0.009125718846917152,0.01379455253481865,-0.013794553466141224,0.010854348540306091,-0.010854347608983517,0.011717262677848339,-0.011717262677848339,0.0045363642275333405,-0.0045363642275333405,0.0029718363657593727,-0.0029718363657593727,0.0037713877391070127,-0.0037713877391070127,0.011601606383919716,-0.010601606220006943,0.0016061598435044289,-0.0016061598435044289,4.583096597343683e-05,-4.583143163472414e-05,-0.0008344235830008984,0.0008344235830008984,0.002730259206146002,-0.002730259206146002,-0.006465754937380552,0.006465754471719265,0.0013175320345908403,-0.0013175320345908403,0.002743360586464405,-0.002743360586464405,0.0004257926484569907,-0.00042579261935316026,0.0005225860513746738,-0.0005225862842053175,0.0019724532030522823,-0.0019724532030522823,0.000275403173873201,-0.00027540329028852284,0.0011343059595674276,-0.0011343059595674276,0.0009080127929337323,-0.0009080127347260714,0.0005387611454352736,-0.0005387610872276127,2.346048131585121e-05,-2.3460466763935983e-05,0.0004341549356468022,-0.0004341549356468022,0.0013290218776091933,-0.0013290217611938715,0.000868604052811861,-0.0008686041692271829,0.0005055069923400879,-0.0005055069923400879],[-0.006280608009546995,0.0062806084752082825,-0.009125717915594578,0.009125718846917152,-0.013794553466141224,0.013794553466141224,-0.010854348540306091,0.010854347608983517,-0.011717261746525764,0.011717261746525764,-0.0045363642275333405,0.0045363642275333405,-0.0029718363657593727,0.0029718363657593727,-0.0037713872734457254,0.003771387506276369,-0.010601606220006943,0.011601604521274567,-0.0016061598435044289,0.0016061598435044289,-4.583096597343683e-05,4.583143163472414e-05,0.0008344235830008984,-0.0008344235830008984,-0.002730259206146002,0.002730259206146002,0.006465754937380552,-0.006465754471719265,-0.0013175320345908403,0.0013175320345908403,-0.002743360586464405,0.002743360586464405,-0.0004257926484569907,0.00042579261935316026,-0.0005225860513746738,0.0005225862842053175,-0.0019724532030522823,0.0019724532030522823,-0.000275403173873201,0.00027540329028852284,-0.0011343059595674276,0.0011343059595674276,-0.0009080127929337323,0.0009080127347260714,-0.0005387611454352736,0.0005387610872276127,-2.346048131585121e-05,2.3460466763935983e-05,-0.0004341549356468022,0.0004341549356468022,-0.0013290218776091933,0.0013290217611938715,-0.000868604052811861,0.0008686041692271829,-0.0005055069923400879,0.0005055069923400879],[-0.005074553191661835,0.005074553191661835,-0.005416398867964745,0.005416399333626032,0.00013405201025307178,-0.00013405270874500275,-0.00041680922731757164,0.0004168091691099107,0.001325530931353569,-0.001325530931353569,-0.0016047623939812183,0.0016047623939812183,-0.002087261760607362,0.002087261760607362,0.0017749816179275513,-0.001774981734342873,0.0016061598435044289,-0.0016061598435044289,0.01386464573442936,-0.012864646501839161,-0.0011210553348064423,0.0011210556840524077,0.0012128945672884583,-0.001212894800119102,-0.00046271446626633406,0.0004627142334356904,-0.0011530579067766666,0.0011530581396073103,-0.0010490108979865909,0.0010490111308172345,0.0006712554022669792,-0.0006712554604746401,0.00013841138570569456,-0.00013841129839420319,-0.0003781076520681381,0.0003781073319260031,-0.0010508488630875945,0.0010508488630875945,-0.00012439602869562805,0.0001243962033186108,0.0006486437632702291,-0.0006486437632702291,-0.0006434356328099966,0.0006434356328099966,-0.0012432123767212033,0.0012432123767212033,1.7895221390062943e-05,-1.7895221390062943e-05,-4.736395203508437e-05,4.736393748316914e-05,-0.0010252544889226556,0.0010252544889226556,-0.00047648203326389194,0.000476481975056231,-0.00044526890269480646,0.0004452689317986369],[0.005074553191661835,-0.005074553191661835,0.005416398867964745,-0.005416399333626032,-0.0001340521266683936,0.0001340529415756464,0.0004168094601482153,-0.0004168090526945889,-0.0013255311641842127,0.0013255311641842127,0.0016047622775658965,-0.0016047622775658965,0.002087261527776718,-0.002087261527776718,-0.0017749813850969076,0.0017749819671735168,-0.0016061598435044289,0.0016061598435044289,-0.012864646501839161,0.013864647597074509,0.0011210553348064423,-0.0011210556840524077,-0.0012128945672884583,0.001212894800119102,0.00046271446626633406,-0.0004627142334356904,0.0011530579067766666,-0.0011530581396073103,0.0010490108979865909,-0.0010490111308172345,-0.0006712554022669792,0.0006712554604746401,-0.00013841138570569456,0.00013841129839420319,0.0003781076520681381,-0.0003781073319260031,0.0010508488630875945,-0.0010508488630875945,0.00012439602869562805,-0.0001243962033186108,-0.0006486437632702291,0.0006486437632702291,0.0006434356328099966,-0.0006434356328099966,0.0012432123767212033,-0.0012432123767212033,-1.7895221390062943e-05,1.7895221390062943e-05,4.736395203508437e-05,-4.736393748316914e-05,0.0010252544889226556,-0.0010252544889226556,0.00047648203326389194,-0.000476481975056231,0.00044526890269480646,-0.0004452689317986369],[0.001481422921642661,-0.001481423038057983,-0.0005834160838276148,0.0005834167823195457,-0.0009414182277396321,0.0009414185769855976,0.002145028905943036,-0.002145029604434967,-0.0004881077038589865,0.0004881077038589865,0.0011100784176960588,-0.0011100784176960588,0.0009457431733608246,-0.0009457431733608246,-0.0001587931183166802,0.00015879323473200202,4.583096597343683e-05,-4.583096597343683e-05,-0.0011210553348064423,0.0011210553348064423,0.002781963674351573,-0.0017819637432694435,0.0006026432383805513,-0.0006026432383805513,-0.00044157583033666015,0.0004415760631673038,5.545906606130302e-05,-5.545906606130302e-05,0.0006833906518295407,-0.0006833906518295407,-0.0013943964149802923,0.0013943961821496487,0.0002480544208083302,-0.00024805444991216063,0.00018653924053069204,-0.00018653928418643773,-1.982053800020367e-05,1.98204506887123e-05,0.00023932885960675776,-0.000239328874158673,-0.0005097540561109781,0.0005097540561109781,-0.00012615583545994014,0.00012615589366760105,0.0005941536510363221,-0.0005941536510363221,0.00015282772073987871,-0.00015282772073987871,0.00023715340648777783,-0.00023715330462437123,0.00030785900889895856,-0.00030785895069129765,-0.000358866760507226,0.00035886678961105645,0.00036268815165385604,-0.00036268815165385604],[-0.0014814233873039484,0.0014814233873039484,0.0005834156181663275,-0.0005834163166582584,0.0009414182277396321,-0.0009414178784936666,-0.002145028905943036,0.0021450293716043234,0.0004881081695202738,-0.0004881081695202738,-0.0011100785341113806,0.0011100785341113806,-0.0009457435226067901,0.0009457435226067901,0.00015879329293966293,-0.0001587935257703066,-4.583143163472414e-05,4.583143163472414e-05,0.0011210556840524077,-0.0011210556840524077,-0.0017819637432694435,0.0027819641400128603,-0.0006026434130035341,0.0006026433547958732,0.0004415760631673038,-0.0004415761213749647,-5.545903695747256e-05,5.545903695747256e-05,-0.0006833907100372016,0.0006833907100372016,0.0013943968806415796,-0.0013943968806415796,-0.0002480544790159911,0.000248054537223652,-0.00018653929873835295,0.00018653912411537021,1.9820126908598468e-05,-1.982009780476801e-05,-0.00023932880139909685,0.00023932881595101207,0.0005097543471492827,-0.0005097542889416218,0.00012615595187526196,-0.00012615589366760105,-0.000594153709243983,0.000594153709243983,-0.0001528275606688112,0.0001528276043245569,-0.00023715347924735397,0.00023715342103969306,-0.00030785895069129765,0.0003078589215874672,0.000358866760507226,-0.0003588668187148869,-0.0003626882971730083,0.0003626883844844997],[-0.007196484133601189,0.007196483202278614,-0.008183343335986137,0.008183343335986137,0.0017840142827481031,-0.0017840140499174595,-0.0027653840370476246,0.0027653842698782682,0.002497970825061202,-0.002497970825061202,2.551326178945601e-05,-2.551326178945601e-05,0.0018591828411445022,-0.0018591828411445022,0.0008390814182348549,-0.0008390813018195331,-0.0008344235830008984,0.0008344235830008984,0.0012128945672884583,-0.0012128945672884583,0.0006026432383805513,-0.0006026434130035341,0.006569214630872011,-0.005569214932620525,-0.001457337522879243,0.001457337522879243,-0.0007383364718407393,0.0007383365882560611,0.0012122519547119737,-0.0012122519547119737,-0.00010547623969614506,0.0001054762105923146,0.0008412853349000216,-0.0008412852184846997,0.0001998009392991662,-0.00019980096840299666,0.0007218788960017264,-0.0007218788960017264,0.000508212368004024,-0.0005082123097963631,0.000919169862754643,-0.000919169862754643,-0.000589749775826931,0.000589749775826931,-0.0015633860602974892,0.0015633858274668455,0.0005494845099747181,-0.0005494845099747181,0.00032146729063242674,-0.00032146729063242674,-0.0007255764794535935,0.0007255764212459326,0.0001435374142602086,-0.00014353738515637815,-0.00030786709976382554,0.000307867128867656],[0.007196484133601189,-0.007196483202278614,0.008183343335986137,-0.008183343335986137,-0.001784014399163425,0.0017840141663327813,0.0027653835713863373,-0.0027653840370476246,-0.002497970825061202,0.002497970825061202,-2.5513378204777837e-05,2.5513378204777837e-05,-0.0018591831903904676,0.0018591831903904676,-0.0008390819421038032,0.000839081360027194,0.0008344235830008984,-0.0008344235830008984,-0.001212894800119102,0.001212894800119102,-0.0006026432383805513,0.0006026433547958732,-0.005569214932620525,0.006569213699549437,0.0014573379885405302,-0.0014573379885405302,0.0007383363554254174,-0.0007383362390100956,-0.0012122519547119737,0.0012122519547119737,0.00010547638521529734,-0.00010547635611146688,-0.0008412853931076825,0.0008412853349000216,-0.00019980105571448803,0.00019980107026640326,-0.0007218787795864046,0.0007218787795864046,-0.000508212368004024,0.0005082123097963631,-0.000919169804546982,0.0009191697463393211,0.0005897497176192701,-0.0005897497176192701,0.0015633862931281328,-0.0015633860602974892,-0.0005494845099747181,0.000549484568182379,-0.0003214672615285963,0.0003214672615285963,0.0007255764794535935,-0.0007255764212459326,-0.00014353744336403906,0.00014353744336403906,0.00030786721617914736,-0.0003078671870753169],[-0.0011250744573771954,0.0011250749230384827,0.0014728715177625418,-0.0014728729147464037,0.005640593357384205,-0.00564059242606163,0.0022112461738288403,-0.0022112459409981966,0.0016248723259195685,-0.0016248723259195685,0.000781780865509063,-0.000781780865509063,-0.00133342738263309,0.00133342738263309,0.0011168394703418016,-0.0011168397031724453,0.002730259206146002,-0.002730259206146002,-0.00046271446626633406,0.00046271446626633406,-0.00044157583033666015,0.0004415760631673038,-0.001457337522879243,0.0014573379885405302,0.004663067404180765,-0.0036630681715905666,0.0011248316150158644,-0.0011248316150158644,0.0016318210400640965,-0.0016318210400640965,0.0032423504162579775,-0.0032423504162579775,0.0010644961148500443,-0.0010644961148500443,0.0009631187422201037,-0.0009631189168430865,0.0009076141286641359,-0.0009076141286641359,0.0010461559286341071,-0.0010461559286341071,0.0010128209833055735,-0.0010128210997208953,0.000857912062201649,-0.0008579121204093099,0.0023048471193760633,-0.0023048471193760633,0.000731581065338105,-0.000731581065338105,0.0005037361406721175,-0.0005037361988797784,-0.00010013744031311944,0.00010013749124482274,9.2807509645354e-05,-9.2807509645354e-05,0.0004645965527743101,-0.0004645966982934624],[0.001125073991715908,-0.0011250743409618735,-0.0014728715177625418,0.0014728731475770473,-0.005640593357384205,0.00564059242606163,-0.0022112454753369093,0.0022112459409981966,-0.0016248725587502122,0.0016248725587502122,-0.0007817809819243848,0.0007817809819243848,0.00133342738263309,-0.00133342738263309,-0.0011168394703418016,0.0011168397031724453,-0.002730259206146002,0.002730259206146002,0.0004627142334356904,-0.0004627142334356904,0.0004415760631673038,-0.0004415761213749647,0.001457337522879243,-0.0014573379885405302,-0.0036630681715905666,0.004663067404180765,-0.0011248316150158644,0.0011248316150158644,-0.0016318209236487746,0.0016318208072334528,-0.0032423504162579775,0.003242350649088621,-0.0010644961148500443,0.0010644961148500443,-0.0009631185093894601,0.0009631186258047819,-0.0009076136630028486,0.0009076136630028486,-0.001046156045049429,0.0010461559286341071,-0.001012820634059608,0.0010128208668902516,-0.000857912062201649,0.000857912062201649,-0.0023048468865454197,0.0023048468865454197,-0.0007315809489227831,0.000731581007130444,-0.0005037361406721175,0.0005037361988797784,0.00010013770224759355,-0.0001001377240754664,-9.280729136662558e-05,9.280727681471035e-05,-0.00046459652367047966,0.00046459652367047966],[-0.00036030111368745565,0.0003603021614253521,-0.001287844032049179,0.0012878448469564319,-0.0010251972125843167,0.0010251972125843167,0.00043423494207672775,-0.0004342353786341846,0.0008639917359687388,-0.0008639917359687388,-0.0013956089969724417,0.0013956089969724417,-0.0031754090450704098,0.0031754090450704098,-0.007984216324985027,0.007984215393662453,-0.006465754937380552,0.006465754937380552,-0.0011530579067766666,0.0011530579067766666,5.545906606130302e-05,-5.545903695747256e-05,-0.0007383364718407393,0.0007383363554254174,0.0011248316150158644,-0.0011248316150158644,0.008123156614601612,-0.0071231527253985405,-0.0009744062554091215,0.0009744063136167824,0.0016481823986396194,-0.0016481825150549412,-0.0007260201964527369,0.0007260201964527369,-0.0004872249555774033,0.00048722478095442057,0.0025214217603206635,-0.0025214217603206635,-0.0005287667736411095,0.0005287668318487704,-0.0002168045612052083,0.00021680444478988647,0.000660961028188467,-0.000660961028188467,0.0007095917826518416,-0.0007095918990671635,-0.0004555369378067553,0.00045553690870292485,-0.0002005486167035997,0.00020054866035934538,0.0008844111580401659,-0.0008844111580401659,0.0011713646817952394,-0.0011713646817952394,0.0005250844405964017,-0.0005250844405964017],[0.0003603013465180993,-0.00036030239425599575,0.001287844032049179,-0.0012878450797870755,0.001025197096168995,-0.001025197096168995,-0.0004342350584920496,0.00043423534953035414,-0.0008639920852147043,0.0008639920852147043,0.0013956089969724417,-0.0013956089969724417,0.0031754085794091225,-0.0031754085794091225,0.007984216324985027,-0.007984215393662453,0.006465754471719265,-0.006465754471719265,0.0011530581396073103,-0.0011530581396073103,-5.545906606130302e-05,5.545903695747256e-05,0.0007383365882560611,-0.0007383362390100956,-0.0011248316150158644,0.0011248316150158644,-0.0071231527253985405,0.008123154751956463,0.0009744063136167824,-0.0009744063718244433,-0.0016481825150549412,0.0016481825150549412,0.0007260203128680587,-0.0007260203128680587,0.0004872248973697424,-0.00048722478095442057,-0.0025214222259819508,0.002521421993151307,0.0005287667154334486,-0.0005287667154334486,0.00021680437203031033,-0.00021680424106307328,-0.000660961028188467,0.0006609611446037889,-0.0007095920154824853,0.0007095918408595026,0.0004555370833259076,-0.00045553711242973804,0.0002005486167035997,-0.00020054850028827786,-0.0008844112744554877,0.0008844112744554877,-0.0011713646817952394,0.0011713646817952394,-0.0005250844405964017,0.0005250845570117235],[0.00023214593238662928,-0.00023214571410790086,-0.0009044203325174749,0.0009044205653481185,0.00043775595258921385,-0.0004377559234853834,0.0014664119808003306,-0.0014664122136309743,0.0025068933609873056,-0.0025068933609873056,0.0006203583325259387,-0.0006203583325259387,0.0025093017611652613,-0.0025093017611652613,0.0011993326479569077,-0.001199332531541586,0.0013175320345908403,-0.0013175320345908403,-0.0010490108979865909,0.0010490108979865909,0.0006833906518295407,-0.0006833907100372016,0.0012122519547119737,-0.0012122519547119737,0.0016318210400640965,-0.0016318209236487746,-0.0009744062554091215,0.0009744063136167824,0.0027220803312957287,-0.0017220794688910246,0.0008623384637758136,-0.0008623384637758136,0.0007663660799153149,-0.000766366021707654,0.00032705534249544144,-0.00032705545891076326,0.0005222948966547847,-0.0005222948966547847,0.0006125377840362489,-0.0006125377840362489,0.00036139917210675776,-0.0003613992012105882,-7.212001946754754e-06,7.21203105058521e-06,-0.0010371279204264283,0.0010371279204264283,0.0004881671047769487,-0.0004881671047769487,0.00028866593493148685,-0.00028866599313914776,0.00019826249626930803,-0.0001982625835807994,-0.0001555646158521995,0.00015556463040411472,0.0002800172078423202,-0.00028001723694615066],[-0.00023214616521727294,0.00023214571410790086,0.0009044204489327967,-0.0009044203907251358,-0.000437755836173892,0.0004377559234853834,-0.0014664119808003306,0.0014664122136309743,-0.0025068933609873056,0.0025068933609873056,-0.0006203582743182778,0.0006203582743182778,-0.0025093017611652613,0.0025093017611652613,-0.0011993326479569077,0.001199332531541586,-0.0013175320345908403,0.0013175320345908403,0.0010490111308172345,-0.0010490111308172345,-0.0006833906518295407,0.0006833907100372016,-0.0012122519547119737,0.0012122519547119737,-0.0016318210400640965,0.0016318208072334528,0.0009744063136167824,-0.0009744063718244433,-0.0017220794688910246,0.0027220796328037977,-0.0008623384637758136,0.0008623384637758136,-0.0007663660799153149,0.000766366021707654,-0.00032705534249544144,0.00032705545891076326,-0.0005222948966547847,0.0005222948966547847,-0.0006125377840362489,0.0006125377840362489,-0.00036139917210675776,0.0003613992012105882,7.212001946754754e-06,-7.21203105058521e-06,0.0010371279204264283,-0.0010371279204264283,-0.0004881671047769487,0.0004881671047769487,-0.00028866593493148685,0.00028866599313914776,-0.00019826249626930803,0.0001982625835807994,0.0001555646158521995,-0.00015556463040411472,-0.0002800172078423202,0.00028001723694615066],[0.003091510385274887,-0.0030915101524442434,0.00014655629638582468,-0.00014655629638582468,0.0013669170439243317,-0.0013669165782630444,0.002464877674356103,-0.0024648779071867466,0.0020427159033715725,-0.0020427159033715725,-0.0005039824754931033,0.0005039824754931033,0.0017534097423776984,-0.0017534097423776984,0.0027211790438741446,-0.0027211785782128572,0.002743360586464405,-0.002743360586464405,0.0006712554022669792,-0.0006712554022669792,-0.0013943964149802923,0.0013943968806415796,-0.00010547623969614506,0.00010547638521529734,0.0032423504162579775,-0.0032423504162579775,0.0016481823986396194,-0.0016481825150549412,0.0008623384637758136,-0.0008623384637758136,0.01281446497887373,-0.011814463883638382,5.728828546125442e-05,-5.728832184104249e-05,0.0012105177156627178,-0.0012105177156627178,0.003580366261303425,-0.003580366261303425,0.000351007969584316,-0.000351007969584316,0.002215779386460781,-0.002215779386460781,-0.0012959707528352737,0.0012959708692505956,0.00012071315723005682,-0.00012071328819729388,0.00041026194230653346,-0.00041026194230653346,0.001136834966018796,-0.001136834966018796,-0.00043137697502970695,0.00043137685861438513,-0.0009612031280994415,0.0009612030116841197,-0.0005455212667584419,0.0005455212667584419],[-0.0030915099196135998,0.0030915101524442434,-0.00014655658742412925,0.00014655658742412925,-0.0013669170439243317,0.0013669166946783662,-0.0024648779071867466,0.0024648779071867466,-0.0020427159033715725,0.0020427159033715725,0.0005039824754931033,-0.0005039824754931033,-0.0017534097423776984,0.0017534097423776984,-0.002721179276704788,0.002721178811043501,-0.002743360586464405,0.002743360586464405,-0.0006712554604746401,0.0006712554604746401,0.0013943961821496487,-0.0013943968806415796,0.0001054762105923146,-0.00010547635611146688,-0.0032423504162579775,0.003242350649088621,-0.0016481825150549412,0.0016481825150549412,-0.0008623384637758136,0.0008623384637758136,-0.011814463883638382,0.012814462184906006,-5.728824180550873e-05,5.728829273721203e-05,-0.0012105173664167523,0.0012105177156627178,-0.0035803653299808502,0.0035803653299808502,-0.000351007969584316,0.00035100799868814647,-0.0022157791536301374,0.002215779386460781,0.0012959711020812392,-0.001295971218496561,-0.00012071267701685429,0.00012071269156876951,-0.0004102619714103639,0.0004102619714103639,-0.0011368347331881523,0.001136834966018796,0.00043137744069099426,-0.00043137790635228157,0.0009612030698917806,-0.0009