{"epoch":0,"H":[[0.0064446693286299706,-0.001683889888226986,-0.003760779509320855,-0.005922271870076656,-0.0018905217293649912,0.007812794297933578,0.0012681646039709449,-0.006049314513802528,0.004781149793416262,0.0012354434002190828,0.0035538070369511843,-0.004789250902831554,-0.0014072817284613848,-0.009920414537191391,0.011327696032822132,0.0031599842477589846,0.00016938701446633786,-0.0033293715678155422,-0.000537291809450835,0.0007336493581533432,-0.00019635772332549095,0.002691866597160697,-0.0024108951911330223,-0.0002809707075357437,-0.0006141782505437732,-0.000648194458335638,0.0012623737566173077,0.0014822264201939106,-0.002828769851475954,0.0013465428492054343,-0.00447064358741045,-0.0031163617968559265,0.0075870053842663765,0.0024055654648691416,-0.0009443440358154476,-0.0014612206723541021,-0.00219292682595551,-0.002547743497416377,0.004740670323371887,0.00044589885510504246,-0.0016046250239014626,0.001158726285211742,0.00024320169177372009,-0.0017070844769477844,0.0014638828579336405,-0.0013643025886267424,-0.0009158658795058727,0.0022801682353019714,-9.233871242031455e-05,0.0014280271716415882,-0.0013356884010136127,0.0005250155809335411,-5.1952883950434625e-05,-0.0004730627406388521,0.0007991502061486244,0.00247779069468379,-0.0032769409008324146,-0.0012505322229117155,0.0007719243876636028,0.00047860786435194314,-0.0009944522753357887,-0.0011989912018179893,0.002193443477153778,0.001991253811866045,0.002182779600843787,-0.0041740331798791885,8.804214303381741e-05,-0.00166379997972399,0.0015757579822093248,0.00016947153198998421,0.0013907079119235277,-0.0015601794002577662,0.0013894193107262254,0.0009932341054081917,-0.0023826532997190952,-0.0010809455998241901,0.0009479348082095385,0.00013301082071848214,-0.00038690437213517725,-0.00011690973042277619,0.0005038140807300806,-0.0008639764273539186,-0.0004142823163419962,0.0012782587436959147],[-0.001683889888226986,0.03346225246787071,-0.03077836148440838,-0.00033388566225767136,0.004386032000184059,-0.004052145406603813,-0.006459736730903387,0.00468755466863513,0.0017721822950989008,0.0016070478595793247,-0.0010349630611017346,-0.000572084216400981,-0.0018882167059928179,0.00326083367690444,-0.0013726186007261276,0.0006777344387955964,0.0046537150628864765,-0.005331449210643768,-0.0008643333567306399,0.002085801213979721,-0.0012214680900797248,-0.0014358004555106163,0.008126234635710716,-0.0066904351115226746,0.0010183737613260746,0.008438589051365852,-0.009456963278353214,-0.00019799033179879189,0.002446757396683097,-0.0022487672977149487,0.0010293617378920317,0.0025193700566887856,-0.0035487317945808172,0.00030249677365645766,0.0008151413057930768,-0.0011176381958648562,-0.0028158165514469147,0.0021144344937056303,0.0007013818249106407,-4.997161158826202e-05,-0.004766917321830988,0.004816888831555843,-0.0036904262378811836,0.0004391996772028506,0.0032512268517166376,-0.00038370280526578426,-0.0005755650345236063,0.0009592677815817297,-0.0010816738940775394,-0.0012793883215636015,0.002361062215641141,-0.001418897183611989,0.0037422976456582546,-0.0023234006948769093,0.0002908429887611419,0.0029020023066550493,-0.0031928452663123608,-0.0008614955004304647,-0.001860373537056148,0.0027218686882406473,-0.0003856177208945155,0.0042956238612532616,-0.003910006023943424,-0.0002547837793827057,0.0020173550583422184,-0.0017625709297135472,0.0017785819945856929,0.0019970410503447056,-0.0037756236270070076,8.394120959565043e-05,0.0011399122886359692,-0.0012238534400239587,-0.0013843856286257505,0.0035710944794118404,-0.0021867086179554462,0.0014908481389284134,0.001988256350159645,-0.0034791044890880585,0.0023111840710043907,0.002363563049584627,-0.004674747120589018,0.0021346216090023518,0.0012675062753260136,-0.0034021283499896526],[-0.003760779509320855,-0.03077836148440838,0.035539139062166214,0.0062561617232859135,-0.0024955137632787228,-0.0037606481928378344,0.0051915706135332584,0.0013617590302601457,-0.006553329061716795,-0.002842491492629051,-0.002518843626603484,0.005361334420740604,0.003295497503131628,0.006659579463303089,-0.00995507650077343,-0.00383771862834692,-0.004823101684451103,0.008660820312798023,0.001401624409481883,-0.002819451503455639,0.0014178263954818249,-0.0012560656759887934,-0.005715339444577694,0.006971405819058418,-0.00040419609285891056,-0.007790395990014076,0.008194591850042343,-0.0012842364376410842,0.0003820122219622135,0.0009022240992635489,0.003441282082349062,0.0005969917983748019,-0.004038272891193628,-0.002708062529563904,0.00012920243898406625,0.002578859915956855,0.005008741747587919,0.00043330807238817215,-0.005442050285637379,-0.00039592909161001444,0.006371541880071163,-0.005975613370537758,0.0034472241532057524,0.001267884043045342,-0.004715108312666416,0.0017480053938925266,0.0014914306811988354,-0.003239436075091362,0.0011740131303668022,-0.00014863995602354407,-0.001025373232550919,0.0008938811370171607,-0.0036903442814946175,0.0027964632026851177,-0.001089993747882545,-0.005379792302846909,0.006469786167144775,0.0021120277233421803,0.0010884482180699706,-0.003200475824996829,0.001380070112645626,-0.003096632193773985,0.0017165616154670715,-0.0017364707309752703,-0.0042001353576779366,0.0059366063214838505,-0.0018666242249310017,-0.0003332404885441065,0.0021998651791363955,-0.0002534123486839235,-0.002530620899051428,0.0027840330731123686,-5.033740308135748e-06,-0.004564329050481319,0.004569362848997116,-0.0004099029174540192,-0.0029361918568611145,0.0033460946287959814,-0.001924279727973044,-0.002246654126793146,0.0041709342040121555,-0.0012706455308943987,-0.0008532240753993392,0.0021238697227090597],[-0.005922271870076656,-0.00033388566225767136,0.0062561617232859135,0.01414339616894722,0.0020940564572811127,-0.015237456187605858,-0.0011455195490270853,-0.0036613589618355036,0.004806878976523876,-0.0011436473578214645,-0.00757105415686965,0.008714701980352402,0.004231845028698444,-0.0032594751100987196,-0.0009723689872771502,-0.0016954508610069752,-0.001523095415905118,0.0032185460440814495,0.001294952817261219,-0.003594799665734172,0.0022998463828116655,0.0004202688578516245,-0.006035198457539082,0.005614930763840675,-8.64911125972867e-05,-0.001841840916313231,0.0019283327274024487,0.000258120009675622,-0.0002626538334880024,4.533845640253276e-06,0.0016038212925195694,-0.001365212956443429,-0.00023860856890678406,0.0027850819751620293,-0.0031010459642857313,0.0003159641637466848,0.0009895939147099853,-0.0006004584138281643,-0.00038913544267416,-0.0008401552913710475,-0.0017610760405659676,0.0026012309826910496,-6.944767665117979e-05,0.0009873781818896532,-0.0009179303888231516,0.0013216116931289434,0.000472965301014483,-0.0017945771105587482,-0.0012872423976659775,-0.001038519199937582,0.0023257615976035595,-0.0008795782923698425,-0.0015307845314964652,0.0024103629402816296,1.0518066119402647e-05,-0.000645712367258966,0.0006351943593472242,0.00018009962514042854,0.0009185481467284262,-0.0010986478300765157,0.0009763679699972272,-0.001359391724690795,0.00038302375469356775,-0.001646850141696632,-0.0025929962284862995,0.004239846486598253,0.00029778131283819675,0.002090767491608858,-0.002388548804447055,-0.0004916102043353021,-0.0003506595967337489,0.0008422697428613901,-0.000963732076343149,3.2975105568766594e-05,0.0009307570289820433,0.0007789111696183681,-0.0005598460556939244,-0.00021906511392444372,0.001060887472704053,0.0019504954107105732,-0.003011382883414626,0.00037556688766926527,0.001379778259433806,-0.0017553451471030712],[-0.0018905217293649912,0.004386032000184059,-0.0024955137632787228,0.0020940564572811127,0.03593049570918083,-0.03702455759048462,-0.004801212809979916,-0.005406979471445084,0.010208192281425,0.00044194445945322514,0.008662388660013676,-0.009104333817958832,0.005270401481539011,0.00358663615770638,-0.00885703694075346,-0.0006133562419563532,-0.0010860253823921084,0.0016993816243484616,-0.005080461036413908,0.006473975721746683,-0.0013935151509940624,-0.0032386244274675846,0.0027692820876836777,0.00046934233978390694,-0.003403768176212907,0.0033087637275457382,9.500514715909958e-05,0.0031973146833479404,-0.0032490722369402647,5.175678961677477e-05,-0.0027264633681625128,0.007013301365077496,-0.004286837764084339,-0.002197492402046919,-0.0035921393427997828,0.005789632443338633,0.0054580532014369965,0.00712785916402936,-0.012585912831127644,-0.0015780681278556585,0.0002124237216776237,0.0013656446244567633,-0.0007919868221506476,-0.002314366167411208,0.003106352873146534,0.0024072236847132444,0.00047000579070299864,-0.0028772293590009212,-0.00044617068488150835,-0.006089865230023861,0.0065360357984900475,0.0002588249044492841,-0.0017552603967487812,0.001496435608714819,0.00058990519028157,-6.108647357905284e-05,-0.0005288186948746443,0.00042778218630701303,-0.004492613486945629,0.004064831417053938,-0.0012350862380117178,-0.005389351397752762,0.006624437868595123,-0.0011848092544823885,-0.0029415281023830175,0.004126337356865406,-0.0008730582194402814,-0.0020651950035244226,0.002938253106549382,0.00048113567754626274,-0.005328924395143986,0.004847788717597723,0.00012402361608110368,-0.0012169817928224802,0.0010929582640528679,0.0027624238282442093,0.0009836808312684298,-0.0037461048923432827,0.0018993460107594728,-0.0005414944025687873,-0.0013578517828136683,-0.001909605460241437,-0.0013743472518399358,0.003283952595666051],[0.007812794297933578,-0.004052145406603813,-0.0037606481928378344,-0.015237456187605858,-0.03702455759048462,0.053262025117874146,0.005946731194853783,0.009068339131772518,-0.015015071257948875,0.0007017015595920384,-0.0010913331061601639,0.00038963137194514275,-0.009502246044576168,-0.00032715825363993645,0.009829404763877392,0.0023088064044713974,0.00260912231169641,-0.0049179294146597385,0.0037855072878301144,-0.0028791753575205803,-0.0009063323377631605,0.0028183539398014545,0.003265917766839266,-0.006084271240979433,0.003490258241072297,-0.0014669219963252544,-0.002023337408900261,-0.0034554353915154934,0.0035117275547236204,-5.6292657973244786e-05,0.0011226407950744033,-0.00564808864146471,0.004525447729974985,-0.0005875909118913114,0.006693185307085514,-0.0061055938713252544,-0.006447648163884878,-0.006527399178594351,0.012975047342479229,0.0024182230699807405,0.001548655447550118,-0.00396687863394618,0.0008614350226707757,0.001326989964582026,-0.0021884250454604626,-0.0037288370076566935,-0.0009429722558706999,0.004671809263527393,0.0017334144795313478,0.007128386292606592,-0.008861800655722618,0.0006207528058439493,0.003286045277491212,-0.003906798083335161,-0.0006004228489473462,0.0007067997357808053,-0.00010637682134984061,-0.0006078807637095451,0.003574067261070013,-0.0029661869630217552,0.00025871783145703375,0.0067487433552742004,-0.007007461041212082,0.002831660211086273,0.005534524098038673,-0.008366184309124947,0.0005752770230174065,-2.557277912274003e-05,-0.0005497043603099883,1.0474584996700287e-05,0.005679585505276918,-0.005690059624612331,0.0008397084893658757,0.0011840069200843573,-0.002023715293034911,-0.003541334765031934,-0.0004238345136400312,0.003965170122683048,-0.002960233250632882,-0.0014090012991800904,0.004369234666228294,0.0015340384561568499,-5.431007593870163e-06,-0.001528607215732336],[0.0012681646039709449,-0.006459736730903387,0.0051915706135332584,-0.0011455195490270853,-0.004801212809979916,0.005946731194853783,0.016122225672006607,0.004896923899650574,-0.02001914754509926,-0.0002406860003247857,-0.002204825635999441,0.0024455112870782614,-0.0023093733470886946,-0.0012891523074358702,0.003598525421693921,0.0022250935435295105,-0.00041879143100231886,-0.0018063017632812262,-0.0011997964465990663,-0.003929856698960066,0.005129653494805098,-0.0036170650273561478,-0.0033958014100790024,0.007012865971773863,0.003508650930598378,-0.007962934672832489,0.0044542839750647545,0.002331166760995984,-0.0006731643225066364,-0.0016580026131123304,0.0009640588541515172,-0.0019928805995732546,0.001028822036460042,-0.0016464984510093927,-0.0022648251615464687,0.0039113229140639305,-0.0008364113746210933,-0.006822082679718733,0.0076584951020777225,0.0008506292942911386,-0.00028158450732007623,-0.0005690446705557406,0.000915695505682379,0.0020059903617948294,-0.002921686042100191,-0.0007205374422483146,-0.0006444444879889488,0.0013649818720296025,-0.0001471200375817716,0.0008459517848677933,-0.0006988317472860217,0.0006299038068391383,-0.00156454520765692,0.0009346414590254426,0.00018005096353590488,0.00044254132080823183,-0.0006225922843441367,-0.000577721802983433,0.0010447704698890448,-0.00046704860869795084,0.0011028952430933714,-0.002956175012513995,0.0018532800022512674,-0.00012651777069550008,-0.00042988453060388565,0.000556402315851301,-0.00110207952093333,-0.0018089242512360215,0.0029110037721693516,-0.0003569236723706126,-0.0007614131318405271,0.0011183368042111397,0.0021448363550007343,-0.001829703920520842,-0.0003151325508952141,-0.0009229227434843779,8.121742575895041e-05,0.000841705477796495,-0.0009044089820235968,-0.0013844403438270092,0.0022888490930199623,-0.0005451861652545631,0.0006808427860960364,-0.00013565656263381243],[-0.006049314513802528,0.00468755466863513,0.0013617590302601457,-0.0036613589618355036,-0.005406979471445084,0.009068339131772518,0.004896923899650574,0.04245930165052414,-0.04635622352361679,0.0004851357080042362,0.002740574534982443,-0.0032257107086479664,-0.0016741463914513588,0.012877521105110645,-0.011203375644981861,-0.0019144595135003328,0.003180256113409996,-0.0012657964834943414,-0.0028037813026458025,0.0022090154234319925,0.0005947668105363846,-0.004392881412059069,0.002375974552705884,0.0020169061608612537,0.0040732785128057,0.004892098251730204,-0.008965376764535904,-0.00039929512422531843,0.005074134562164545,-0.004674839321523905,0.0034974769223481417,0.004383303690701723,-0.007880780845880508,-0.0023670506197959185,0.0012145483633503318,0.0011525022564455867,0.0008617461426183581,-0.001985623501241207,0.0011238777078688145,0.0030719812493771315,0.00033939495915547013,-0.0034113763831555843,0.0007824648637324572,0.007706356234848499,-0.008488821797072887,-0.001686872448772192,0.00048790930304676294,0.001198963145725429,-0.00015086677740328014,0.001586289145052433,-0.001435422571375966,-0.0011103778379037976,0.002215510467067361,-0.001105132745578885,-0.0006957302102819085,-0.0002647394430823624,0.0009604697697795928,-0.001129615935496986,0.0015830848133191466,-0.00045346945989876986,0.0016682054847478867,0.0026088543236255646,-0.004277059808373451,-0.0012522200122475624,-0.00020006387785542756,0.0014522838173434138,0.001415445003658533,0.002644899068400264,-0.004060343839228153,-0.0009216727921739221,-0.00044020439963787794,0.0013618770753964782,-6.071742973290384e-05,-0.0008008161094039679,0.0008615335682407022,0.0012677733320742846,-0.0001272192457690835,-0.0011405539698898792,-0.00042825040873140097,-0.0015840857522562146,0.0020123363938182592,0.0023848714772611856,0.001949154888279736,-0.0043340264819562435],[0.004781149793416262,0.0017721822950989008,-0.006553329061716795,0.004806878976523876,0.010208192281425,-0.015015071257948875,-0.02001914754509926,-0.04635622352361679,0.06737537682056427,-0.00024445028975605965,-0.0005357479676604271,0.0007801990141160786,0.00398351950570941,-0.01158837229013443,0.00760485278442502,-0.0003106325166299939,-0.0027614664286375046,0.003072097897529602,0.004003577865660191,0.0017208426725119352,-0.005724419839680195,0.00800994597375393,0.0010198254603892565,-0.009029771201312542,-0.007581929676234722,0.0030708364211022854,0.004511094652116299,-0.0019318708218634129,-0.004400970414280891,0.006332842167466879,-0.004461535718291998,-0.0023904230911284685,0.006851959973573685,0.004013549070805311,0.0010502765653654933,-0.005063824355602264,-2.533593215048313e-05,0.008807707577943802,-0.008782372809946537,-0.003922613337635994,-5.781172148999758e-05,0.00398042518645525,-0.0016981614753603935,-0.009712347760796547,0.01141050923615694,0.0024074099492281675,0.00015653623268008232,-0.0025639464147388935,0.00029798754258081317,-0.00243224180303514,0.002134254202246666,0.0004804741474799812,-0.0006509657832793891,0.00017049163579940796,0.00051567901391536,-0.00017780211055651307,-0.00033787672873586416,0.0017073367489501834,-0.0026278551667928696,0.0009205186506733298,-0.002771100029349327,0.00034732039785012603,0.0024237800389528275,0.0013787375064566731,0.0006299489759840071,-0.0020086863078176975,-0.000313366181217134,-0.000835974351502955,0.0011493404163047671,0.0012785966973751783,0.0012016176478937268,-0.002480214461684227,-0.002084119012579322,0.002630519215017557,-0.0005464006680995226,-0.00034485006472095847,4.600244574248791e-05,0.00029884791001677513,0.001332659856416285,0.002968525979667902,-0.004301185719668865,-0.0018396852537989616,-0.002629997907206416,0.004469683393836021],[0.0012354434002190828,0.0016070478595793247,-0.002842491492629051,-0.0011436473578214645,0.00044194445945322514,0.0007017015595920384,-0.0002406860003247857,0.0004851357080042362,-0.00024445028975605965,0.006978224031627178,0.009195146150887012,-0.015173368155956268,-0.002371853217482567,-0.0010082426015287638,0.0033800958190113306,0.0011951773194596171,0.0009910882217809558,-0.002186265541240573,0.0001248762127943337,0.0010465304367244244,-0.0011714065913110971,0.00026780314510688186,-0.0010889305267482996,0.0008211273234337568,-0.00022909633116796613,-0.008893633261322975,0.009122730232775211,-0.000856618455145508,8.395159966312349e-05,0.0007726667681708932,0.00038828744436614215,0.0019691097550094128,-0.0023573972284793854,-0.0012730471789836884,-0.0009367808816023171,0.002209827769547701,0.007268002722412348,0.002473789732903242,-0.009741791523993015,0.0009119316819123924,0.0013198449742048979,-0.0022317764814943075,0.0005282640340737998,0.005251877475529909,-0.005780141334980726,-0.0002523837029002607,-0.0004830872640013695,0.0007354709086939692,-0.0011585134780034423,0.0026207109913229942,-0.0014621976297348738,-0.00043884152546525,0.0012207258259877563,-0.0007818843005225062,0.000984844984486699,0.0002817015047185123,-0.0012665465474128723,-0.0016719033010303974,0.0029480967205017805,-0.0012761936523020267,0.0006653293967247009,0.0014962387504056096,-0.0021615682635456324,0.0012699698563665152,0.0004488483245950192,-0.0017188182100653648,0.001792598282918334,0.0014797837939113379,-0.003272382076829672,0.00010437323362566531,0.0025502468924969435,-0.0026546199806034565,-0.0005137184052728117,0.002083774423226714,-0.0015700559597462416,0.0001418994361301884,-0.00036571198143064976,0.00022381255985237658,-0.0013797474093735218,-0.0011948245810344815,0.002574572339653969,0.0011063150595873594,1.417618477717042e-05,-0.001120491186156869],[0.0035538070369511843,-0.0010349630611017346,-0.002518843626603484,-0.00757105415686965,0.008662388660013676,-0.0010913331061601639,-0.002204825635999441,0.002740574534982443,-0.0005357479676604271,0.009195146150887012,0.029587844386696815,-0.03778298944234848,-0.0022580777294933796,0.005904657766222954,-0.003646580036729574,0.0019442997872829437,-0.0008129184134304523,-0.0011313812574371696,-0.0076156361028552055,0.001084249117411673,0.006531388498842716,-0.000744415505323559,7.89762707427144e-05,0.0006654389435425401,-0.004284761846065521,-0.0022016868460923433,0.0064864507876336575,0.00019798055291175842,-0.0014833834720775485,0.00128540291916579,-0.0022622677497565746,0.00696458900347352,-0.004702321253716946,0.00012383336434140801,0.0012889294885098934,-0.0014127633767202497,0.010340857319533825,0.009013921022415161,-0.019354775547981262,-0.0007095119799487293,0.005263532977551222,-0.004554020240902901,0.0021845982410013676,0.003541473299264908,-0.005726071540266275,-0.0011156329419463873,-0.0008867844007909298,0.0020024171099066734,0.00014013923646416515,-0.0006300328532233834,0.000489893660414964,0.00037306605372577906,0.0007423094939440489,-0.0011153754312545061,0.001271342858672142,0.0007987590506672859,-0.0020701021421700716,-0.002336671343073249,-0.0011859498918056488,0.003522621002048254,0.00041194510413333774,6.210210267454386e-05,-0.0004740472650155425,0.0011911194305866957,0.0005692694103345275,-0.0017603887245059013,0.0001421248889528215,-0.001642829505726695,0.0015007045585662127,-6.866423063911498e-05,-0.0013267825124785304,0.001395446714013815,0.0007817192818038166,0.0005330163985490799,-0.0013147356221452355,0.001425106660462916,0.0010745407780632377,-0.0024996476713567972,-0.001908818376250565,-0.0035535981878638268,0.00546241644769907,-0.0006180867785587907,-0.0011297077871859074,0.0017477946821600199],[-0.004789250902831554,-0.000572084216400981,0.005361334420740604,0.008714701980352402,-0.009104333817958832,0.00038963137194514275,0.0024455112870782614,-0.0032257107086479664,0.0007801990141160786,-0.015173368155956268,-0.03778298944234848,0.05395636707544327,0.004629931878298521,-0.004896414000540972,0.000266482587903738,-0.0031394774559885263,-0.000178168760612607,0.003317645750939846,0.007490761578083038,-0.0021307780407369137,-0.005359984003007412,0.00047661131247878075,0.0010099539067596197,-0.0014865652192384005,0.004513857886195183,0.011095322668552399,-0.015609180554747581,0.000658637669403106,0.0013994313776493073,-0.0020580694545060396,0.0018739794613793492,-0.008933698758482933,0.00705972034484148,0.001149214105680585,-0.00035214872332289815,-0.0007970648584887385,-0.017608866095542908,-0.011487714946269989,0.0290965773165226,-0.00020242012396920472,-0.006583379115909338,0.006785800214856863,-0.0027128616347908974,-0.008793353103101254,0.011506214737892151,0.001368016586638987,0.0013698723632842302,-0.002737889066338539,0.0010183746926486492,-0.0019906782545149326,0.0009723036782816052,6.577557360287756e-05,-0.001963036134839058,0.0018972605466842651,-0.002256186679005623,-0.00108046003151685,0.003336647292599082,0.00400857487693429,-0.0017621468286961317,-0.0022464273497462273,-0.0010772745590656996,-0.0015583409694954753,0.002635615412145853,-0.002461089286953211,-0.0010181176476180553,0.003479206468909979,-0.001934722764417529,0.000163045508088544,0.0017716772854328156,-3.570881381165236e-05,-0.0012234647292643785,0.0012591733830049634,-0.0002680012839846313,-0.0026167905889451504,0.002884791698306799,-0.0015670062275603414,-0.0007088293205015361,0.0022758357226848602,0.0032885666005313396,0.0047484226524829865,-0.008036988787353039,-0.00048822781536728144,0.0011155314277857542,-0.0006273036124184728],[-0.0014072817284613848,-0.0018882167059928179,0.003295497503131628,0.004231845028698444,0.005270401481539011,-0.009502246044576168,-0.0023093733470886946,-0.0016741463914513588,0.00398351950570941,-0.002371853217482567,-0.0022580777294933796,0.004629931878298521,0.0005847986321896315,0.016235899180173874,-0.015820693224668503,-0.0014886537101119757,-0.0008833964238874614,0.002372050192207098,-0.0007652414496988058,-0.0007942849770188332,0.0015595267759636045,0.001099668676033616,0.001490213442593813,-0.0025898818857967854,0.004981098230928183,-0.0008866875432431698,-0.0040944111533463,-0.0006886986084282398,-0.000629635585937649,0.0013183343689888716,-0.001972068101167679,-0.0012081468012183905,0.003180215135216713,0.0010798698058351874,0.00027345033595338464,-0.0013533199671655893,0.002269814722239971,-0.0055505638010799885,0.003280749311670661,0.0025699150282889605,-0.0005458462983369827,-0.0020240687299519777,-0.0001633386709727347,0.0013525033136829734,-0.0011891645845025778,-0.0008196174167096615,-0.0011952309869229794,0.002014848403632641,-0.00027674424927681684,-0.0005508298054337502,0.000827574054710567,-6.708025466650724e-06,-0.0011524501023814082,0.0011591581860557199,2.407701686024666e-05,0.0010903533548116684,-0.0011144304880872369,0.0004280460125301033,-0.00031506241066381335,-0.00011298360186628997,0.000698641175404191,-0.0008727280655875802,0.00017408680287189782,-0.0015754017513245344,-0.0012955807615071535,0.002870982512831688,0.001107289339415729,0.0013557763304561377,-0.002463065553456545,-0.0008893779013305902,0.00019734777742996812,0.0006920301239006221,0.0004038138431496918,0.0009321921970695257,-0.0013360060984268785,-0.0006476358394138515,-0.0001239636621903628,0.0007715995889157057,0.0005671161925420165,0.0008542786235921085,-0.001421394757926464,0.0004906156100332737,0.00020632628002204,-0.0006969419773668051],[-0.009920414537191391,0.00326083367690444,0.006659579463303089,-0.0032594751100987196,0.00358663615770638,-0.00032715825363993645,-0.0012891523074358702,0.012877521105110645,-0.01158837229013443,-0.0010082426015287638,0.005904657766222954,-0.004896414000540972,0.016235899180173874,0.016129542142152786,-0.03136543929576874,-0.004056217614561319,0.0014762961072847247,0.0025799216236919165,-0.002282245084643364,0.001988478936254978,0.00029376643942669034,-0.00020043362746946514,0.006662958301603794,-0.0064625246450304985,0.003294716589152813,0.0012822081334888935,-0.004576925188302994,-0.003213715273886919,0.002597599755972624,0.0006161159835755825,-0.0004276488907635212,0.0030282100196927786,-0.002600561361759901,-0.002152298577129841,0.0028449837118387222,-0.0006926852511242032,0.004124016966670752,-0.00029444554820656776,-0.003829571884125471,0.00365581177175045,0.004917019512504339,-0.008572831749916077,0.0003583115467336029,0.004331775009632111,-0.004690086934715509,-0.001055016997270286,-0.0011929681058973074,0.0022479849867522717,0.00075458426726982,-0.0011415424523875117,0.00038695818511769176,2.876552753150463e-05,0.0009590431000106037,-0.0009878085693344474,-0.0006657483172602952,-0.0006257834029383957,0.0012915317201986909,0.0005037239752709866,-0.0010806906502693892,0.0005769667332060635,0.0007052897708490491,0.0023264014162123203,-0.003031691536307335,-0.00128987617790699,-0.0007943969685584307,0.002084272913634777,0.0014600781723856926,0.0019246628507971764,-0.003384741023182869,-0.0007311072549782693,-0.0009654569439589977,0.001696564257144928,-2.8266687877476215e-05,0.0005139574641361833,-0.0004856908053625375,0.0002953727380372584,-0.00035268819192424417,5.7315395679324865e-05,-0.0008643749170005322,-0.001505735912360251,0.0023701107129454613,0.0011620215373113751,-0.0004549616132862866,-0.0007070598076097667],[0.011327696032822132,-0.0013726186007261276,-0.00995507650077343,-0.0009723689872771502,-0.00885703694075346,0.009829404763877392,0.003598525421693921,-0.011203375644981861,0.00760485278442502,0.0033800958190113306,-0.003646580036729574,0.000266482587903738,-0.015820693224668503,-0.03136543929576874,0.048186130821704865,0.005544872023165226,-0.0005928991013206542,-0.0049519725143909454,0.003047487000003457,-0.0011941924458369613,-0.0018532946705818176,-0.0008992347284220159,-0.008153170347213745,0.009052406065165997,-0.008275814354419708,-0.0003955205902457237,0.008671335875988007,0.003902414347976446,-0.001967962831258774,-0.001934451749548316,0.0023997165262699127,-0.0018200641497969627,-0.0005796524928882718,0.001072429120540619,-0.0031184342224150896,0.002046004869043827,-0.006393831223249435,0.005845008417963982,0.0005488226306624711,-0.006225725170224905,-0.0043711732141673565,0.010596897453069687,-0.0001949731376953423,-0.005684277042746544,0.005879250355064869,0.0018746339483186603,0.0023882004898041487,-0.0042628338560462,-0.00047783966874703765,0.0016923723742365837,-0.0012145326472818851,-2.2057429305277765e-05,0.00019340735161677003,-0.00017134987865574658,0.0006416712421923876,-0.0004645701264962554,-0.00017710134852677584,-0.0009317705407738686,0.0013957530027255416,-0.00046398263657465577,-0.0014039308298379183,-0.0014536738162860274,0.002857604529708624,0.0028652779292315245,0.002089977730065584,-0.004955255426466465,-0.002567367162555456,-0.0032804387155920267,0.0058478061109781265,0.0016204852145165205,0.0007681090501137078,-0.002388594439253211,-0.0003755470388568938,-0.0014461493119597435,0.0018216964090242982,0.0003522631013765931,0.0004766520578414202,-0.0008289149263873696,0.00029725892818532884,0.0006514567066915333,-0.0009487157221883535,-0.0016526362160220742,0.00024863542057573795,0.001404000911861658],[0.0031599842477589846,0.0006777344387955964,-0.00383771862834692,-0.0016954508610069752,-0.0006133562419563532,0.0023088064044713974,0.0022250935435295105,-0.0019144595135003328,-0.0003106325166299939,0.0011951773194596171,0.0019442997872829437,-0.0031394774559885263,-0.0014886537101119757,-0.004056217614561319,0.005544872023165226,0.0008782789227552712,0.005979036912322044,-0.005857314448803663,-0.0005420220550149679,0.0003351624181959778,0.0002068598405458033,-0.0015133803244680166,-0.002948157023638487,0.0044615366496145725,-0.002885148162022233,-0.0029444927349686623,0.005829640664160252,0.0026134999934583902,-0.0005074918153695762,-0.0021060083527117968,-0.002001486485823989,-0.0011981343850493431,0.0031996211037039757,-0.00014536426169797778,-0.0010114077012985945,0.0011567719047889113,-0.001002937788143754,-0.0024344848934561014,0.0034374226815998554,0.0003576133167371154,-0.0010865982621908188,0.0007289851200766861,0.0008459011442027986,0.003678786801174283,-0.004524687770754099,0.00018808431923389435,-0.0011075031943619251,0.0009194189333356917,-0.0010193241760134697,0.0009872678201645613,3.205653774784878e-05,0.0009770570322871208,-0.0008242969634011388,-0.00015276001067832112,0.000419993040850386,-0.00031775908428244293,-0.00010223389836028218,-0.0010617590742185712,0.00013896696327719837,0.0009227920090779662,-5.7184290199074894e-05,-0.0004487312398850918,0.0005059154937043786,0.001267238985747099,0.00018455041572451591,-0.0014517891686409712,-0.0012206754181534052,-0.0018661136273294687,0.003086789045482874,-0.0003828904591500759,0.0010121468221768737,-0.0006292563630267978,0.002045263536274433,0.0011693232227116823,-0.003214586526155472,-0.000619157450273633,-0.00021414425282273442,0.000833301804959774,-0.0002601863525342196,4.501693183556199e-05,0.00021516939159482718,-0.0008108755573630333,0.00016373032121919096,0.0006471453234553337],[0.00016938701446633786,0.0046537150628864765,-0.004823101684451103,-0.001523095415905118,-0.0010860253823921084,0.00260912231169641,-0.00041879143100231886,0.003180256113409996,-0.0027614664286375046,0.0009910882217809558,-0.0008129184134304523,-0.000178168760612607,-0.0008833964238874614,0.0014762961072847247,-0.0005928991013206542,0.005979036912322044,0.012597830034792423,-0.01757686585187912,0.0002913739299401641,0.0022585769183933735,-0.0025499507319182158,-0.0002754681627266109,0.0006535674910992384,-0.00037809950299561024,0.0004385259817354381,0.001250906614586711,-0.0016894328873604536,-0.000564328976906836,0.001808432280085981,-0.0012441033031791449,0.00112617714330554,0.0018001151038333774,-0.0029262921307235956,-0.0009159473702311516,-0.0001725187321426347,0.0010884656803682446,0.0002857361105270684,0.0006515363929793239,-0.0009372725617140532,-0.0010831262916326523,-0.002663990017026663,0.003747116308659315,0.00028025259962305427,0.0036327773705124855,-0.003913030028343201,4.623242421075702e-05,0.00018040572467725724,-0.00022663816343992949,3.020402800757438e-05,-0.0013939596246927977,0.0013637555530294776,-0.0006651985459029675,0.0021262895315885544,-0.001461090985685587,-0.00019394297851249576,-0.0004976251511834562,0.0006915681879036129,-0.0002821954258251935,-0.0014134182129055262,0.0016956136096268892,-0.0006765001453459263,0.0027562612667679787,-0.0020797611214220524,-0.00015624420484527946,0.00011399128561606631,4.225288284942508e-05,-0.00017264248162973672,0.0003988214593846351,-0.0002261789923068136,-0.0002112836082233116,0.0005086723249405622,-0.0002973887894768268,-0.0003914365079253912,0.0006249893922358751,-0.00023355279699899256,0.0007843887433409691,-0.00042447407031431794,-0.00035991473123431206,0.0015134764835238457,0.0011815953766927123,-0.002695071743801236,0.0004403613565955311,0.000773423002101481,-0.0012137843295931816],[-0.0033293715678155422,-0.005331449210643768,0.008660820312798023,0.0032185460440814495,0.0016993816243484616,-0.0049179294146597385,-0.0018063017632812262,-0.0012657964834943414,0.003072097897529602,-0.002186265541240573,-0.0011313812574371696,0.003317645750939846,0.002372050192207098,0.0025799216236919165,-0.0049519725143909454,-0.005857314448803663,-0.01757686585187912,0.024434180930256844,0.0002506470773369074,-0.0025937389582395554,0.0023430921137332916,0.0017888473812490702,0.002294589299708605,-0.004083436913788319,0.0024466211907565594,0.0016935844905674458,-0.00414020661264658,-0.0020491713657975197,-0.0013009404065087438,0.0033501118887215853,0.0008753096335567534,-0.0006019804277457297,-0.00027332932222634554,0.001061311922967434,0.0011839271755889058,-0.0022452387493103743,0.000717202085070312,0.0017829485004767776,-0.0025001505855470896,0.0007255121599882841,0.0037505882792174816,-0.004476100206375122,-0.0011261522304266691,-0.007311563473194838,0.008437715470790863,-0.0002343162486795336,0.0009270973387174308,-0.0006927810609340668,0.000989119871519506,0.00040669168811291456,-0.0013958115596324205,-0.00031185802072286606,-0.001301993033848703,0.0016138509381562471,-0.00022604974219575524,0.0008153838571161032,-0.0005893341149203479,0.0013439542381092906,0.0012744513805955648,-0.0026184057351201773,0.0007336845155805349,-0.002307530725374818,0.001573846093378961,-0.0011109947226941586,-0.0002985421451739967,0.0014095364604145288,0.0013933180598542094,0.0014672920806333423,-0.0028606101404875517,0.0005941741983406246,-0.001520819030702114,0.0009266450069844723,-0.0016538264462724328,-0.0017943116836249828,0.00344813778065145,-0.00016523106023669243,0.000638618366792798,-0.0004733872483484447,-0.0012532896362245083,-0.001226611784659326,0.002479901537299156,0.00037051402614451945,-0.0009371535270474851,0.000566639588214457],[-0.000537291809450835,-0.0008643333567306399,0.001401624409481883,0.001294952817261219,-0.005080461036413908,0.0037855072878301144,-0.0011997964465990663,-0.0028037813026458025,0.004003577865660191,0.0001248762127943337,-0.0076156361028552055,0.007490761578083038,-0.0007652414496988058,-0.002282245084643364,0.003047487000003457,-0.0005420220550149679,0.0002913739299401641,0.0002506470773369074,0.0070848241448402405,-0.005531502887606621,-0.0005533227231353521,0.000875622674357146,-0.00012592622078955173,-0.0007496963371522725,0.00344327325001359,0.0035757909063249826,-0.007019065320491791,-0.0016455010045319796,-0.00010935554018942639,0.001754856901243329,0.00219732872210443,-0.0022305557504296303,3.322737757116556e-05,-0.002300601452589035,-0.0016845457721501589,0.00398514699190855,-0.00013469184341374785,0.0017624396132305264,-0.0016277481336146593,0.002889564260840416,-0.0023403288796544075,-0.0005492354976013303,0.001450259005650878,0.0036397483199834824,-0.005090007558465004,-0.0006173262954689562,-0.0006258909706957638,0.00124321726616472,0.0004764724289998412,0.0017662834143266082,-0.0022427556104958057,-0.0004822107730433345,0.0009662095690146089,-0.00048399894149042666,0.0007287794724106789,0.0004006178060080856,-0.001129397307522595,0.0007406531367450953,0.001143481582403183,-0.0018841344863176346,-0.00045318843331187963,0.0004199272079858929,3.32612544298172e-05,0.0003087825025431812,-0.000697497627697885,0.00038871506694704294,0.00048084298032335937,-0.0004982501268386841,1.7407117411494255e-05,0.00045851385220885277,0.00159080873709172,-0.0020493227057158947,-0.0011994830565527081,0.0014261321630328894,-0.00022664896096102893,-0.001339242560788989,-0.0012779647950083017,0.0026172075886279345,-7.844916399335489e-05,-0.00042373948963359,0.0005021886900067329,0.0005616620765067637,8.86374618858099e-05,-0.0006502994801849127],[0.0007336493581533432,0.002085801213979721,-0.002819451503455639,-0.003594799665734172,0.006473975721746683,-0.0028791753575205803,-0.003929856698960066,0.0022090154234319925,0.0017208426725119352,0.0010465304367244244,0.001084249117411673,-0.0021307780407369137,-0.0007942849770188332,0.001988478936254978,-0.0011941924458369613,0.0003351624181959778,0.0022585769183933735,-0.0025937389582395554,-0.005531502887606621,0.02410905621945858,-0.017577551305294037,-0.0016561327502131462,0.0015204002847895026,0.00013573304750025272,0.0015024194726720452,0.0070811677724123,-0.008583586663007736,0.00011397556954761967,-0.0002755902532953769,0.00016161480743903667,-0.0019705083686858416,0.0037810690701007843,-0.001810560584999621,-0.0005004594568163157,0.0006739683449268341,-0.0001735086989356205,0.002509756712242961,0.005832340568304062,-0.008342097513377666,0.0009569884859956801,0.0009781976696103811,-0.0019351858645677567,0.0015542714390903711,0.0007160637760534883,-0.0022703357972204685,6.088036752771586e-05,-0.0007162162219174206,0.0006553358398377895,0.0008269447134807706,-0.00101811857894063,0.00019117401097901165,1.7541751731187105e-05,-0.0005542406579479575,0.0005366990226320922,0.00014758208999410272,-0.00038742422475479543,0.00023984198924154043,-0.0005973227089270949,-0.0008688517846167088,0.0014661743771284819,-0.00013642499106936157,-0.00045892142225056887,0.0005953465006314218,0.00017468148143962026,-0.00121639808639884,0.0010417165467515588,-0.0001287516497541219,-0.001578971859999001,0.0017077235970646143,0.0005215093842707574,-0.0015234295278787613,0.001001920085400343,-0.00025386965717189014,-0.0011457155924290419,0.0013995852787047625,0.0004130072193220258,-0.0008172543020918965,0.00040424702456220984,-0.00020117608073633164,-0.0011925717117264867,0.0013937479816377163,-0.0006319647072814405,-0.00023464913829229772,0.0008666138164699078],[-0.00019635772332549095,-0.0012214680900797248,0.0014178263954818249,0.0022998463828116655,-0.0013935151509940624,-0.0009063323377631605,0.005129653494805098,0.0005947668105363846,-0.005724419839680195,-0.0011714065913110971,0.006531388498842716,-0.005359984003007412,0.0015595267759636045,0.00029376643942669034,-0.0018532946705818176,0.0002068598405458033,-0.0025499507319182158,0.0023430921137332916,-0.0005533227231353521,-0.017577551305294037,0.019130878150463104,0.0007805096684023738,-0.00139447464607656,0.0006139650940895081,-0.004945695400238037,-0.010656959377229214,0.015602655708789825,0.001531525980681181,0.0003849465574603528,-0.0019164725672453642,-0.0002268202370032668,-0.001550511922687292,0.0017773326253518462,0.002801061375066638,0.0010105781257152557,-0.0038116395007818937,-0.0023750653490424156,-0.007594780530780554,0.009969845414161682,-0.0038465552497655153,0.0013621313264593482,0.0024844245053827763,-0.0030045313760638237,-0.004355814307928085,0.007360346615314484,0.000556446029804647,0.0013421077746897936,-0.0018985536880791187,-0.0013034173753112555,-0.0007481647189706564,0.002051582094281912,0.00046466896310448647,-0.0004119696095585823,-5.269926623441279e-05,-0.0008763613877817988,-1.319398870691657e-05,0.0008895554929040372,-0.00014333080616779625,-0.0002746309619396925,0.0004179617972113192,0.0005896140937693417,3.8994403439573944e-05,-0.00062860845355317,-0.00048346363473683596,0.0019138959469273686,-0.0014304323121905327,-0.00035209173802286386,0.002077222103253007,-0.001725130481645465,-0.0009800230618566275,-6.737944204360247e-05,0.0010474026203155518,0.0014533528592437506,-0.00028041598852723837,-0.001172936987131834,0.0009262356325052679,0.0020952194463461637,-0.003021454904228449,0.0002796254411805421,0.0016163118416443467,-0.0018959372537210584,7.030276174191386e-05,0.00014601081784348935,-0.0002163135795854032],[0.002691866597160697,-0.0014358004555106163,-0.0012560656759887934,0.0004202688578516245,-0.0032386244274675846,0.0028183539398014545,-0.0036170650273561478,-0.004392881412059069,0.00800994597375393,0.00026780314510688186,-0.000744415505323559,0.00047661131247878075,0.001099668676033616,-0.00020043362746946514,-0.0008992347284220159,-0.0015133803244680166,-0.0002754681627266109,0.0017888473812490702,0.000875622674357146,-0.0016561327502131462,0.0007805096684023738,-0.00022428232477977872,0.00931931659579277,-0.008095033466815948,-0.0005695903091691434,0.0006041415617801249,-3.4551616408862174e-05,-0.0009689170401543379,9.324209531769156e-05,0.0008756751194596291,0.000933710252866149,0.0017482694238424301,-0.002681979676708579,0.0012588571989908814,0.0005454452475532889,-0.00180430244654417