{"epoch":0,"H":[[0.012467990629374981,0.0048172553069889545,-0.0162852443754673,-0.003738085273653269,-0.008960584178566933,0.012698670849204063,0.003276105970144272,0.000914412725251168,-0.004190518986433744,-0.0007180850952863693,-0.0016046380624175072,0.002322723623365164,-0.00115204940084368,-0.00499040586873889,0.006142455153167248,0.002969126682728529,0.0009924187324941158,-0.003961545415222645,0.0012920417357236147,-0.0012037628330290318,-8.827878627926111e-05,0.0006823022849857807,-0.002718134317547083,0.002035832032561302,-0.0021619072649627924,-0.005745973438024521,0.007907881401479244,0.00254127592779696,0.0016235378570854664,-0.00416481401771307,0.0007079374045133591,-0.00225178268738091,0.0015438450500369072,-0.0006295398343354464,-0.0037288470193743706,0.004358387086540461,-0.00048790889559313655,-0.0027251550927758217,0.003213063580915332,-0.0031572598963975906,-0.005263722501695156,0.008420982398092747,0.0013613216578960419,0.002562679350376129,-0.003924001008272171,-0.0012158331228420138,0.0008540504495613277,0.00036178273148834705,-0.0005654368433170021,0.000531640718691051,3.379629924893379e-05,0.00177078228443861,-5.4129865020513535e-05,-0.0017166524194180965,0.0005914494977332652,0.0015057092532515526,-0.0020971589256078005,0.00033698842162266374,0.0012297299690544605,-0.0015667184488847852,0.0009580497862771153,-0.0010985570261254907,0.00014050723984837532,0.00043057039147242904,-0.00042955297976732254,-1.0173534974455833e-06,-0.0004198711540084332,-0.0007989712757989764,0.0012188423424959183,-0.002149889711290598,0.0003233916067983955,0.0018264976097270846,0.0004031497228424996,-0.0008792573353275657,0.0004761075833812356,-0.0009420162532478571,-0.0008582314476370811,0.00180024781730026,-0.0008064304711297154,0.0011415306944400072,-0.0003351002524141222,0.0008638172876089811,-0.0028604944236576557,0.0019966771360486746],[0.0048172553069889545,0.013858085498213768,-0.017675340175628662,-0.006055080331861973,0.004377120174467564,0.0016779603902250528,-0.003939779009670019,0.0073188734240829945,-0.0033790937159210443,0.0003025445621460676,-0.005062704440206289,0.004760160110890865,0.004256497137248516,0.004936874844133854,-0.00919337198138237,-0.003351250197738409,0.005728653632104397,-0.0023774029687047005,0.00042861822294071317,-0.0024455490056425333,0.0020169313065707684,0.005745281931012869,0.0007156269857659936,-0.006460908800363541,0.006953204516321421,0.005323286633938551,-0.012276492081582546,0.0020299574825912714,0.00766746373847127,-0.00969742052257061,-0.0022326314356178045,-0.0035279346629977226,0.005760566331446171,-0.0008160955621860921,0.0042046355083584785,-0.003388540353626013,0.0019277161918580532,0.0024923281744122505,-0.004420044366270304,0.0051598697900772095,-0.005191579461097717,3.170932177454233e-05,-0.0010608083102852106,-0.004158129915595055,0.005218938458710909,0.0023992417845875025,0.003959232475608587,-0.006358474027365446,0.00020048144506290555,-0.0034731533378362656,0.0032726717181503773,0.0005066415178589523,0.0004282344598323107,-0.0009348758030682802,0.00019645481370389462,-0.003989613149315119,0.0037931581027805805,0.00023283151676878333,-5.288748070597649e-06,-0.00022754276869818568,6.811856292188168e-05,0.00152389716822654,-0.0015920157311484218,0.0005163017194718122,-0.0005369869759306312,2.068537287414074e-05,-0.000690046523232013,-0.0007505081593990326,0.0014405547408387065,-0.0004272537480574101,0.0006114676361903548,-0.00018421374261379242,-0.0018855833914130926,-0.0008397244964726269,0.0027253078296780586,0.0012053989339619875,0.0009530911920592189,-0.002158490242436528,0.0015027556801214814,0.00022694177459925413,-0.0017296976875513792,0.0008886510040611029,-0.003352581989020109,0.0024639309849590063],[-0.0162852443754673,-0.017675340175628662,0.03496057540178299,0.00979316420853138,0.004583463538438082,-0.014376629143953323,0.0006636728066951036,-0.008233286440372467,0.00756961340084672,0.0004155435599386692,0.006667342968285084,-0.007082886528223753,-0.0031044455245137215,5.353137385100126e-05,0.003050913568586111,0.0003821214195340872,-0.006721068173646927,0.006338946986943483,-0.0017206590855494142,0.0036493120715022087,-0.0019286532187834382,-0.00642758421599865,0.0020025083795189857,0.004425074905157089,-0.00479129608720541,0.0004226891906000674,0.004368607420474291,-0.004571232013404369,-0.00929100252687931,0.013862233608961105,0.0015246962429955602,0.005779717583209276,-0.0073044137097895145,0.0014456369681283832,-0.0004757881397381425,-0.000969849294051528,-0.0014398068888112903,0.00023282691836357117,0.001206979970447719,-0.0020026087295264006,0.01045529916882515,-0.008452690206468105,-0.0003005140461027622,0.0015954503323882818,-0.0012949362862855196,-0.001183409709483385,-0.004813280887901783,0.005996691063046455,0.00036495609674602747,0.0029415138997137547,-0.0033064698800444603,-0.0022774243261665106,-0.00037410343065857887,0.002651527291163802,-0.0007879037293605506,0.002483903896063566,-0.0016960003413259983,-0.0005698197055608034,-0.0012244415702298284,0.0017942613922059536,-0.0010261679999530315,-0.00042534107342362404,0.0014515093062072992,-0.0009468728676438332,0.0009665406541898847,-1.9667932065203786e-05,0.0011099178809672594,0.0015494802501052618,-0.002659398131072521,0.0025771427899599075,-0.0009348586318083107,-0.0016422836342826486,0.0014824352692812681,0.0017189790960401297,-0.0032014145981520414,-0.00026338209863752127,-9.48591623455286e-05,0.0003582412318792194,-0.0006963248015381396,-0.001368471421301365,0.0020647963974624872,-0.0017524686409160495,0.006213076878339052,-0.004460608586668968],[-0.003738085273653269,-0.006055080331861973,0.00979316420853138,0.008577965199947357,-0.008053518831729889,0.0004755547270178795,-0.0014531954657286406,8.117640390992165e-07,0.0014523845165967941,0.0014010400045663118,-0.0034752970095723867,0.0020742565393447876,0.0008194913389161229,-0.0022352656815201044,0.001415775390341878,-0.0007481361390091479,-0.0007915679016150534,0.0015397039242088795,0.001295387395657599,-0.0024160752072930336,0.001120688277296722,-3.5787117667496204e-05,-0.002211363520473242,0.002247150521725416,0.0007916503236629069,-0.000644973071757704,-0.00014667700452264398,-0.0007067861151881516,-0.0003835547249764204,0.001090340781956911,0.0010198100935667753,0.0002427921281196177,-0.0012626021634787321,-0.0008072506170719862,-0.0007951384177431464,0.0016023890348151326,-0.00036836188519373536,-0.0004981503589078784,0.0008665121276862919,0.0011737438617274165,0.0010323352180421352,-0.00220607896335423,-0.0006851997459307313,-0.0007180067477747798,0.0014032063772901893,0.001295507769100368,-0.0001354333944618702,-0.0011600746074691415,0.000560593034606427,-0.001357749104499817,0.0007971561281010509,-0.0022291524801403284,-0.0009035256807692349,0.0031326781027019024,-0.0004805975186172873,-0.0006178553448989987,0.0010984528344124556,0.0003078638983424753,-0.0012584766373038292,0.0009506127098575234,-0.00041258419514633715,0.002287910785526037,-0.0018753267358988523,-0.0009771469049155712,0.0001268866762984544,0.0008502600248903036,9.491483797319233e-05,0.001136751496233046,-0.001231666305102408,0.0003973733983002603,-0.0005605992046184838,0.0001632259227335453,-0.0004248078039381653,0.0009352314518764615,-0.0005104235606268048,0.001191683579236269,0.0010164103005081415,-0.002208094112575054,0.0008424266707152128,-0.00015553362027276307,-0.0006868931232020259,0.0005841273232363164,-0.00037154299207031727,-0.0002125841856468469],[-0.008960584178566933,0.004377120174467564,0.004583463538438082,-0.008053518831729889,0.014608180150389671,-0.005554656498134136,-0.0021580224856734276,0.004631430841982365,-0.002473409054800868,0.001956329448148608,-0.00022333563538268209,-0.0017329939873889089,0.00019742231233976781,0.01124708540737629,-0.011444508098065853,0.0013956755865365267,0.0004960668738931417,-0.001891742111183703,0.0010924432426691055,0.005626236088573933,-0.006718678865581751,-0.005321846809238195,0.007207348942756653,-0.0018855031812563539,0.004513614345341921,0.004735153634101152,-0.009248768910765648,0.0008511560736224055,-0.003283870406448841,0.00243271398358047,0.0006230268627405167,0.0037967057432979345,-0.004419732838869095,0.004190094769001007,0.012789401225745678,-0.01697949506342411,0.003452586242929101,0.0016510759014636278,-0.0051036616787314415,-0.0003895673144143075,0.003726599272340536,-0.0033370316959917545,0.003421919187530875,0.0026615140959620476,-0.0060834335163235664,-0.0034489361569285393,0.0002960262936539948,0.0031529096886515617,-0.00012003281153738499,0.0013768939534202218,-0.0012568611418828368,-0.002479325281456113,0.006655345670878887,-0.004176020622253418,0.0005293875001370907,0.0046979873441159725,-0.005227374844253063,-0.0014760761987417936,-0.002590663731098175,0.004066740162670612,0.00045050031621940434,0.0020290976390242577,-0.002479598158970475,0.0010266546159982681,-0.0001242370344698429,-0.0009024174069054425,0.0011913240887224674,0.004993862472474575,-0.00618518702685833,-0.002116217277944088,0.00021864673180971295,0.0018975704442709684,-0.0013589594746008515,0.0005402890383265913,0.000818670610897243,0.0005891342298127711,-5.147740012034774e-06,-0.0005839866935275495,0.0002661374746821821,0.0025967941619455814,-0.0028629316948354244,0.0009205890819430351,0.00011700837058015168,-0.0010375974234193563],[0.012698670849204063,0.0016779603902250528,-0.014376629143953323,0.0004755547270178795,-0.005554656498134136,0.006079098675400019,0.003611216554418206,-0.004632243886590004,0.0010210276814177632,-0.0033573699183762074,0.0036986353807151318,-0.00034126569516956806,-0.0010169127490371466,-0.009011817164719105,0.01002872921526432,-0.0006475412519648671,0.00029550210456363857,0.00035203900188207626,-0.00238783098757267,-0.003210159484297037,0.005597990471869707,0.0053576333448290825,-0.0049959830939769745,-0.0003616488538682461,-0.0053052641451358795,-0.004090178292244673,0.009395441971719265,-0.0001443707151338458,0.003667425364255905,-0.003523054765537381,-0.001642836956307292,-0.00403949711471796,0.005682333838194609,-0.00338284601457417,-0.011994262225925922,0.015377108007669449,-0.0030842251144349575,-0.0011529248440638185,0.004237149842083454,-0.0007841773331165314,-0.0047589316964149475,0.005543108563870192,-0.0027367183938622475,-0.0019435089780017734,0.004680227022618055,0.0021534280385822058,-0.0001605931465746835,-0.0019928347319364548,-0.00044055975740775466,-1.9145081751048565e-05,0.00045970501378178596,0.004708479158580303,-0.005751820281147957,0.0010433418210595846,-4.878856998402625e-05,-0.004080131184309721,0.004128919914364815,0.0011682120384648442,0.003849141299724579,-0.005017353221774101,-3.791635390371084e-05,-0.004317008424550295,0.0043549248948693275,-4.950800212100148e-05,-2.64967093244195e-06,5.215767305344343e-05,-0.001286239130422473,-0.006130616180598736,0.007416855078190565,0.0017188438214361668,0.0003419534768909216,-0.0020607972983270884,0.0017837673658505082,-0.0014755192678421736,-0.000308247865177691,-0.001780819264240563,-0.00101126276422292,0.002792082028463483,-0.0011085638543590903,-0.002441260265186429,0.003549824235960841,-0.001504717511124909,0.0002545360184740275,0.0012501813471317291],[0.003276105970144272,-0.003939779009670019,0.0006636728066951036,-0.0014531954657286406,-0.0021580224856734276,0.003611216554418206,0.013811986893415451,-0.011079436168074608,-0.001732550677843392,0.0010816126596182585,-0.0002832212776411325,-0.0007983912364579737,-0.0012795834336429834,-0.0034265099093317986,0.004706092644482851,0.0010724191088229418,-0.0009734764462336898,-9.894286631606519e-05,-0.0012704376131296158,-0.00012205473467474803,0.0013924922095611691,0.00011361713404767215,-0.0005446275463327765,0.00043101044138893485,-0.0028517059981822968,-0.004217996262013912,0.007069702725857496,0.0005024646525271237,0.0011514659272506833,-0.001653930521570146,-0.0002941678976640105,0.0012865075841546059,-0.0009923398029059172,-0.0006330551113933325,-0.0012420996790751815,0.0018751549068838358,-0.0008928043534979224,-0.003076623659580946,0.00396942812949419,-0.0018666709074750543,0.0011023130500689149,0.0007643576827831566,0.000838636711705476,0.001975870691239834,-0.0028145071119070053,-0.0007440387271344662,-0.0006349001196213067,0.0013789390213787556,-0.002190490486100316,0.0027506989426910877,-0.0005602083401754498,-1.3987300917506218e-07,0.0011510682525113225,-0.0011509285541251302,0.0013012968702241778,0.002737866248935461,-0.004039163235574961,-0.001186762354336679,-0.00032797714811749756,0.001514739589765668,0.0017369776032865047,-0.001095751067623496,-0.0006412262446247041,0.00023825891548767686,0.0009134692372754216,-0.0011517279781401157,0.00010114478936884552,0.000822950794827193,-0.0009240956278517842,-0.0006813937216065824,-0.00012688501738011837,0.000808278622571379,-0.00020717195002362132,-0.0003222392697352916,0.0005294113070704043,0.00032152095809578896,0.0005108363693580031,-0.0008323573274537921,-0.0006562134367413819,0.00032014536554925144,0.0003360681585036218,-0.00012163743667770177,-0.0005745692178606987,0.0006962065817788243],[0.000914412725251168,0.0073188734240829945,-0.008233286440372467,8.117640390992165e-07,0.004631430841982365,-0.004632243886590004,-0.011079436168074608,0.009887033142149448,0.0021924045868217945,0.0003280258970335126,0.0005225909990258515,-0.0008506166050210595,0.0005689419340342283,-0.0010414065327495337,0.00047246459871530533,-0.001711911871097982,0.0010621458059176803,0.0006497660069726408,-0.0011098755057901144,-0.0008630434749647975,0.00197291886433959,0.0021117161959409714,0.0010668629547581077,-0.0031785794999450445,-0.0007032593712210655,0.0008088259492069483,-0.0001055663451552391,0.00139550119638443,0.002524294424802065,-0.003919795621186495,-0.00283473776653409,-0.0004172376648057252,0.003251975169405341,0.0004424146900419146,0.002536719897761941,-0.0029791344422847033,-0.0019759235437959433,-0.00037381044239737093,0.0023497343063354492,-0.00016104552196338773,0.0012938419822603464,-0.0011327965185046196,-0.0009708724683150649,-0.004399774596095085,0.005370646715164185,0.0008456778014078736,0.0026082824915647507,-0.0034539601765573025,-0.0010127824498340487,-0.0007899781339801848,0.0018027607584372163,0.0020560408011078835,-0.001090052304789424,-0.000965988147072494,-5.334694287739694e-05,-0.001282131182961166,0.0013354781549423933,-4.080606595380232e-05,-0.00025726191233843565,0.0002980679564643651,0.0005388199933804572,-0.000961307086981833,0.00042248715180903673,0.0005502840504050255,0.00033781520323827863,-0.0008880992536433041,-0.0003334694483783096,-0.002964172512292862,0.00329764187335968,0.0005934096989221871,-0.0015740665839985013,0.000980657059699297,-0.002493457170203328,0.001655764994211495,0.0008376922341994941,0.001735279569402337,0.001749770948663354,-0.0034850507508963346,1.5320489183068275e-05,0.00022366037592291832,-0.0002389808651059866,-0.000833125552162528,0.0011013239854946733,-0.00026819849153980613],[-0.004190518986433744,-0.0033790937159210443,0.00756961340084672,0.0014523845165967941,-0.002473409054800868,0.0010210276814177632,-0.001732550677843392,0.0021924045868217945,0.0005401477683335543,-0.0014096375089138746,-0.00023936759680509567,0.001649005338549614,0.0007106423727236688,0.0044679176062345505,-0.005178559571504593,0.0006394939264282584,-8.866912685334682e-05,-0.0005508247413672507,0.0023803114891052246,0.0009850990027189255,-0.003365409793332219,-0.0022253331262618303,-0.0005222343606874347,0.002747567370533943,0.003554966300725937,0.003409171476960182,-0.006964138243347406,-0.00189796497579664,-0.0036757616326212883,0.00557372672483325,0.003128905314952135,-0.0008692714036442339,-0.0022596337366849184,0.00019064020307268947,-0.001294620567932725,0.0011039802338927984,0.0028687268495559692,0.0034504346549510956,-0.006319161504507065,0.0020277162548154593,-0.002396154683083296,0.00036843871930614114,0.0001322339230682701,0.0024239043705165386,-0.0025561382062733173,-0.00010163873230339959,-0.0019733828958123922,0.002075021620839834,0.0032032718881964684,-0.001960720168426633,-0.0012425521854311228,-0.002055899938568473,-6.101757753640413e-05,0.0021169171668589115,-0.0012479496654123068,-0.0014557356480509043,0.002703685313463211,0.0012275682529434562,0.0005852391477674246,-0.0018128075171262026,-0.0022757977712899446,0.002057058736681938,0.00021873859805054963,-0.0007885430823080242,-0.0012512838002294302,0.0020398269407451153,0.0002323244552826509,0.0021412214264273643,-0.0023735458962619305,8.79843719303608e-05,0.0017009510193020105,-0.0017889355076476932,0.002700628712773323,-0.0013335258699953556,-0.0013671033084392548,-0.002056800527498126,-0.002260606735944748,0.00431740703061223,0.0006408934714272618,-0.0005438057123683393,-9.708781726658344e-05,0.0009547629742883146,-0.0005267536616884172,-0.00042800919618457556],[-0.0007180850952863693,0.0003025445621460676,0.0004155435599386692,0.0014010400045663118,0.001956329448148608,-0.0033573699183762074,0.0010816126596182585,0.0003280258970335126,-0.0014096375089138746,0.002288198797032237,0.0006810471531935036,-0.0019692452624440193,0.0006623978260904551,-6.343121640384197e-06,-0.0006560547626577318,-0.0013678324175998569,-0.0006169007974676788,0.0019847331568598747,-0.0002651619724929333,-0.0016980303917080164,0.0019631923642009497,0.00043914871639572084,-0.0003921497846022248,-4.699861165136099e-05,0.002079160651192069,-0.002364418003708124,0.00028525659581646323,-0.0011063504498451948,-0.0005007263389416039,0.0016070767305791378,0.001115488470532,-0.0022163635585457087,0.0011008752044290304,0.00018489820649847388,0.00016984448302537203,-0.00035474266042001545,0.0007002664497122169,-0.0055450513027608395,0.004844785667955875,7.32715125195682e-05,-0.0008116598473861814,0.0007383882766589522,0.0004197692614980042,-0.0030748469289392233,0.00265507772564888,0.0007099780486896634,0.001455552177503705,-0.0021655301097780466,0.0004777034046128392,-0.001505498425103724,0.001027794904075563,-0.0007606516592204571,-0.0007097837515175343,0.0014704354107379913,0.00032221124274656177,-0.0021130682434886694,0.0017908571753650904,0.0007102604722604156,0.0009390200721099973,-0.0016492805443704128,-0.0009835987584665418,-0.0003792012284975499,0.0013628000160679221,-0.0008116383105516434,-0.0016988817369565368,0.002510520163923502,0.000778864836320281,-0.0011220662854611874,0.00034320144914090633,0.00039792474126443267,-8.318712934851646e-05,-0.0003147376119159162,0.0010034306906163692,-0.0002466929145157337,-0.0007567380089312792,0.0003941416507586837,-0.0008104556472972035,0.0004163139674346894,0.001016442314721644,0.00025081177591346204,-0.0012672541197389364,-0.0012864114250987768,-0.0011738609755411744,0.0024602722842246294],[-0.0016046380624175072,-0.005062704440206289,0.006667342968285084,-0.0034752970095723867,-0.00022333563538268209,0.0036986353807151318,-0.0002832212776411325,0.0005225909990258515,-0.00023936759680509567,0.0006810471531935036,0.00211649714037776,-0.001797542441636324,-9.731584577821195e-05,0.002052230993285775,-0.001954915001988411,-0.00043477260624058545,-0.0015471440274268389,0.001981916604563594,-0.002654280746355653,-0.0020056739449501038,0.004659953527152538,0.001047312282025814,0.004850379191339016,-0.005897691939026117,-0.0011962761636823416,0.0032126992009580135,-0.0020164232701063156,-0.001053533866070211,-0.00021607747476082295,0.0012696112971752882,0.0004763967008329928,0.0005725539522245526,-0.0010489507112652063,-0.0012254894245415926,0.003095346037298441,-0.0018698567291721702,0.0006754208588972688,0.007062860764563084,-0.007738281507045031,0.0002551005163695663,0.003220528597012162,-0.003475629258900881,0.0015128678642213345,-0.002012064913287759,0.0004991969326511025,-0.002402855549007654,0.00231283251196146,9.002280421555042e-05,-0.0001398031454300508,0.003376477397978306,-0.00323667423799634,0.0007571989553980529,0.0017323684878647327,-0.002489567268639803,0.00023882303503341973,0.0005293063586577773,-0.0007681293645873666,0.0007037232862785459,-0.00025203137192875147,-0.00045169208897277713,8.936096128309146e-05,0.0023101014085114002,-0.0023994625080376863,-0.000335341552272439,-0.0004803683259524405,0.0008157098782248795,0.0003406637697480619,0.0001400826731696725,-0.0004807465011253953,0.0006650742725469172,0.0004770664090756327,-0.0011421407107263803,-0.0018972043180838227,0.0007371031097136438,0.0011601012665778399,0.0006817544344812632,-0.0005672028055414557,-0.00011455162893980742,0.0007970206206664443,0.00031653366750106215,-0.0011135544627904892,-0.0005886268918402493,-5.461025284603238e-05,0.0006432370282709599],[0.002322723623365164,0.004760160110890865,-0.007082886528223753,0.0020742565393447876,-0.0017329939873889089,-0.00034126569516956806,-0.0007983912364579737,-0.0008506166050210595,0.001649005338549614,-0.0019692452624440193,-0.001797542441636324,0.0047667864710092545,-0.0005650823004543781,-0.002045887755230069,0.0026109698228538036,0.0018026047619059682,0.0021640448831021786,-0.003966649994254112,0.0029194424860179424,0.0037037052679806948,-0.006623147055506706,-0.0014864606782793999,-0.004458228591829538,0.005944689270108938,-0.0008828856516629457,-0.0008482804987579584,0.0017311659175902605,0.0021598844323307276,0.0007168051088228822,-0.0028766891919076443,-0.0015918848803266883,0.0016438094899058342,-5.1924638682976365e-05,0.001040592323988676,-0.0032651901710778475,0.0022245976142585278,-0.0013756875414401293,-0.0015178101602941751,0.002893497934564948,-0.00032837153412401676,-0.0024088674690574408,0.002737239236012101,-0.001932637533172965,0.005086911376565695,-0.003154273610562086,0.001692877965979278,-0.003768383525311947,0.0020755059085786343,-0.0003379007102921605,-0.0018709793221205473,0.0022088801488280296,3.452703822404146e-06,-0.0010225867154076695,0.0010191338369622827,-0.000561034248676151,0.0015837616520002484,-0.0010227272287011147,-0.0014139838749542832,-0.0006869892822578549,0.002100973157212138,0.0008942378917708993,-0.0019309005001559854,0.0010366627248004079,0.0011469802120700479,0.0021792505867779255,-0.0033262306824326515,-0.0011195284314453602,0.0009819839615374804,0.00013754446990787983,-0.001062998315319419,-0.00039387965807691216,0.0014568779151886702,0.0008937731035985053,-0.00049040955491364,-0.00040336360689252615,-0.0010758964344859123,0.0013776581035926938,-0.0003017617855221033,-0.0018134631682187319,-0.0005673454725183547,0.0023808088153600693,0.0018750388408079743,0.0012284714030101895,-0.0031035100109875202],[-0.00115204940084368,0.004256497137248516,-0.0031044455245137215,0.0008194913389161229,0.00019742231233976781,-0.0010169127490371466,-0.0012795834336429834,0.0005689419340342283,0.0007106423727236688,0.0006623978260904551,-9.731584577821195e-05,-0.0005650823004543781,-0.00843733735382557,0.022075634449720383,-0.012638293206691742,-0.0008937671664170921,0.0009217521292157471,-2.798472996801138e-05,0.0012582594063133001,-0.0004211312625557184,-0.0008371278527192771,-0.00019153236644342542,0.0007591200992465019,-0.0005675879074260592,0.00381151563487947,0.003690470941364765,-0.007501987274736166,0.0019364587496966124,0.00041694994433782995,-0.002353408606722951,0.0014162992592900991,-0.0017638932913541794,0.0003475942648947239,0.00018538204312790185,-0.00034735313965938985,0.00016197108197957277,0.004708693828433752,0.0007561289239674807,-0.005464823916554451,-0.0007205851143226027,-0.004954111762344837,0.005674696993082762,9.700711234472692e-05,-0.0010194194037467241,0.0009224123787134886,-0.00017779524205252528,0.0012783217243850231,-0.0011005265405401587,0.0015094808768481016,-0.0008256370201706886,-0.0006838440313003957,-0.0011950028128921986,-0.0005099215777590871,0.0017049240414053202,-0.00014120405830908567,-0.00020549904729705304,0.0003467031056061387,0.00032850849675014615,0.0011437447974458337,-0.0014722533524036407,0.00012196111492812634,0.0008108351030386984,-0.0009327962179668248,1.5873811207711697e-05,-0.000974208815023303,0.0009583350038155913,0.0005832304013893008,0.0001457425532862544,-0.0007289730128832161,-0.0002727309474721551,0.0007146153366193175,-0.00044188444735482335,-6.029871292412281e-05,-0.0010056332685053349,0.0010659319814294577,-9.081722237169743e-05,-0.0006809980259276927,0.0007718151900917292,0.00017367253894917667,-0.0008587942575104535,0.0006851217476651073,0.0008337792241945863,-0.0011208615032956004,0.0002870824537239969],[-0.00499040586873889,0.004936874844133854,5.353137385100126e-05,-0.0022352656815201044,0.01124708540737629,-0.009011817164719105,-0.0034265099093317986,-0.0010414065327495337,0.0044679176062345505,-6.343121640384197e-06,0.002052230993285775,-0.002045887755230069,0.022075634449720383,0.00032024356187321246,-0.02139587700366974,-0.0022968733683228493,-0.0007685576565563679,0.003065431024879217,-0.0014871269231662154,-0.0033228490501642227,0.004809975624084473,0.00015647003601770848,0.0031872540712356567,-0.003343724412843585,0.0031284720171242952,0.0031396185513585806,-0.006268090568482876,-0.00010544655378907919,-5.692907143384218e-05,0.00016237578529398888,0.0003657471388578415,0.000434026587754488,-0.0007997734937816858,0.0009863553568720818,0.006108712870627642,-0.007095068693161011,0.0061705573461949825,0.004484995733946562,-0.010655553080141544,-0.0006060833111405373,0.003494346048682928,-0.002888262737542391,0.00015694319154135883,-0.0044242385774850845,0.004267295356839895,-3.219494828954339e-06,0.0004197770031169057,-0.00041655750828795135,0.001591409556567669,0.001740980427712202,-0.003332389984279871,0.0003975151921622455,0.000144145917147398,-0.0005416610511019826,-0.0007867309614084661,-0.0016331363003700972,0.002419867319986224,-6.256962660700083e-05,-0.0006082857144065201,0.000670855341013521,-0.0002937641111202538,-5.467911250889301e-06,0.0002992319641634822,0.0007275657262653112,-0.0013010341208428144,0.000573468510992825,0.00124351738486439,-0.0006832376820966601,-0.0005602797027677298,5.7873861806001514e-05,-0.0002290191187057644,0.0001711452641757205,-0.0005617240094579756,-0.0005721952766180038,0.0011339193442836404,-0.00042847878648899496,-0.000829659285955131,0.0012581381015479565,-0.00030520244035869837,-0.0012531770626083016,0.001558379502967,-0.0003305042046122253,0.0017547064926475286,-0.001424202462658286],[0.006142455153167248,-0.00919337198138237,0.003050913568586111,0.001415775390341878,-0.011444508098065853,0.01002872921526432,0.004706092644482851,0.00047246459871530533,-0.005178559571504593,-0.0006560547626577318,-0.001954915001988411,0.0026109698228538036,-0.012638293206691742,-0.02139587700366974,0.035034168511629105,0.0031906398944556713,-0.00015319473459385335,-0.0030374452471733093,0.00022886756050866097,0.0037439800798892975,-0.003972847480326891,3.506155917420983e-05,-0.003946376033127308,0.003911314066499472,-0.006939987652003765,-0.006830090656876564,0.013770079240202904,-0.001831012312322855,-0.0003600216004997492,0.002191033912822604,-0.0017820470966398716,0.001329866237938404,0.00045218062587082386,-0.001171737676486373,-0.00576136214658618,0.006933099124580622,-0.01087925024330616,-0.005241124890744686,0.01612037420272827,0.001326667726971209,0.0014597654808312654,-0.0027864333242177963,-0.0002539501874707639,0.005443657748401165,-0.00518970750272274,0.0001810144167393446,-0.001698097912594676,0.0015170832630246878,-0.003100890666246414,-0.0009153428254649043,0.00401623360812664,0.0007974877953529358,0.0003657750494312495,-0.0011632628738880157,0.0009279345977120101,0.0018386353040114045,-0.00276656961068511,-0.00026593892835080624,-0.000535458093509078,0.0008013967890292406,0.00017180305439978838,-0.0008053669007495046,0.0006335638463497162,-0.0007434395374730229,0.0022752436343580484,-0.0015318040968850255,-0.001826746854931116,0.0005374948959797621,0.0012892523081973195,0.0002148568455595523,-0.00048559578135609627,0.0002707389066927135,0.0006220219074748456,0.0015778291271999478,-0.0021998512092977762,0.0005192963290028274,0.0015106576029211283,-0.002029953757300973,0.00013152987230569124,0.0021119709126651287,-0.002243500668555498,-0.000503275019582361,-0.0006338449311442673,0.0011371197178959846],[0.002969126682728529,-0.003351250197738409,0.0003821214195340872,-0.0007481361390091479,0.0013956755865365267,-0.0006475412519648671,0.0010724191088229418,-0.001711911871097982,0.0006394939264282584,-0.0013678324175998569,-0.00043477260624058545,0.0018026047619059682,-0.0008937671664170921,-0.0022968733683228493,0.0031906398944556713,0.006338515318930149,0.003513011150062084,-0.00885152630507946,0.001075622159987688,0.0005660851602442563,-0.0016417071456089616,-0.00043447804637253284,-0.0011695511639118195,0.0016040290938690305,-0.00043858413118869066,-0.0007323910249397159,0.0011709751561284065,-0.0005207954091019928,-0.0017419125651940703,0.002262708032503724,0.0010118125937879086,0.0017157976981252432,-0.0027276102919131517,-0.0003159095940645784,-0.0019637246150523424,0.002279634354636073,-0.0009021451696753502,-0.00037001384771429,0.0012721589300781488,0.0012416848912835121,-0.0033763640094548464,0.0021346788853406906,-0.001394382561556995,0.0005727622774429619,0.000821620284114033,-0.0005768907140009105,-0.0007183194975368679,0.0012952100951224566,0.00034169707214459777,0.00029555457876995206,-0.0006372517091222107,0.00017763522919267416,0.0004648408794309944,-0.0006424762541428208,0.00043915139394812286,0.0023182807490229607,-0.0027574324049055576,0.0001702049921732396,-0.000514257641043514,0.0003440526779741049,-0.0006752753397449851,-0.0002539051929488778,0.000929180474486202,-0.0005022567929700017,0.00021146319340914488,0.0002907935995608568,0.0001853383146226406,5.622221215162426e-05,-0.00024156045401468873,5.18459128215909e-05,-0.00023200495343189687,0.0001801589532988146,0.0006620856001973152,0.001047364785335958,-0.001709450501948595,-6.713697803206742e-05,0.0009821176063269377,-0.0009149806573987007,-8.220254676416516e-05,-6.49553257972002e-05,0.00014715793076902628,-0.0008071850752457976,0.0019031122792512178,-0.0010959270875900984],[0.0009924187324941158,0.005728653632104397,-0.006721068173646927,-0.0007915679016150534,0.0004960668738931417,0.00029550210456363857,-0.0009734764462336898,0.0010621458059176803,-8.866912685334682e-05,-0.0006169007974676788,-0.0015471440274268389,0.0021640448831021786,0.0009217521292157471,-0.0007685576565563679,-0.00015319473459385335,0.003513011150062084,0.007242732681334019,-0.009755744598805904,0.0001918167545227334,0.0007109672296792269,-0.0009027839405462146,0.0002854762424249202,0.0007112208986654878,-0.0009966971119865775,0.00021767502767033875,0.004953084513545036,-0.005170759744942188,-0.0007195736980065703,0.001092737540602684,-0.0003731639008037746,-0.0009939414449036121,-0.0008164325263351202,0.0018103739712387323,-1.1475116480141878e-05,0.00015137717127799988,-0.0001399021130055189,0.0010432343697175384,0.0012175594456493855,-0.0022607939317822456,0.0029151183553040028,-0.00010916939936578274,-0.0028059491887688637,-7.346592610701919e-05,-0.00241584749892354,0.00248931348323822,0.00117184454575181,0.0002156906994059682,-0.0013875353615731,0.0005824514664709568,-0.0005552640068344772,-2.7187459636479616e-05,0.001316781505011022,-0.0005186430644243956,-0.000798138091340661,0.0005408270517364144,-0.0010888088727369905,0.0005479818792082369,2.0271414541639388e-05,0.0007958957576192915,-0.0008161672158166766,-0.0012731857132166624,-0.0013383615296334028,0.0026115470100194216,0.0004378003650344908,-0.0006978070014156401,0.0002600066945888102,0.00018113057012669742,-0.0015935341361910105,0.0014124035369604826,-6.131795817054808e-05,0.0003188562986906618,-0.0002575383987277746,-0.0016835688147693872,0.0010117359925061464,0.0006718328222632408,0.00038924545515328646,-0.0006228144629858434,0.0002335691242478788,0.00027530270745046437,-0.00040979491313919425,0.00013449217658489943,-0.00036098045529797673,0.0014467581640928984,-0.0010857777670025826],[-0.003961545415222645,-0.0023774029687047005,0.006338946986943483,0.0015397039242088795,-0.001891742111183703,0.00035203900188207626,-9.894286631606519e-05,0.0006497660069726408,-0.0005508247413672507,0.0019847331568598747,0.001981916604563594,-0.003966649994254112,-2.798472996801138e-05,0.003065431024879217,-0.0030374452471733093,-0.00885152630507946,-0.009755744598805904,0.019607268273830414,-0.0012674375902861357,-0.0012770516332238913,0.0025444887578487396,0.0001490022987127304,0.0004583299160003662,-0.0006073324475437403,0.00022091009304858744,-0.004220695234835148,0.003999785054475069,0.0012403697473928332,0.0006491750245913863,-0.0018895450048148632,-1.7869897419586778e-05,-0.0008993657538667321,0.0009172357385978103,0.0003273848560638726,0.001812347094528377,-0.002139731775969267,-0.0001410889090038836,-0.0008475464419461787,0.0009886352345347404,-0.004156802780926228,0.003485529450699687,0.0006712735630571842,0.0014678487787023187,0.0018430842319503427,-0.0033109330106526613,-0.000594954180996865,0.0005026293219998479,9.232480078935623e-05,-0.0009241490042768419,0.0002597100683487952,0.0006644390523433685,-0.00149441696703434,5.3803443734068424e-05,0.0014406132977455854,-0.000979978358373046,-0.0012294722255319357,0.002209450351074338,-0.00019047679961659014,-0.0002816383494064212,0.0004721151781268418,0.001948460005223751,0.0015922668389976025,-0.0035407263785600662,6.445693725254387e-05,0.0004863443609792739,-0.0005508013418875635,-0.0003664683026727289,0.0015373132191598415,-0.0011708447709679604,9.472249075770378e-06,-8.685147622600198e-05,7.737928535789251e-05,0.0010214823996648192,-0.0020591006614267826,0.0010376183781772852,-0.0003221080405637622,-0.00035930273588746786,0.00068141077645123,-0.00019310024799779058,0.00047475029714405537,-0.00028164993273094296,0.001168165705166757,-0.0033498716074973345,0.0021817057859152555],[0.0012920417357236147,0.00042861822294071317,-0.0017206590855494142,0.001295387395657599,0.0010924432426691055,-0.00238783098757267,-0.0012704376131296158,-0.0011098755057901144,0.0023803114891052246,-0.0002651619724929333,-0.002654280746355653,0.0029194424860179424,0.0012582594063133001,-0.0014871269231662154,0.00022886756050866097,0.001075622159987688,0.0001918167545227334,-0.0012674375902861357,-0.0002819465007632971,0.01087096519768238,-0.009589015506207943,0.00011395930778235197,-0.0019843722693622112,0.0018704128451645374,-0.0014034747146070004,-0.0009866339387372136,0.002390108536928892,-0.0004091985756531358,-0.0002974740928038955,0.0007066727848723531,0.0009246486588381231,0.0014538054820150137,-0.002378454664722085,0.0006000634748488665,0.0006500266026705503,-0.0012500900775194168,0.0008944623987190425,0.0013210502220317721,-0.00221551232971251,0.00355484988540411,-0.0019779405556619167,-0.0015769092133268714,0.0002868637384381145,-0.0005341180367395282,0.0002472543274052441,0.0012411283096298575,-0.0007853200659155846,-0.00045580818550661206,0.0003050660016015172,-0.0016930429264903069,0.0013879769248887897,0.0013159406371414661,-0.0016860112082213163,0.00037007080391049385,-0.00021060521248728037,-0.0021705967374145985,0.0023812020663172007,-0.0004407711676321924,-0.00015171656559687108,0.0005924876895733178,-0.0012843543663620949,9.510448580840603e-05,0.001189249800518155,0.00023735634749755263,-0.0007694187806919217,0.00053206249140203,6.231556471902877e-05,-0.0008747972315177321,0.0008124816813506186,-0.0005041571566835046,-0.0009044997859746218,0.0014086568262428045,0.0005194813129492104,-0.0005087560275569558,-1.0725343599915504e-05,-0.00020904687698930502,-0.0006154624279588461,0.000824509363155812,1.4952689525671303e-05,-0.0005488041788339615,0.0005338514456525445,0.00029217495466582477,0.0002405794948572293,-0.0005327544640749693],[-0.0012037628330290318,-0.0024455490056425333,0.0036493120715022087,-0.0024160752072930336,0.005626236088573933,-0.003210159484297037,-0.00012205473467474803,-0.0008630434749647975,0.0009850990027189255,-0.0016980303917080164,-0.0020056739449501038,0.0037037052679806948,-0.0004211312625557184,-0.0033228490501642227,0.0037439800798892975,0.0005660851602442563,0.0007109672296792269,-0.0012770516332238913,0.01087096519768238,0.008520616218447685,-0.018391579389572144,-0.0010728493798524141,0.0019837170839309692,-0.0009108677040785551,0.0013563432730734348,0.009121667593717575,-0.010478010401129723,0.0014539452968165278,-0.0005948591860942543,-0.0008590864017605782,-0.0003583451034501195,0.0019767209887504578,-0.0016183758853003383,0.0003051925450563431,0.0005230805836617947,-0.0008282734197564423,0.0006178804906085134,0.0023188439663499594,-0.0029367245733737946,0.003085094504058361,0.0001564202830195427,-0.0032415147870779037,0.0009797192178666592,-0.0018315580673515797,0.0008518387912772596,3.5003991797566414e-05,-0.0025475050788372755,0.002512501087039709,-0.000302004162222147,0.0035954811610281467,-0.0032934772316366434,0.0006636999896727502,0.003624433185905218,-0.004288133233785629,7.311033550649881e-05,-0.00021754426416009665,0.00014443416148424149,-0.0015525814378634095,-0.0007671470521017909,0.002319728722795844,-5.197885911911726e-06,0.0017696917057037354,-0.0017644939944148064,0.001321008545346558,-0.0011821405496448278,-0.00013886787928640842,0.0009699520305730402,0.0008682252373546362,-0.0018381772097200155,0.00014160294085741043,0.00039465734153054655,-0.0005362603114917874,-0.0016371551901102066,0.0015183646464720368,0.00011879060184583068,0.0001295211404794827,-0.0012283222749829292,0.00109880103264004,0.0004347638750914484,9.615535964258015e-05,-0.0005309194093570113,0.0003411965735722333,9.240950021194294e-05,-0.0004336060374043882],[-8.827878627926111e-05,0.0020169313065707684,-0.0019286532187834382,0.001120688277296722,-0.006718678865581751,0.005597990471869707,0.0013924922095611691,0.00197291886433959,-0.003365409793332219,0.0019631923642009497,0.004659953527152538,-0.006623147055506706,-0.0008371278527192771,0.004809975624084473,-0.003972847480326891,-0.0016417071456089616,-0.0009027839405462146,0.0025444887578487396,-0.009589015506207943,-0.018391579389572144,0.028980594128370285,0.0009588914108462632,6.558839231729507e-07,-0.0009595479350537062,4.713173257187009e-05,-0.008135033771395683,0.008087902329862118,-0.0010447471868246794,0.000892333802767098,0.0001524132676422596,-0.0005663029733113945,-0.0034305269364267588,0.0039968290366232395,-0.0009052547975443304,-0.0011731053236871958,0.0020783606451004744,-0.0015123425982892513,-0.0036398933734744787,0.005152236670255661,-0.006639943923801184,0.0018215206218883395,0.00481842365115881,-0.001266583101823926,0.002365675289183855,-0.0010990924201905727,-0.001276130322366953,0.0033328267745673656,-0.0020566966850310564,-3.061897587031126e-06,-0.0019024393986910582,0.0019055012380704284,-0.001979640917852521,-0.0019384230254217982,0.003918063826858997,0.00013749487698078156,0.002388141117990017,-0.0025256359949707985,0.001993353245779872,0.0009188630501739681,-0.002912216354161501,0.0012895517284050584,-0.001864796387962997,0.0005752450088039041,-0.0015583641361445189,0.001951558981090784,-0.0003931950777769089,-0.0010322678135707974,6.571121048182249e-06,0.001025696867145598,0.0003625539247877896,0.000509842939209193,-0.0008723968639969826,0.0011176734697073698,-0.0010096097830682993,-0.00010806351201608777,7.952549640322104e-05,0.0018437840044498444,-0.0019233095226809382,-0.00044971704483032227,0.0004526489647105336,-2.9319198802113533e-06,-0.0006333711789920926,-0.0003329886239953339,0.0009663597447797656],[0.0006823022849857807,0.005745281931012869,-0.00642758421599865,-3.5787117667496204e-05,-0.005321846809238195,0.0053576333448290825,0.00011361713404767215,0.0021117161959409714,-0.0022253331262618303,0.00043914871639572084,0.001047312282025814,-0.0014864606782793999,-0.00019153236644342542,0.00015647003601770848,3.506155917420983e-05,-0.00043447804637253284,0.0002854762424249202,0.0001490022987127304,0.00011395930778235197,-0.0010728493798524141,0.0009588914108462632,0.007587818894535303,0.005320171359926462,-0.011907989159226418,2.6932568289339542e-05,-0.0018959027947857976,0.0018689699936658144,-0.0007131872698664665,0.0022865179926156998,-0.0015733306063339114,0.0006770692416466773,0.000