{"epoch":0,"H":[[0.005810253322124481,-0.0071068694815039635,0.002296615391969681,-0.002936503617092967,-0.00496701942756772,0.007903523743152618,0.0015697856433689594,-0.0019729644991457462,0.000403179379645735,-0.000768904690630734,-0.0006166477687656879,0.0013855521101504564,0.0007671304629184306,-0.0006616064929403365,-0.00010552431922405958,-0.0009803076973184943,-0.0018804853316396475,0.00286079291254282,-0.0003752137999981642,-0.0003785737499129027,0.0007537875208072364,0.001956296619027853,0.0026530546601861715,-0.004609351512044668,-0.0004394013376440853,0.0004320767766330391,7.3245319072157145e-06,0.00026323655038140714,-0.0011219802545383573,0.0008587433840148151,-0.0009618295007385314,-0.0010980019578710198,0.002059831516817212,0.00014577637193724513,-0.0007728605414740741,0.000627084169536829,-0.0014369215350598097,-0.0027755603659898043,0.004212481901049614,-0.0015774054918438196,-0.003713851561769843,0.005291256587952375,0.0019101740326732397,-0.0006115675205364823,-0.0012986059300601482,-0.0013718216214329004,0.0008721146732568741,0.0004997069481760263,0.0005934934597462416,-0.0009691255982033908,0.0003756321675609797,-0.0007939752540551126,-0.0035195297095924616,0.0043135047890245914,0.0001104166149161756,0.0007412359118461609,-0.0008516524685546756,-0.0009117560693994164,0.0008991948561742902,1.2561082257889211e-05,0.00020179394050501287,-0.0001397014275426045,-6.2092425650917e-05,0.0009171038400381804,-0.00038714625407010317,-0.0005299575859680772,0.000247100368142128,0.0016508183907717466,-0.0018979188753291965,5.41556510142982e-05,-0.0004495516768656671,0.00039539599674753845,-0.00022800953593105078,0.000478403817396611,-0.00025039425236172974,-0.0008445832645520568,-0.00046674703480675817,0.001311330241151154,-5.633058026432991e-05,-0.0011984296143054962,0.0012547600781545043,0.0008171624504029751,-0.0008795903995633125,6.242806557565928e-05],[-0.0071068694815039635,0.025666560977697372,-0.01755969040095806,0.0058387829922139645,0.012756319716572762,-0.018595103174448013,-0.0027832898776978254,0.009197699837386608,-0.006414410658180714,0.0015443679876625538,-0.00025851628743112087,-0.001285851583816111,0.003382025519385934,0.0012678279308602214,-0.0046498533338308334,-0.0042205085046589375,0.0012531813699752092,0.002967327367514372,0.003637696150690317,0.002889778930693865,-0.006527475081384182,0.0010249018669128418,0.004130502697080374,-0.005155404098331928,0.0005485485307872295,0.001118755666539073,-0.0016673034988343716,-0.002584999892860651,0.004978066310286522,-0.0023930666502565145,-0.0007474473677575588,0.0016640196554362774,-0.0009165724040940404,0.001122316811233759,0.003808028530329466,-0.00493034441024065,0.0021105012856423855,0.0056313928216695786,-0.007741894572973251,-0.0011733449064195156,-3.164249937981367e-05,0.0012049872893840075,-0.00038269502692855895,0.0014107759343460202,-0.0010280809365212917,-0.0023737484589219093,0.004743429832160473,-0.0023696813732385635,-0.0024339654482901096,0.0016452083364129066,0.000788757111877203,-0.0013917303876951337,0.0015004185261204839,-0.00010868837125599384,0.0009684463148005307,0.00226913345977664,-0.0032375799492001534,-0.0007840980542823672,0.002146985614672303,-0.001362887560389936,-0.0012901027221232653,0.001810623798519373,-0.0005205212510190904,0.00022126411204226315,0.0019291164353489876,-0.0021503805182874203,0.0002386807173024863,0.0016270966734737158,-0.0018657774198800325,0.0014983480796217918,0.0008892888436093926,-0.0023876368068158627,0.0018561366014182568,0.0003047256905119866,-0.002160862321034074,0.0010304953902959824,0.0006376473465934396,-0.0016681426204741001,-0.002158622955903411,0.0006147966487333179,0.0015438261907547712,0.0030689130071550608,0.0019329022616147995,-0.005001815035939217],[0.002296615391969681,-0.01755969040095806,0.016263071447610855,-0.0029022772796452045,-0.007789300289005041,0.010691577568650246,0.0012135044671595097,-0.007224733009934425,0.006011229008436203,-0.0007754628313705325,0.0008751621935516596,-9.969936218112707e-05,-0.00414915569126606,-0.0006062198663130403,0.004755375906825066,0.005200816318392754,0.0006273053586483002,-0.005828121677041054,-0.003262481652200222,-0.0025112039875239134,0.005773685406893492,-0.002981197787448764,-0.00678355572745204,0.00976475328207016,-0.00010914661106653512,-0.0015508319484069943,0.0016599784139543772,0.0023217634297907352,-0.0038560847751796246,0.001534322276711464,0.0017092779744416475,-0.0005660183960571885,-0.0011432594619691372,-0.0012680926593020558,-0.0030351681634783745,0.004303260240703821,-0.0006735785864293575,-0.002855832688510418,0.003529411507770419,0.002750752493739128,0.0037454930134117603,-0.0064962455071508884,-0.0015274783363565803,-0.0007992088794708252,0.0023266870994120836,0.003745567984879017,-0.005615544505417347,0.00186997652053833,0.0018404717557132244,-0.0006760811666026711,-0.0011643905891105533,0.0021857046522200108,0.0020191108342260122,-0.004204815253615379,-0.0010788628133013844,-0.003010367974638939,0.0040892306715250015,0.0016958536580204964,-0.003046180121600628,0.001350326114334166,0.0010883089853450656,-0.0016709232004359365,0.0005826143315061927,-0.001138367922976613,-0.001541969133540988,0.002680337056517601,-0.0004857813473790884,-0.0032779150642454624,0.003763696411624551,-0.0015525035560131073,-0.0004397380107548088,0.001992241945117712,-0.0016281275311484933,-0.0007831297698430717,0.0024112574756145477,-0.0001859126059571281,-0.0001709015341475606,0.000356814096448943,0.002214953536167741,0.0005836328491568565,-0.00279858591966331,-0.0038860742934048176,-0.0010533109307289124,0.004939384758472443],[-0.002936503617092967,0.0058387829922139645,-0.0029022772796452045,0.007024979684501886,0.005497245583683252,-0.011522225104272366,-3.2769443350844085e-05,0.001432868535630405,-0.0014000991359353065,0.0020524850115180016,0.00010326929623261094,-0.0021557542495429516,-0.0019010265823453665,-0.0042579262517392635,0.006158952601253986,0.001742347958497703,0.0032561153639107943,-0.0049984632059931755,0.0007558119250461459,0.0006478598807007074,-0.001403672038577497,-0.0013408500235527754,-0.004023391287773848,0.005364242009818554,0.0005860163364559412,-0.0007993450853973627,0.00021332866162993014,-0.0005076350062154233,0.00118286965880543,-0.0006752347107976675,-0.00024088507052510977,-0.000951751135289669,0.0011926363222301006,0.0006411157664842904,-0.0006626190152019262,2.150342334061861e-05,-0.000881628249771893,0.00023888517171144485,0.0006427432526834309,-0.0009670915897004306,-0.00010392555850557983,0.0010710173519328237,-0.0009089478407986462,0.0020499532110989094,-0.0011410056613385677,0.0004742812889162451,-0.001354743610136211,0.0008804623503237963,-0.0007719934801571071,-0.0003224600222893059,0.0010944537352770567,0.0012813083594664931,0.0015188753604888916,-0.002800183603540063,0.0003559362958185375,-0.0005276298034004867,0.00017169365310110152,0.0010103285312652588,-0.0011201510205864906,0.0001098225184250623,-0.0004555589985102415,0.001596730318851769,-0.0011411713203415275,-0.000587999471463263,0.0014392724260687828,-0.0008512729546055198,-0.0006979071768000722,-0.0006744030397385359,0.00137231033295393,-0.0009309632005169988,0.0008393778698518872,9.158547618426383e-05,-0.0006277193315327168,0.00013559818034991622,0.0004921212093904614,0.0004592802142724395,0.0006019357242621481,-0.0010612158803269267,0.0006814983207732439,0.00026107343728654087,-0.0009425715543329716,0.0002049263275694102,0.000697415613103658,-0.0009023418533615768],[-0.00496701942756772,0.012756319716572762,-0.007789300289005041,0.005497245583683252,0.027915259823203087,-0.03241250663995743,-0.003281660843640566,0.008049599826335907,-0.004767938982695341,-0.0028523318469524384,0.006599794141948223,-0.00374746136367321,0.008261559531092644,0.008460232056677341,-0.01672179251909256,-0.0004484997480176389,0.0032671557273715734,-0.0028186559211462736,-0.0036203633062541485,0.0016618060180917382,0.001958557404577732,0.0058868760243058205,0.0009841204155236483,-0.0068709952756762505,0.0032658912241458893,-0.0035875006578862667,0.00032160960836336017,-0.001836517360061407,0.003537549404427409,-0.0017010323936119676,-0.0012972505064681172,0.0022921741474419832,-0.0009949239902198315,0.000906393164768815,0.000688001629896462,-0.0015943949110805988,0.0013238643296062946,0.0006234764587134123,-0.001947340788319707,0.0079190069809556,0.004654477350413799,-0.012573485262691975,0.0007712564547546208,-0.0016916068270802498,0.0009203505469486117,-0.002063770778477192,-0.008839511312544346,0.010903282091021538,-0.0018402326386421919,0.0012233620509505272,0.0006168709369376302,0.002684997394680977,-0.0010580940870568156,-0.0016269029583781958,0.0009963717311620712,0.0006521720788441598,-0.0016485436353832483,-0.0036257910542190075,0.002654045121744275,0.0009717459324747324,0.0015192385762929916,0.000538512715138495,-0.002057750942185521,-0.00033368117874488235,0.0006256655906327069,-0.00029198452830314636,0.0017486248398199677,0.0013800046872347593,-0.003128630109131336,0.0005834646290168166,0.0018488835776224732,-0.00243234820663929,-0.00049556017620489,-0.0012537471484392881,0.0017493071500211954,0.00022693096252623945,0.0011278014862909913,-0.0013547325506806374,-0.0018553113332018256,-0.0011612599482759833,0.0030165710486471653,0.0008937893435359001,0.0014567611506208777,-0.0023505501449108124],[0.007903523743152618,-0.018595103174448013,0.010691577568650246,-0.011522225104272366,-0.03241250663995743,0.04493473097681999,0.003314431756734848,-0.00948246754705906,0.006168035790324211,0.000799848698079586,-0.0067030638456344604,0.005903216078877449,-0.006360532715916634,-0.004202307667583227,0.010562840849161148,-0.0012938480358570814,-0.006523268762975931,0.007817117497324944,0.0028645519632846117,-0.002309663686901331,-0.0005548889748752117,-0.004546023905277252,0.003039273666217923,0.00150675093755126,-0.0038519096560776234,0.004386847373098135,-0.0005349379498511553,0.0023441510275006294,-0.004720419179648161,0.002376267686486244,0.0015381360426545143,-0.0013404230121523142,-0.00019771303050220013,-0.0015475087566301227,-2.538156695663929e-05,0.0015728904400020838,-0.0004422350903041661,-0.0008623597677797079,0.001304594799876213,-0.0069519151002168655,-0.004550553858280182,0.011502468958497047,0.00013768974167760462,-0.00035834580194205046,0.0002206560457125306,0.001589489635080099,0.010194254107773304,-0.011783743277192116,0.00261222617700696,-0.0009009026107378304,-0.0017113236244767904,-0.003966304939240217,-0.0004607801092788577,0.0044270846992731094,-0.001352308434434235,-0.00012454239185899496,0.0014768505934625864,0.0026154627557843924,-0.0015338931698352098,-0.0010815697023645043,-0.0010636791121214628,-0.002135243033990264,0.0031989221461117268,0.00092168094124645,-0.002064937027171254,0.0011432558530941606,-0.0010507170809432864,-0.0007056015310809016,0.0017563190776854753,0.00034749892074614763,-0.0026882607489824295,0.0023407619446516037,0.0011232797987759113,0.001118148909881711,-0.002241428941488266,-0.0006862104637548327,-0.0017297373851761222,0.002415947848930955,0.0011738125467672944,0.0009001860744319856,-0.002073998562991619,-0.0010987154673784971,-0.002154176589101553,0.0032528915908187628],[0.0015697856433689594,-0.0027832898776978254,0.0012135044671595097,-3.2769443350844085e-05,-0.003281660843640566,0.003314431756734848,0.007638370152562857,-0.003993102349340916,-0.0026452660094946623,-0.0014484233688563108,0.0012727754656225443,0.000175647612195462,-0.0008846423588693142,-0.0025176990311592817,0.0034023418556898832,0.003214935539290309,-0.0005506885936483741,-0.002664247527718544,-0.0011937525123357773,-0.000583224871661514,0.0017769773257896304,0.0005317251197993755,0.0006995291914790869,-0.0012312541948631406,-0.0005948819452896714,-0.0012689379509538412,0.001863819663412869,0.00047600583638995886,-0.0029693315736949444,0.0024933258537203074,-0.00069160241400823,-0.0006508115329779685,0.0013424138305708766,-0.0008707036031410098,-0.0029721632599830627,0.003842867212370038,-0.00018870423082262278,-0.002504720352590084,0.0026934246998280287,-0.0006937561556696892,-0.0015557286096736789,0.00224948488175869,0.0005556581891141832,-0.002712442073971033,0.0021567840594798326,-0.0012184050865471363,-0.0007491115829907358,0.001967516727745533,0.001798632787540555,0.00025728443870320916,-0.0020559176336973906,0.0001553280744701624,-0.002363895997405052,0.002208567690104246,-0.001285524107515812,0.0004679925332311541,0.0008175313705578446,-0.00023093838535714895,-0.0006452608504332602,0.0008761992212384939,-0.00035037624184042215,-0.0017506040167063475,0.002100980142131448,-0.00022546313994098455,-8.327346586156636e-05,0.0003087366058025509,0.0003919507435057312,0.0010416361037641764,-0.001433586934581399,-7.709173951297998e-05,4.4074899051338434e-05,3.3016873203450814e-05,-0.00039429054595530033,0.000982600380666554,-0.0005883097182959318,-0.00023320861510001123,0.0008470815373584628,-0.000613873009569943,-0.00013840157771483064,-0.00018862354045268148,0.00032702513271942735,0.0003249364090152085,-0.00021884730085730553,-0.00010608913726173341],[-0.0019729644991457462,0.009197699837386608,-0.007224733009934425,0.001432868535630405,0.008049599826335907,-0.00948246754705906,-0.003993102349340916,0.0070005543529987335,-0.002007450209930539,0.00033885560696944594,0.0009257030324079096,-0.001264558406546712,0.0010901741916313767,0.0025856266729533672,-0.0036758012138307095,-0.002090281108394265,-0.001136003527790308,0.003226284636184573,0.000733479973860085,-0.0002670263347681612,-0.0004664536681957543,0.0027659751940518618,-0.0006989863468334079,-0.0020669889636337757,-0.0012598319444805384,0.00381843326613307,-0.0025586013216525316,-0.0005129796918481588,0.0029385904781520367,-0.002425610553473234,-9.617587784305215e-05,0.0014175965916365385,-0.0013214211212471128,0.0021617389284074306,0.002319962251931429,-0.004481701646000147,0.0029292500112205744,0.004272174090147018,-0.007201425265520811,0.000950054032728076,0.0025712200440466404,-0.0035212738439440727,-0.0003355441440362483,-0.0010214056819677353,0.0013569497969001532,-0.00027451629284769297,0.002007837872952223,-0.0017333216965198517,-0.001201571780256927,-0.00022850108507554978,0.0014300728216767311,-0.0010677408427000046,0.000537441112101078,0.0005302994977682829,-0.0003109696554020047,-0.0014420236693695188,0.0017529934411868453,-0.0008778361370787024,0.0022154974285513163,-0.001337661175057292,-1.553972833789885e-05,-0.0006485721678473055,0.0006641119252890348,0.0005037761875428259,0.001435999060049653,-0.001939775189384818,0.0011013407493010163,0.001830507186241448,-0.002931848168373108,-0.0003974421415477991,-0.00018163709319196641,0.0005790791474282742,0.00037167707341723144,0.0005986919277347624,-0.0009703690884634852,0.0010151250753551722,0.0006989651592448354,-0.0017140901181846857,-0.0008099270053207874,0.0010056012542918324,-0.00019567416165955365,0.002302119042724371,7.376715075224638e-05,-0.002375885611400008],[0.000403179379645735,-0.006414410658180714,0.006011229008436203,-0.0014000991359353065,-0.004767938982695341,0.006168035790324211,-0.0026452660094946623,-0.002007450209930539,0.005652718245983124,0.0011095671216025949,-0.0021984768100082874,0.0010889099212363362,-0.0002055320655927062,-6.792688509449363e-05,0.0002734593581408262,-0.0011246534995734692,0.0016866925870999694,-0.0005620390293188393,0.00046027303324081004,0.0008502497803419828,-0.0013105226680636406,-0.0032977000810205936,-5.424953997135162e-07,0.0032982430420815945,0.0018547142390161753,-0.0025494960136711597,0.0006947820074856281,3.697368083521724e-05,3.074150299653411e-05,-6.771524203941226e-05,0.000787778408266604,-0.0007667849422432482,-2.0993466023355722e-05,-0.0012910356745123863,0.0006522014155052602,0.000638834317214787,-0.002740544266998768,-0.001767452573403716,0.004507997073233128,-0.0002562979352660477,-0.001015489106066525,0.0012717870995402336,-0.0002201135503128171,0.0037338482216000557,-0.0035137345548719168,0.0014929206809028983,-0.0012587259989231825,-0.00023419479839503765,-0.0005970614729449153,-2.8784095775336027e-05,0.0006258457433432341,0.0009124130010604858,0.001826454303227365,-0.0027388674207031727,0.0015964934136718512,0.000974031223449856,-0.0025705245789140463,0.0011087741004303098,-0.001570235937833786,0.00046146183740347624,0.0003659160283859819,0.0023991758935153484,-0.0027650920674204826,-0.00027831312036141753,-0.0013527260161936283,0.0016310391947627068,-0.001493291463702917,-0.002872142242267728,0.004365433938801289,0.0004745338810607791,0.00013756172847934067,-0.000612095755059272,2.2612832253798842e-05,-0.0015812927158549428,0.0015586798544973135,-0.0007819161983206868,-0.0015460466966032982,0.002327962778508663,0.0009483286994509399,-0.0008169781067408621,-0.00013135012704879045,-0.0026270546950399876,0.0001450799172744155,0.0024819746613502502],[-0.000768904690630734,0.0015443679876625538,-0.0007754628313705325,0.0020524850115180016,-0.0028523318469524384,0.000799848698079586,-0.0014484233688563108,0.00033885560696944594,0.0011095671216025949,0.014528844505548477,-0.009064696729183197,-0.004464149009436369,-0.0006468641804531217,-0.003229172434657812,0.0038760367315262556,-0.0020324839279055595,-0.001093254191800952,0.003125738352537155,0.0022832462564110756,-0.0011974598746746778,-0.001085786148905754,-0.0008091761264950037,-0.0033915608655661345,0.0042007374577224255,0.0003221016377210617,0.000639052246697247,-0.0009611533023416996,0.001082338858395815,7.445696974173188e-05,-0.0011567955370992422,0.000995029229670763,-0.0011913699563592672,0.00019634084310382605,0.0018410519696772099,0.0012303063413128257,-0.0030713581945747137,2.3321830667555332e-05,-0.0021033165976405144,0.002079994650557637,-0.0006851347861811519,-0.002899001818150282,0.0035841367207467556,8.133023220580071e-05,0.0010468862019479275,-0.0011282163904979825,0.0009413562947884202,0.001380205969326198,-0.0023215622641146183,-0.001836283947341144,-0.002496996195986867,0.004333280026912689,0.00017204112373292446,7.700998685322702e-05,-0.0002490512270014733,0.00038803950883448124,-0.0011097380192950368,0.0007216985686682165,0.00030749529832974076,-0.000501583213917911,0.00019408790103625506,-0.00011179545253980905,0.0009563346393406391,-0.0008445392013527453,0.00031729592592455447,0.0003794619988184422,-0.0006967579247429967,-0.00022369759972207248,0.0007908118423074484,-0.0005671142134815454,-0.0005369192804209888,0.0006008488708175719,-6.392950308509171e-05,2.9983086278662086e-05,-0.0001668879995122552,0.00013690488412976265,0.0010289889760315418,-0.000524975941516459,-0.0005040128016844392,0.0004197097150608897,0.0010501670185476542,-0.001469876617193222,-0.0004145535349380225,-0.0009503958863206208,0.0013649493921548128],[-0.0006166477687656879,-0.00025851628743112087,0.0008751621935516596,0.00010326929623261094,0.006599794141948223,-0.0067030638456344604,0.0012727754656225443,0.0009257030324079096,-0.0021984768100082874,-0.009064696729183197,0.019389070570468903,-0.009324370883405209,0.003432979341596365,0.005412091035395861,-0.008845070376992226,0.0005425834096968174,0.0007612154586240649,-0.001303799101151526,-0.0013456802116706967,0.002508945530280471,-0.001163265435025096,0.00012688833521679044,0.0003129044489469379,-0.000439792696852237,-0.0026584421284496784,-0.0023127375170588493,0.0049711791798472404,-0.0008315290906466544,-0.0011373540619388223,0.001968882977962494,0.0006596203311346471,0.0034391938243061304,-0.004098813980817795,0.0010381443426012993,0.0010657166130840778,-0.002103860955685377,0.002497060690075159,0.00041216620593331754,-0.0029092268086969852,0.003187357448041439,0.004400934558361769,-0.0075882915407419205,0.0006691712187603116,-0.0026304195635020733,0.0019612484611570835,-0.002176768146455288,0.00011262437328696251,0.002064144005998969,0.00024682687944732606,0.0019974405877292156,-0.002244267612695694,0.0006041305023245513,0.0008588471100665629,-0.0014629776123911142,-0.0007504458189941943,0.00030091096414253116,0.0004495347966440022,-0.0005424460396170616,0.0023422613739967346,-0.0017998154507949948,0.0005518975085578859,0.0012517096474766731,-0.0018036069814115763,0.0004820097528863698,0.0012838455149903893,-0.0017658552387729287,0.000825315248221159,0.0007450059638358653,-0.0015703212702646852,-0.00020512338960543275,-3.583359648473561e-05,0.0002409569569863379,-0.0002562659792602062,-0.0010022158967331052,0.0012584819924086332,0.00019671126210596412,0.0008770064450800419,-0.0010737177217379212,-0.000890770519617945,0.0001783133193384856,0.0007124569383449852,0.0002847934956662357,-0.00017776311142370105,-0.00010703032603487372],[0.0013855521101504564,-0.001285851583816111,-9.969936218112707e-05,-0.0021557542495429516,-0.00374746136367321,0.005903216078877449,0.000175647612195462,-0.001264558406546712,0.0010889099212363362,-0.004464149009436369,-0.009324370883405209,0.014788515865802765,-0.002786114811897278,-0.0021829172037541866,0.004969032481312752,0.0014899016823619604,0.00033203838393092155,-0.0018219404155388474,-0.000937567325308919,-0.0013114840257912874,0.002249050885438919,0.0006822884315624833,0.0030786567367613316,-0.0037609455175697803,0.002336340956389904,0.0016736872494220734,-0.00401002774015069,-0.00025080988416448236,0.001062897965312004,-0.0008120879647321999,-0.0016546502010896802,-0.002247823867946863,0.0039024739526212215,-0.002879195846617222,-0.002296022605150938,0.005175218917429447,-0.002520383568480611,0.0016911504790186882,0.0008292327402159572,-0.002502222079783678,-0.0015019325073808432,0.004004154819995165,-0.0007505016401410103,0.0015835353406146169,-0.0008330340497195721,0.001235411735251546,-0.0014928317395970225,0.00025741971330717206,0.001589456805959344,0.0004995532799512148,-0.0020890100859105587,-0.0007761719170957804,-0.0009358565439470112,0.0017120282864198089,0.0003624057862907648,0.0008088272879831493,-0.0011712330160662532,0.0002349505084566772,-0.0018406776944175363,0.00160572724416852,-0.0004401018959470093,-0.0022080440539866686,0.002648145891726017,-0.0007993046892806888,-0.0016633067280054092,0.002462611300870776,-0.0006016177358105779,-0.001535817631520331,0.0021374353673309088,0.0007420419715344906,-0.000565015769097954,-0.00017702630429994315,0.0002262827183585614,0.001169103430584073,-0.0013953862944617867,-0.0012256999034434557,-0.00035203038714826107,0.0015777300577610731,0.00047106092097237706,-0.0012284803669899702,0.0007574197370558977,0.0001297608105232939,0.0011281598126515746,-0.0012579206377267838],[0.0007671304629184306,0.003382025519385934,-0.00414915569126606,-0.0019010265823453665,0.008261559531092644,-0.006360532715916634,-0.0008846423588693142,0.0010901741916313767,-0.0002055320655927062,-0.0006468641804531217,0.003432979341596365,-0.002786114811897278,0.006842398084700108,0.006907648406922817,-0.012750047259032726,-0.002178129041567445,0.0005044878926128149,0.0016736414982005954,-0.00020940389367751777,0.0009636306785978377,-0.0007542266394011676,0.002345334505662322,0.0031414194963872433,-0.005486754700541496,0.0021571472752839327,-4.8807356506586075e-05,-0.0021083399187773466,-0.00016595951456110924,0.0008062495035119355,-0.0006402899161912501,-0.0017282275948673487,6.368104368448257e-05,0.0016645463183522224,0.0007960012299008667,0.0016163034597411752,-0.002412304747849703,0.0014394046738743782,-0.0007652732310816646,-0.0006741315592080355,0.0013672290369868279,0.00021833207574672997,-0.0015855612000450492,0.000866919057443738,-0.0006703819381073117,-0.0001965368865057826,-0.0006857445696368814,-0.0014187770429998636,0.002104521496221423,-0.0002590943477116525,0.0016022316413000226,-0.0013431372353807092,8.198234718292952e-05,4.4692031224258244e-05,-0.00012667436385527253,-2.2955238819122314e-05,-0.0001880421332316473,0.00021099738660268486,-2.4480275897076353e-05,0.0010615948121994734,-0.0010371145326644182,-0.0007333364337682724,-0.00021779933013021946,0.00095113564748317,-0.00031404095352627337,-0.0005895491340197623,0.0009035901166498661,0.0004285414470359683,-0.0004326908092480153,4.1492312448099256e-06,0.0006313779158517718,-0.0007202521082945168,8.887401781976223e-05,0.0005329855484887958,-0.0006366428569890559,0.0001036572502925992,-0.0003688806318677962,-0.00018992152763530612,0.0005588021012954414,-0.0005823610117658973,-0.0008841553353704512,0.0014665162889286876,0.0009509065421298146,0.001005368190817535,-0.0019562747329473495],[-0.0006616064929403365,0.0012678279308602214,-0.0006062198663130403,-0.0042579262517392635,0.008460232056677341,-0.004202307667583227,-0.0025176990311592817,0.0025856266729533672,-6.792688509449363e-05,-0.003229172434657812,0.005412091035395861,-0.0021829172037541866,0.006907648406922817,0.015246793627738953,-0.021154439076781273,-0.003247247776016593,-0.0012051815865561366,0.004452429711818695,-0.0006205911631695926,0.000683491351082921,-6.290018791332841e-05,0.0018594097346067429,0.004428713582456112,-0.006288123782724142,0.002517254324629903,0.00279957614839077,-0.005316829774528742,-0.0003420279535930604,0.0003003177116625011,4.1710096411406994e-05,0.0006036173435859382,0.002838775049895048,-0.0034423922188580036,0.00033129710936918855,0.00325259892269969,-0.003583896206691861,0.004072426352649927,0.0022814106196165085,-0.006353837437927723,0.0041280342265963554,0.0043394858948886395,-0.008467519655823708,-0.000838175998069346,-0.0021215341985225677,0.0029597098473459482,0.00026395940221846104,-0.001065866556018591,0.0008019071538001299,0.00107931112870574,0.0035529863089323044,-0.004632297437638044,4.217072273604572e-05,0.0022754673846066,-0.002317638136446476,-0.0009559904574416578,-0.0005095612723380327,0.0014655515551567078,0.0002246842486783862,0.0034774800296872854,-0.00370216416195035,-0.00018652243306860328,-0.0013559210347011685,0.001542443409562111,0.0003478889411780983,-0.0006188158295117319,0.000270926917437464,0.0009302255930379033,-0.001721041975542903,0.0007908162660896778,0.00046920625027269125,-0.0018220331985503435,0.0013528268318623304,1.2687814887613058e-05,0.0007208982715383172,-0.0007335860864259303,-0.00032138568349182606,-0.0002575812686700374,0.0005789669812656939,-0.0009705384727567434,-0.0006931915413588285,0.0016637298977002501,0.0005267996457405388,0.0015468723140656948,-0.0020736719015985727],[-0.00010552431922405958,-0.0046498533338308334,0.004755375906825066,0.006158952601253986,-0.01672179251909256,0.010562840849161148,0.0034023418556898832,-0.0036758012138307095,0.0002734593581408262,0.0038760367315262556,-0.008845070376992226,0.004969032481312752,-0.012750047259032726,-0.021154439076781273,0.034904491156339645,0.005425376817584038,0.0007006931118667126,-0.00612606992945075,0.0008299958426505327,-0.0016471217386424541,0.0008171260124072433,-0.0042047444730997086,-0.007570132613182068,0.011774878017604351,-0.004674401134252548,-0.002750767394900322,0.007425169460475445,0.0005079879192635417,-0.0011065667495131493,0.0005985790048725903,0.0011246104259043932,-0.0029024567920714617,0.0017778470646589994,-0.001127299154177308,-0.0048689027316868305,0.005996201653033495,-0.005511831026524305,-0.0015161370392888784,0.007027968764305115,-0.005495263263583183,-0.004557816777378321,0.010053079575300217,-2.8742942959070206e-05,0.0027919169515371323,-0.0027631737757474184,0.0004217858659103513,0.002484643366187811,-0.0029064291156828403,-0.0008202160242944956,-0.005155217833817005,0.005975433625280857,-0.00012415240053087473,-0.0023201601579785347,0.0024443124420940876,0.000978945754468441,0.000697603274602443,-0.0016765492036938667,-0.00020020402735099196,-0.0045390743762254715,0.004739278461784124,0.0009198590414598584,0.0015737205976620317,-0.0024935794062912464,-3.38485260726884e-05,0.0012083642650395632,-0.001174515811726451,-0.0013587665744125843,0.0021537323482334614,-0.0007949654245749116,-0.001100584166124463,0.0025422838516533375,-0.0014416994526982307,-0.0005456735962070525,-8.425523992627859e-05,0.000629928894340992,0.000690266489982605,0.0004475028545130044,-0.001137769315391779,0.0015528993681073189,0.0015773470513522625,-0.0031302461866289377,-0.0014777060132473707,-0.0025522406212985516,0.004029946401715279],[-0.0009803076973184943,-0.0042205085046589375,0.005200816318392754,0.001742347958497703,-0.0004484997480176389,-0.0012938480358570814,0.003214935539290309,-0.002090281108394265,-0.0011246534995734692,-0.0020324839279055595,0.0005425834096968174,0.0014899016823619604,-0.002178129041567445,-0.003247247776016593,0.005425376817584038,0.00654582679271698,0.0027304179966449738,-0.00827624648809433,-0.0009028487838804722,0.001845539198257029,-0.000942690356168896,-0.0008780795033089817,0.0019590354058891535,-0.0010809556115418673,-0.001526889274828136,0.0013180860551074147,0.00020880307420156896,-0.0005544002633541822,-0.0028898657765239477,0.00344426603987813,0.0003576471353881061,0.00014155881945043802,-0.0004992061876691878,-0.0010353527031838894,-0.003476519137620926,0.004511871840804815,0.00036875985097140074,0.0005167825729586184,-0.0008855427149683237,0.0015080050798133016,0.0011274025309830904,-0.0026354072615504265,-0.0005320917698554695,-0.0009496493730694056,0.001481741084717214,-0.00027041404973715544,-0.0004208142636343837,0.0006912285462021828,0.002087509725242853,0.0020977233070880175,-0.004185233265161514,0.00023892708122730255,-0.00031155531178228557,7.262823055498302e-05,-0.0007032897556200624,0.0008225415949709713,-0.00011925192666240036,0.0008038976229727268,-0.0011632610112428665,0.00035936327185481787,-0.0007538784411735833,0.0005901393014937639,0.00016373913967981935,-6.881666195113212e-05,-0.00027123893960379064,0.000340055616106838,-0.0003793871437665075,-0.0005032004555687308,0.0008825877448543906,0.0007891015848144889,-0.0004056386824231595,-0.0003834628441836685,-0.00038031890289857984,0.0006351274205371737,-0.00025480843032710254,-0.0009737720247358084,-0.0003777350939344615,0.0013515070313587785,-5.4714299039915204e-05,-0.0013241838896647096,0.0013788981596007943,0.00041523599065840244,-0.0005936352536082268,0.00017839923384599388],[-0.0018804853316396475,0.0012531813699752092,0.0006273053586483002,0.0032561153639107943,0.0032671557273715734,-0.006523268762975931,-0.0005506885936483741,-0.001136003527790308,0.0016866925870999694,-0.001093254191800952,0.0007612154586240649,0.00033203838393092155,0.0005044878926128149,-0.0012051815865561366,0.0007006931118667126,0.0027304179966449738,0.010665664449334145,-0.01239608321338892,0.0013610408641397953,0.002311129355803132,-0.0036721702199429274,-0.0001697862462606281,0.0011341451900079846,-0.0009643589146435261,0.00017302826745435596,0.001740126172080636,-0.0019131542649120092,-0.0014049221063032746,-0.000781931565143168,0.002186853438615799,-0.00012965110363438725,-7.371028186753392e-05,0.0002033614437095821,8.177844574674964e-05,-0.002214856445789337,0.0021330779418349266,0.0027912831865251064,0.00318745244294405,-0.005978736095130444,0.0004138652584515512,-0.0001714007230475545,-0.0002424644771963358,-0.0019279144471511245,-0.0001367481891065836,0.0020646625198423862,-0.00046576198656111956,4.954374162480235e-06,0.00046080758329480886,-0.00041273131500929594,0.0024041705764830112,-0.001991439377889037,0.00042030157055705786,0.0020808905828744173,-0.0025011920370161533,-0.0002349784626858309,-0.00016694926307536662,0.00040192779852077365,0.0008108466863632202,0.000444854493252933,-0.0012557010632008314,-0.0001984370028367266,0.001211827271617949,-0.0010133902542293072,-0.0008514850633218884,0.0011009390000253916,-0.00024945399491116405,-3.3346310374327004e-05,0.0012065181508660316,-0.001173171796835959,0.000836533959954977,-0.0007276552496477962,-0.00010887884127441794,0.00044773519039154053,-5.6424978538416326e-05,-0.00039131022640503943,-0.00015970125969033688,0.0008635576814413071,-0.0007038564654067159,-0.0001935671316459775,0.0003862745070364326,-0.00019270740449428558,0.0007304928149096668,-0.0005456574144773185,-0.00018483534222468734],[0.00286079291254282,0.002967327367514372,-0.005828121677041054,-0.0049984632059931755,-0.0028186559211462736,0.007817117497324944,-0.002664247527718544,0.003226284636184573,-0.0005620390293188393,0.003125738352537155,-0.001303799101151526,-0.0018219404155388474,0.0016736414982005954,0.004452429711818695,-0.00612606992945075,-0.00827624648809433,-0.01239608321338892,0.021672330796718597,-0.0004581919638440013,-0.004156667273491621,0.0046148584224283695,0.0010478650219738483,-0.0030931802466511726,0.002045314759016037,0.001353860949166119,-0.0030582116451114416,0.001704351045191288,0.001959322253242135,0.003671797690913081,-0.005631119944155216,-0.0002279966720379889,-6.785022560507059e-05,0.00029584672302007675,0.000953574082814157,0.0056913746520876884,-0.006644949316978455,-0.0031600436195731163,-0.0037042361218482256,0.006864279508590698,-0.0019218691159039736,-0.0009560025064274669,0.0028778717387467623,0.0024600077886134386,0.0010863977950066328,-0.003546404652297497,0.0007361778407357633,0.0004158595111221075,-0.0011520370608195662,-0.001674778526648879,-0.004501895047724247,0.006176673341542482,-0.0006592285353690386,-0.0017693357076495886,0.002428564243018627,0.0009382687276229262,-0.0006555929430760443,-0.0002826756099238992,-0.001614744309335947,0.0007184069836512208,0.0008963373256847262,0.0009523157496005297,-0.001801966456696391,0.0008496508235111833,0.0009203029912896454,-0.0008297005551867187,-9.06023196876049e-05,0.0004127341089770198,-0.0007033178699202836,0.0002905838191509247,-0.0016256356611847878,0.001133294077590108,0.0004923416418023407,-6.741599645465612e-05,-0.0005787026020698249,0.0006461185403168201,0.0011334734736010432,-0.0004858228494413197,-0.0006476504495367408,0.00024828166351653636,0.0009379095281474292,-0.001186191220767796,-0.0011457286309450865,0.0011392907472327352,6.437650881707668e-06],[-0.0003752137999981642,0.003637696150690317,-0.003262481652200222,0.0007558119250461459,-0.0036203633062541485,0.0028645519632846117,-0.0011937525123357773,0.000733479973860085,0.00046027303324081004,0.0022832462564110756,-0.0013456802116706967,-0.000937567325308919,-0.00020940389367751777,-0.0006205911631695926,0.0008299958426505327,-0.0009028487838804722,0.0013610408641397953,-0.0004581919638440013,0.011812121607363224,-0.0015857466496527195,-0.009226375259459019,0.0006015184917487204,-0.0011717292945832014,0.0005702109192498028,-0.0007092613377608359,-0.00045224776840768754,0.001161509077064693,9.302940452471375e-05,0.0017682607285678387,-0.0018612900748848915,0.002355939010158181,0.0005714622093364596,-0.0029274013359099627,-0.0007709256606176496,-0.00020516810764092952,0.0009760937537066638,0.0007937748450785875,0.0022444073110818863,-0.00303818192332983,0.0005568865453824401,0.0018304382683709264,-0.0023873248137533665,-0.00010967520211124793,0.001365451025776565,-0.0012557758018374443,-4.788115620613098e-05,-0.0002422319957986474,0.00029011303558945656,-0.001164593268185854,-2.246582880616188e-06,0.0011668400838971138,0.000439250870840624,0.00011949657346121967,-0.0005587473860941827,0.00016443731146864593,-0.0003854232490994036,0.00022098585031926632,0.001079748384654522,-0.00016874464927241206,-0.0009110037935897708,1.696769322734326e-05,-0.0003312651824671775,0.0003142975037917495,-0.0006414323579519987,-0.0002818065695464611,0.0009232389274984598,-0.0005558498087339103,-1.0383955668658018e-05,0.0005662338226102293,0.00021999719319865108,1.432534190826118e-05,-0.00023432253510691226,-8.380203507840633e-05,4.574506601784378e-05,3.8057012716308236e-05,0.0008109675254672766,0.00011185556650161743,-0.0009228230337612331,0.00029717537108808756,-0.00014939100947231054,-0.00014778431796003133,-6.003939779475331e-05,-0.0004167929000686854,0.0004768323851749301],[-0.0003785737499129027,0.002889778930693865,-0.0025112039875239134,0.0006478598807007074,0.0016618060180917382,-0.002309663686901331,-0.000583224871661514,-0.0002670263347681612,0.0008502497803419828,-0.0011974598746746778,0.002508945530280471,-0.0013114840257912874,0.0009636306785978377,0.000683491351082921,-0.0016471217386424541,0.001845539198257029,0.002311129355803132,-0.004156667273491621,-0.0015857466496527195,0.013718659989535809,-0.011132912710309029,-0.0008810333092696965,0.0005096266977488995,0.0003714068152476102,-0.0014045248972252011,0.001627154997549951,-0.00022263039136305451,-0.0013630710309371352,-0.00017370813293382525,0.001536778872832656,0.0009539779857732356,0.0020228116773068905,-0.002976789837703109,-0.0014143227599561214,-0.0010309882927685976,0.002445311052724719,0.002254962455481291,0.003970278427004814,-0.006225241348147392,0.002877142746001482,0.0052446722984313965,-0.008121814578771591,2.797838533297181e-06,-0.0005162464221939445,0.0005134486127644777,-0.0020268657244741917,-0.0004032670985907316,0.0024301325902342796,0.00035877354093827307,0.0017360945930704474,-0.00209486810490489,0.0004827415104955435,0.00022836403513792902,-0.0007111055892892182,0.0009343012352474034,0.002609346527606249,-0.0035436477046459913,2.4092078092508018e-05,-0.0002108158078044653,0.0001867237442638725,-0.0005805360851809382,0.00011755528976209462,0.0004629806790035218,-0.000610123504884541,0.0009488532668910921,-0.0003387299948371947,0.0006701662787236273,-0.00034143190714530647,-0.0003287344879936427,0.0006791150663048029,0.0011747358366847038,-0.0018538510194048285,0.0007030499400570989,-0.0004015028243884444,-0.00030154717387631536,8.759979391470551e-05,0.0003013054374605417,-0.00038890523137524724,-0.0003610493440646678,-0.0013221336994320154,0.001683182897977531,-0.0004525897675193846,-0.0015472057275474072,0.001999795436859131],[0.0007537875208072364,-0.006527475081384182,0.005773685406893492,-0.001403672038577497,0.001958557404577732,-0.0005548889748752117,0.0017769773257896304,-0.0004664536681957543,-0.0013105226680636406,-0.001085786148905754,-0.001163265435025096,0.002249050885438919,-0.0007542266394011676,-6.290018791332841e-05,0.0008171260124072433,-0.000942690356168896,-0.0036721702199429274,0.0046148584224283695,-0.009226375259459019,-0.011132912710309029,0.021359289065003395,0.0002795149921439588,0.0006621028296649456,-0.000941618112847209,0.0021137860603630543,-0.001174907898530364,-0.0009388777543790638,0.0012700418010354042,-0.0015945538179948926,0.00032451198785565794,-0.003309917403385043,-0.0025942744687199593,0.005904191639274359,0.002185247838497162,0.0012361558619886637,-0.003421403933316469,-0.0030487370677292347,-0.006214686669409275,0.009263424202799797,-0.0034340291749686003,-0.007075112778693438,0.010509141720831394,0.00010687630856409669,-0.0008492047199979424,0.0007423282950185239,0.002074748044833541,0.0006454980466514826,-0.00272024585865438,0.0008058191160671413,-0.0017338471952825785,0.0009280280210077763,-0.000921992352232337,-0.0003478594881016761,0.0012698514619842172,-0.0010987385176122189,-0.0022239231038838625,0.003322661155834794,-0.0011038403026759624,0.00037956133019179106,0.0007242787978611887,0.0005635686684399843,0.00021371018374338746,-0.00077727873576805,0.0012515553971752524,-0.0006670469883829355,-0.0005845082923769951,-0.00011431664461269975,0.0003518160665407777,-0.00023749948013573885,-0.0008991123177111149,-0.0011890614405274391,0.0020881739910691977,-0.0006192481378093362,0.0003557579475454986,0.00026349042309448123,-0.0008985677268356085,-0.0004131608293391764,0.0013117283815518022,6.387423491105437e-05,0.0014715250581502914,-0.0015353993512690067,0.0005126295145601034,0.0019639998208731413,-0.0024766293354332447],[0.001956296619027853,0.0010249018669128418,-0.002981197787448764,-0.0013408500235527754,0.0058868760243058205,-0.004546023905277252,0.0005317251197993755,0.0027659751940518618,-0.0032977000810205936,-0.0008091761264950037,0.00012688833521679044,0.0006822884315624833,0.002345334505662322,0.0018594097346067429,-0.0042047444730997086,-0.0008780795033089817,-0.0001697862462606281,0.0010478650219738483,0.0006015184917487204,-0.0008810333092696965,0.0002795149921439588,0.007275405339896679,0.003983975853770971,-0.010259381495416164,0.0005544500891119242,-0.0012098958250135183,0.0006554457941092551,-0.0006361083360388875,0.0016422686167061329,-0.00100