{"epoch":0,"H":[[0.016124103218317032,-0.009217614307999611,-0.005906490609049797,-0.01043932605534792,-0.00041463086381554604,0.010853956453502178,0.003122566733509302,-0.0030557168647646904,-6.684940308332443e-05,-0.0014666649512946606,0.002840396948158741,-0.0013737324625253677,-0.002157086506485939,-0.001671207370236516,0.0038282941095530987,0.001610059174709022,-0.0030319271609187126,0.001421867636963725,-0.0015602344647049904,0.0020246668718755245,-0.0004644326400011778,0.0008039996027946472,0.0004327164206188172,-0.001236715936101973,-0.0005332803120836616,-0.0033757868222892284,0.003909067250788212,-0.00023848821001593024,-0.0012859497219324112,0.0015244379173964262,-0.0009108262020163238,0.0008792027365416288,3.1623407267034054e-05,0.0015968342777341604,0.0008208070648834109,-0.002417640993371606,-0.0013747633202001452,-0.0022483384236693382,0.003623102093115449,-0.0013653563801199198,0.00027351255994290113,0.0010918437037616968,-0.0014304490759968758,-0.0032803474459797144,0.004710796754807234,0.0015661342767998576,-0.0011188099160790443,-0.00044732424430549145,0.0004659020050894469,-0.00012506905477494001,-0.0003408328630030155,0.001744100940413773,0.0012775533832609653,-0.0030216542072594166,-0.0014431506861001253,0.00038808141835033894,0.0010550693841651082,6.688293069601059e-05,-0.001393742160871625,0.0013268592301756144,0.0005621302989311516,0.000118785843369551,-0.0006809163023717701,-0.001169100170955062,0.000710901920683682,0.00045819839579053223,-0.0004558360087685287,-0.0006801377166993916,0.0011359737254679203,0.00014645379269495606,-0.0011426067212596536,0.0009961529867723584,-0.00042702999780885875,-0.0012311218306422234,0.0016581519739702344,-0.0015843375585973263,-0.0004846079391427338,0.0020689452067017555,0.0014570050407201052,-9.493541438132524e-05,-0.00136206962633878,-0.000919363577850163,0.0004655144002754241,0.0004538491484709084],[-0.009217614307999611,0.054831020534038544,-0.04461339861154556,0.007247640751302242,0.0028852378018200397,-0.010132879950106144,-0.0029288269579410553,0.008669581264257431,-0.005740754306316376,-0.005381472408771515,-0.0011532868957147002,0.00653475895524025,0.0059320623986423016,0.0037595261819660664,-0.009691588580608368,-0.0014981344575062394,0.007294145412743092,-0.005796011071652174,-0.0020009377039968967,0.0011931767221540213,0.0008077609818428755,-0.00171957490965724,7.257470861077309e-05,0.0016470005502924323,-6.217253394424915e-05,0.006620791740715504,-0.006558619439601898,-0.002031241776421666,0.002647088374942541,-0.0006158467149361968,0.0014289651298895478,0.002835728693753481,-0.0042646946385502815,0.0013038571923971176,0.0023087081499397755,-0.0036125648766756058,0.0030477072577923536,0.003843887709081173,-0.006891594268381596,0.0020105266012251377,0.006238901522010565,-0.008249428123235703,0.00015532123507000506,-6.870138895465061e-05,-8.661986794322729e-05,-0.0006958491867408156,-0.0038190572522580624,0.0045149060897529125,-2.237246371805668e-05,-0.001383239752613008,0.0014056120999157429,-0.0011516816448420286,0.003293589223176241,-0.0021419075783342123,-0.00029743247432634234,-0.00024076516274362803,0.000538197869900614,-0.00031071266857907176,0.0010094381868839264,-0.0006987254600971937,-0.0007104945252649486,0.0017736644949764013,-0.0010631696786731482,0.00024660586495883763,-0.0019120712531730533,0.001665465417318046,0.0004177045775577426,0.0006447749910876155,-0.0010624794522300363,-0.0007248581387102604,-0.00015922554302960634,0.0008840837981551886,0.0007967435522004962,0.00244127563200891,-0.0032380190677940845,0.0011512991040945053,0.0005633407854475081,-0.0017146397149190307,-0.0004245841992087662,0.0008123343577608466,-0.0003877501585520804,0.0018973052501678467,0.0021054521203041077,-0.004002757370471954],[-0.005906490609049797,-0.04461339861154556,0.05151990056037903,0.003191685304045677,-0.0024706097319722176,-0.0007210755720734596,-0.0001937404158525169,-0.005613862071186304,0.0058076037093997,0.006848136894404888,-0.0016871114494279027,-0.005161024630069733,-0.003774975659325719,-0.002088315086439252,0.005863290745764971,-0.00011192601959919557,-0.00426221638917923,0.004374142736196518,0.003561171004548669,-0.003217843361198902,-0.0003433274105191231,0.0009155747247859836,-0.000505290343426168,-0.0004102839739061892,0.0005954522639513016,-0.0032450039871037006,0.0026495514903217554,0.002269728807732463,-0.0013611374888569117,-0.0009085908532142639,-0.0005181399174034595,-0.003714932594448328,0.004233072977513075,-0.0029006930999457836,-0.003129514865577221,0.006030206568539143,-0.0016729447524994612,-0.0015955478884279728,0.0032684928737580776,-0.0006451716180890799,-0.0065124137327075005,0.007157584652304649,0.001275128684937954,0.0033490473870187998,-0.00462417583912611,-0.000870285090059042,0.004937866702675819,-0.004067581612616777,-0.000443529337644577,0.001508308225311339,-0.00106477877125144,-0.0005924200522713363,-0.004571143537759781,0.0051635634154081345,0.001740582985803485,-0.00014731621195096523,-0.001593266730196774,0.00024382976698689163,0.0003843053709715605,-0.0006281350506469607,0.00014836457557976246,-0.001892450382001698,0.0017440859228372574,0.0009224939276464283,0.0012011694489046931,-0.002123663667589426,3.813131115748547e-05,3.536237636581063e-05,-7.349369116127491e-05,0.000578403880354017,0.0013018320314586163,-0.0018802358536049724,-0.0003697132342495024,-0.001210153684951365,0.0015798669774085283,0.00043303845450282097,-7.873261347413063e-05,-0.0003543057246133685,-0.001032421481795609,-0.0007173996418714523,0.0017498211236670613,-0.0009779420215636492,-0.002570966724306345,0.003548908745869994],[-0.01043932605534792,0.007247640751302242,0.003191685304045677,0.016303647309541702,-0.0028765532188117504,-0.012427093461155891,-0.004250318743288517,0.0009740302921272814,0.003276287345215678,0.00356641155667603,-0.002486659213900566,-0.0010797522263601422,0.002309124218299985,-0.0017849153373390436,-0.0005242088809609413,-0.0023635951802134514,0.0023113449569791555,5.224995402386412e-05,0.0033260141499340534,-0.003187544411048293,-0.0001384700881317258,-0.0005347245605662465,-0.005084247328341007,0.005618971772491932,0.0018106093630194664,0.0009313161135651171,-0.00274192588403821,0.00031306350138038397,0.001014259527437389,-0.0013273231452330947,0.000767926627304405,-0.0020813574083149433,0.0013134307228028774,-0.0004640790284611285,-0.0037031241226941347,0.004167202860116959,0.0010134577751159668,0.0015963849145919085,-0.002609842922538519,-0.0008567043114453554,-0.002226253505796194,0.0030829578172415495,0.0011696398723870516,0.0008498420938849449,-0.0020194819662719965,-0.0010068017290905118,0.0033899517729878426,-0.0023831496946513653,0.00010602670954540372,-0.00032343599013984203,0.00021740951342508197,-0.0020065116696059704,-0.0008761651115491986,0.002882676664739847,0.0011461121030151844,-0.0006548564415425062,-0.0004912556614726782,-3.674384788610041e-05,0.0018243684899061918,-0.0017876246711239219,0.000566346338018775,-0.0004600691609084606,-0.00010627743904478848,-0.00030933486414141953,-0.000508492870721966,0.0008178278803825378,-4.058305057696998e-05,-0.0005448978627100587,0.0005854809423908591,0.0007548550493083894,0.00032927957363426685,-0.0010841346811503172,6.747804582118988e-05,0.0002746693789958954,-0.00034214742481708527,0.0007956018089316785,-7.341091986745596e-06,-0.0007882606005296111,-0.0006315218051895499,0.00033813249319791794,0.0002933894284069538,0.0003476791607681662,-0.0002187811624025926,-0.0001288980129174888],[-0.00041463086381554604,0.0028852378018200397,-0.0024706097319722176,-0.0028765532188117504,0.04975568875670433,-0.04587913304567337,-0.00359922181814909,0.0006569661200046539,0.0029422552324831486,-0.00689131673425436,0.01205882802605629,-0.0051675112918019295,0.007704461924731731,0.006306758616119623,-0.014011221006512642,-0.0008451626636087894,-0.0021982411853969097,0.0030434043146669865,-0.0030784455593675375,0.011737745255231857,-0.00865930039435625,0.0009239281644113362,0.007898704148828983,-0.00882263295352459,0.002354162046685815,0.0125768156722188,-0.014930976554751396,-0.00217514019459486,-0.0028232033364474773,0.004998342599719763,-0.0016403954941779375,0.006145651452243328,-0.004505254793912172,0.004476660396903753,0.0040859654545784,-0.008562624454498291,1.1636875569820404e-06,0.0030966924969106913,-0.0030978561844676733,-0.0004823085619136691,0.00405776035040617,-0.0035754519049078226,-0.002916349098086357,-0.001370502752251923,0.004286852199584246,0.0005295653827488422,-0.0003396954562049359,-0.00018986966460943222,0.0016759431455284357,0.002141993958503008,-0.0038179366383701563,0.0004701032885350287,-0.0024627880193293095,0.0019926847890019417,-0.0004427572712302208,0.0024598855525255203,-0.0020171282812952995,-0.0010660395491868258,0.0004649756010621786,0.000601064064539969,0.004027821123600006,0.001074675703421235,-0.005102497525513172,-0.0006765919970348477,-0.0002594123361632228,0.0009360044496133924,-0.0005804890533909202,-0.002633870579302311,0.003214359749108553,-0.0011616171104833484,-0.0010488588595762849,0.0022104759700596333,0.001609526458196342,0.00047281268052756786,-0.0020823394879698753,-0.0010775536065921187,0.0011149316560477018,-3.737828228622675e-05,-0.0008746020030230284,-0.0015129714738577604,0.002387573476880789,0.0003475146077107638,-0.001736485748551786,0.0013889709953218699],[0.010853956453502178,-0.010132879950106144,-0.0007210755720734596,-0.012427093461155891,-0.04587913304567337,0.059306222945451736,0.007849540561437607,-0.0016309951897710562,-0.006218544207513332,0.0033249049447476864,-0.009572166018188,0.006247261073440313,-0.010013584047555923,-0.004521840717643499,0.014535426162183285,0.003208758309483528,-0.00011310260742902756,-0.0030956559348851442,-0.00024757045321166515,-0.008550198748707771,0.008797767572104931,-0.0003892044769600034,-0.0028144572861492634,0.003203662810847163,-0.0041647679172456264,-0.01350813265889883,0.01767290011048317,0.0018620757618919015,0.0018089443910866976,-0.0036710200365632772,0.0008724667131900787,-0.004064291715621948,0.003191824071109295,-0.004012580495327711,-0.00038283923640847206,0.0043954188004136086,-0.0010146235581487417,-0.004693076014518738,0.005707699805498123,0.00133901322260499,-0.001831504749134183,0.0004924915265291929,0.0017467094585299492,0.0005206592613831162,-0.0022673688363283873,0.0004772351821884513,-0.003050256986171007,0.002573021687567234,-0.001781968865543604,-0.0018185577355325222,0.0036005263682454824,0.0015364079736173153,0.0033389534801244736,-0.004875361453741789,-0.0007033552974462509,-0.0018050293438136578,0.0025083848740905523,0.0011027836007997394,-0.002289343625307083,0.0011865601409226656,-0.004594167694449425,-0.000614606193266809,0.005208774469792843,0.0009859263664111495,0.0007679041591472924,-0.0017538307001814246,0.0006210714927874506,0.0031787678599357605,-0.003799839410930872,0.0004067626432515681,0.0007195810903795063,-0.0011263437336310744,-0.0016770042711868882,-0.000747482234146446,0.002424486679956317,0.00028195203049108386,-0.0011075906222686172,0.0008256387081928551,0.001506123342551291,0.0011748387478291988,-0.0026809622067958117,-0.0006951945251785219,0.0019552672747522593,-0.0012600726913660765],[0.003122566733509302,-0.0029288269579410553,-0.0001937404158525169,-0.004250318743288517,-0.00359922181814909,0.007849540561437607,0.013907444663345814,-0.007509938906878233,-0.005397506058216095,-0.0019650114700198174,0.0023853983730077744,-0.000420387223130092,-0.0009148053359240294,0.00048775042523629963,0.0004270549979992211,0.001480183214880526,-0.0020580014679580927,0.0005778182530775666,-0.0012050408404320478,0.000934718525968492,0.0002703223144635558,-0.0012889819918200374,-0.000911105889827013,0.002200087998062372,-0.0017336264718323946,1.539876393508166e-05,0.0017182277515530586,0.0023905106354504824,0.0008722547208890319,-0.0032627652399241924,-0.0004571345343720168,-0.0005606221384368837,0.0010177568765357137,-0.0001287311315536499,0.0003148027171846479,-0.00018607155652716756,-0.0008928979514166713,0.0018990293610841036,-0.0010061317589133978,-0.002277986379340291,-0.0015995431458577514,0.003877529175952077,-0.00021423927682917565,0.0011368613922968507,-0.0009226221009157598,-0.0008975091623142362,-0.0001849812106229365,0.00108249019831419,0.0005810668226331472,0.0001512354938313365,-0.0007323022582568228,0.0005563443410210311,0.0014348941622301936,-0.001991238445043564,-0.0013811219250783324,0.0001479933998780325,0.0012331284815445542,0.000366420455975458,0.00024175961152650416,-0.0006081800675019622,-6.110387039370835e-05,0.00011867459397763014,-5.757072358392179e-05,0.0005285959923639894,0.0007532751187682152,-0.0012818709947168827,-0.00039474276127293706,0.00017602188745513558,0.0002187209320254624,0.0005017623770982027,-0.0014803335070610046,0.00097857101354748,0.00036680023185908794,-0.0005650009261444211,0.00019820069428533316,-0.0007113702595233917,-0.00042897782986983657,0.0011403479147702456,0.00012493980466388166,0.0002638923469930887,-0.000388832064345479,-0.00047344309859909117,6.251571176107973e-05,0.00041092734318226576],[-0.0030557168647646904,0.008669581264257431,-0.005613862071186304,0.0009740302921272814,0.0006569661200046539,-0.0016309951897710562,-0.007509938906878233,0.016030175611376762,-0.007520237937569618,-0.0007038678741082549,-0.001357105909846723,0.0020609735511243343,0.001642768969759345,0.00374611746519804,-0.005388886667788029,-0.001175474259071052,0.0057141417637467384,-0.004538667853921652,-0.00027973653050139546,-0.0008278272580355406,0.0011075641959905624,-0.0015625524101778865,0.0012030394282191992,0.00035951315658167005,0.001832897076383233,0.0069732568226754665,-0.008806154131889343,0.00028359645511955023,0.004288147669285536,-0.0045717437751591206,0.0002273798454552889,-0.000865254900418222,0.0006378749967552722,0.0023249040823429823,0.002942028921097517,-0.005266932770609856,-7.37789086997509e-05,0.0017756549641489983,-0.0017018760554492474,0.0022689613979309797,0.004498429596424103,-0.006767391227185726,-0.0005903515848331153,-0.00010261108400300145,0.0006929627270437777,-8.162739686667919e-05,-0.0019083026563748717,0.0019899304024875164,-0.0005451564793474972,0.00045036966912448406,9.478686843067408e-05,-0.001304987003095448,0.00015860298299230635,0.0011463838163763285,3.053992986679077e-05,0.001449757139198482,-0.0014802970690652728,-0.000235842089750804,0.0005438844673335552,-0.00030804230482317507,0.00012355539365671575,-0.0011944069992750883,0.0010708514600992203,-6.384313746821135e-05,-0.0007931215222924948,0.0008569646743126214,-0.00032244500471279025,0.0014874478802084923,-0.001165002933703363,0.0006772366468794644,0.0018311482854187489,-0.002508385106921196,2.6549092581262812e-05,0.0014594127424061298,-0.0014859619550406933,0.0021459306590259075,0.0008846792625263333,-0.003030609805136919,-0.0009690598817542195,-0.0007488367264159024,0.001717896549962461,0.00012859332491643727,0.001549155218526721,-0.0016777485143393278],[-6.684940308332443e-05,-0.005740754306316376,0.0058076037093997,0.003276287345215678,0.0029422552324831486,-0.006218544207513332,-0.005397506058216095,-0.007520237937569618,0.013917742297053337,0.0026688789948821068,-0.0010282935108989477,-0.001640585483983159,-0.0007279628189280629,-0.004233867861330509,0.00496183056384325,-0.0003047086065635085,-0.003656142856925726,0.003960851579904556,0.0014847771963104606,-0.00010689115151762962,-0.0013778856955468655,0.002851534401997924,-0.00029193481896072626,-0.002559599932283163,-9.927141945809126e-05,-0.006988655775785446,0.007087927311658859,-0.002674106741324067,-0.005160401575267315,0.007834508083760738,0.0002297546889167279,0.001425878144800663,-0.001655633095651865,-0.0021961734164506197,-0.00325683131814003,0.005453004501760006,0.0009666759870015085,-0.0036746845580637455,0.002708008047193289,9.023075108416378e-06,-0.0028988858684897423,0.0028898625168949366,0.0008045907597988844,-0.001034249784424901,0.00022965902462601662,0.0009791369084268808,0.0020932836923748255,-0.0030724206008017063,-3.591002314351499e-05,-0.0006016052793711424,0.0006375152734108269,0.0007486422546207905,-0.0015934971161186695,0.0008448548032902181,0.0013505807146430016,-0.001597750699147582,0.00024716980988159776,-0.00013057838077656925,-0.0007856442825868726,0.0009162226924672723,-6.24509557383135e-05,0.0010757320560514927,-0.0010132810566574335,-0.00046475225826725364,3.984669456258416e-05,0.0004249055637046695,0.0007171872421167791,-0.0016634705243632197,0.0009462831658311188,-0.0011789993150159717,-0.0003508155350573361,0.0015298149082809687,-0.000393349037040025,-0.0008944115834310651,0.001287760678678751,-0.0014345601666718721,-0.00045570102520287037,0.001890260842628777,0.0008441198733635247,0.00048494519433006644,-0.0013290649512782693,0.0003448496281635016,-0.0016116705955937505,0.0012668208219110966],[-0.0014666649512946606,-0.005381472408771515,0.006848136894404888,0.00356641155667603,-0.00689131673425436,0.0033249049447476864,-0.0019650114700198174,-0.0007038678741082549,0.0026688789948821068,0.015268677845597267,-0.007158185821026564,-0.0071104904636740685,-0.001304456265643239,-0.0029457691125571728,0.004250225145369768,0.00014883012045174837,-0.0013596138451248407,0.0012107836082577705,0.0015220845816656947,-0.004121340811252594,0.0025992565788328648,-0.0007698811241425574,-0.0031961386557668447,0.003966020420193672,-3.5607226891443133e-06,-0.00527371559292078,0.00527727697044611,-0.00038712820969522,-0.0009268323774449527,0.0013139605289325118,0.0013280970742926002,-0.0019232102204114199,0.0005951127968728542,-0.0011558611877262592,-0.002021616557613015,0.0031774775125086308,0.0017215355765074492,-0.0017598113045096397,3.827572800219059e-05,-0.0011091467458754778,-0.0015624945517629385,0.0026716412976384163,0.0008442034595645964,0.00018071495287586004,-0.0010249183978885412,0.0007392647676169872,0.0003771122428588569,-0.0011163769522681832,0.0002580521977506578,0.0009101564064621925,-0.0011682085460051894,-0.00136063271202147,0.0005990817444398999,0.0007615509675815701,0.001374288578517735,-0.0006316264625638723,-0.0007426622323691845,0.0003650326980277896,0.0006203910452313721,-0.0009854238014668226,-0.001172511139884591,-0.0003816177195403725,0.0015541290631517768,0.0008753783768042922,-0.0005607293569482863,-0.0003146491071674973,0.0003366381279192865,-0.0010442989878356457,0.0007076608017086983,-0.0007484279340133071,-0.0001418971223756671,0.0008903249399736524,0.0002739044139161706,-2.297043101862073e-05,-0.0002509340411052108,-5.790010618511587e-06,-0.0004511864681262523,0.00045697647146880627,-0.0005652161198668182,-9.447458432987332e-05,0.0006596906459890306,0.0005419866065494716,7.494294550269842e-06,-0.0005494810175150633],[0.002840396948158741,-0.0011532868957147002,-0.0016871114494279027,-0.002486659213900566,0.01205882802605629,-0.009572166018188,0.0023853983730077744,-0.001357105909846723,-0.0010282935108989477,-0.007158185821026564,0.014710280112922192,-0.006552095524966717,0.002149696461856365,0.0013043915387243032,-0.0034540873020887375,0.002167633967474103,-0.0033215933945029974,0.001153959077782929,-0.0009860743302851915,0.003251870861276984,-0.0022657965309917927,0.002110297093167901,0.001519148820079863,-0.0036294462624937296,-0.0038306484930217266,0.0008298060856759548,0.003000842407345772,-0.0015717147616669536,-0.0019448068924248219,0.00351652130484581,-0.0013991936575621367,0.002648392226547003,-0.0012491985689848661,0.0009771172190085053,0.0018172824056819081,-0.00279439939185977,-0.000654802774079144,-0.0008252985426224768,0.0014801014913246036,-0.000510753714479506,-0.000283883506199345,0.0007946370169520378,-0.00197729654610157,-0.002194584347307682,0.004171880893409252,-0.00010136154014617205,-0.0018232375150546432,0.0019245989387854934,-0.0003428113413974643,0.0008330116979777813,-0.000490200356580317,0.0011125786695629358,0.0019614831544458866,-0.003074062056839466,0.0002239536406705156,0.0006807868485338986,-0.0009047405328601599,-0.0007683375151827931,-0.0022520446218550205,0.0030203822534531355,0.0013777331914752722,0.0014004497788846493,-0.0027781829703599215,-0.0004940067883580923,-0.00031460236641578376,0.0008086091838777065,-0.0007394393323920667,-0.00047716376138851047,0.001216603210195899,-0.0010943885426968336,-0.0005205417983233929,0.0016149302246049047,0.002149669686332345,-0.00035938856308348477,-0.0017902818508446217,0.0004562317335512489,0.0017054843483492732,-0.002161715878173709,-0.0002251914847875014,0.0004004887887276709,-0.00017529731849208474,-0.0004719445714727044,-0.00031997173209674656,0.0007919163326732814],[-0.0013737324625253677,0.00653475895524025,-0.005161024630069733,-0.0010797522263601422,-0.0051675112918019295,0.006247261073440313,-0.000420387223130092,0.0020609735511243343,-0.001640585483983159,-0.0071104904636740685,-0.006552095524966717,0.014662583358585835,-0.0008452399633824825,0.0016413776902481914,-0.0007961378432810307,-0.0023164639715105295,0.004681207239627838,-0.0023647432681173086,-0.0005360101349651814,0.000869469775352627,-0.0003334595530759543,-0.0013404169585555792,0.001676989602856338,-0.000336572527885437,0.0038342096377164125,0.004443909041583538,-0.008278118446469307,0.0019588421564549208,0.002871638396754861,-0.004830480553209782,7.10957683622837e-05,-0.000725181307643652,0.0006540860049426556,0.00017874332843348384,0.000204333511646837,-0.0003830770729109645,-0.0010667314054444432,0.002585108857601881,-0.001518376637250185,0.001619899645447731,0.00184637529309839,-0.0034662745893001556,0.0011330924462527037,0.0020138698164373636,-0.003146962495520711,-0.0006379027618095279,0.001446124049834907,-0.0008082211134023964,8.475902723148465e-05,-0.001743167988024652,0.0016584090190008283,0.000248053518589586,-0.0025605647824704647,0.0023125112056732178,-0.001598242437466979,-4.916086618322879e-05,0.0016474034637212753,0.00040330563206225634,0.001631653867661953,-0.002034959150478244,-0.00020522117847576737,-0.0010188313899561763,0.0012240526266396046,-0.0003813712974078953,0.0008753331494517624,-0.0004939616774208844,0.00040280167013406754,0.0015214632730931044,-0.0019242651760578156,0.0018428168259561062,0.0006624396773986518,-0.002505256561562419,-0.0024235746823251247,0.00038235983811318874,0.002041215542703867,-0.00045044213766232133,-0.001254298142157495,0.0017047403380274773,0.0007904076483100653,-0.0003060143208131194,-0.00048439326928928494,-7.004171493463218e-05,0.0003124777285847813,-0.00024243599909823388],[-0.002157086506485939,0.0059320623986423016,-0.003774975659325719,0.002309124218299985,0.007704461924731731,-0.010013584047555923,-0.0009148053359240294,0.001642768969759345,-0.0007279628189280629,-0.001304456265643239,0.002149696461856365,-0.0008452399633824825,0.004768966697156429,0.00527895288541913,-0.009047920815646648,2.890005271183327e-05,0.0023045691195875406,-0.0023334689904004335,-0.00016747796325944364,-0.0006515039713121951,0.0008189818472601473,0.0005474156932905316,0.00023264801711775362,-0.0007800634484738111,0.003273043083027005,0.0018759078811854124,-0.005148951429873705,-0.001317390357144177,0.00023665503249503672,0.0010807352373376489,0.00028645561542361975,-0.0003189271374139935,3.247144923079759e-05,0.0012721364619210362,0.0005970761412754655,-0.0018692126031965017,0.0024028730113059282,-0.00021990074310451746,-0.0021829726174473763,0.0010475621093064547,-0.001094877370633185,4.731526132673025e-05,-0.001026899553835392,-0.002007010392844677,0.003033909946680069,0.0012662922963500023,7.034538430161774e-05,-0.0013366376515477896,5.0721348088700324e-05,0.0005008716834709048,-0.0005515930242836475,-0.00017239902808796614,-0.00013066641986370087,0.00030306546250358224,-0.0002614404365886003,-0.00042090340866707265,0.0006823438452556729,-4.099594661965966e-06,-0.00031840935116633773,0.00032250897493213415,0.0007308469503186643,-0.000625274726189673,-0.00010557219502516091,-0.0002327805559616536,-0.0005560333374887705,0.0007888139225542545,-3.141568595310673e-05,-0.0003064417978748679,0.0003378575202077627,-0.0007706432370468974,0.0005022051045671105,0.00026843813247978687,-0.0002746867248788476,0.0003238614008296281,-4.9174544983543456e-05,0.00014455059135798365,0.0006811944767832756,-0.000825745053589344,0.00043322358396835625,0.00023676513228565454,-0.0006699886871501803,0.000508882396388799,-4.167226506979205e-05,-0.00046721010585315526],[-0.001671207370236516,0.0037595261819660664,-0.002088315086439252,-0.0017849153373390436,0.006306758616119623,-0.004521840717643499,0.00048775042523629963,0.00374611746519804,-0.004233867861330509,-0.0029457691125571728,0.0013043915387243032,0.0016413776902481914,0.00527895288541913,0.008365677669644356,-0.012644630856812,0.0013233034405857325,0.0028458544984459877,-0.0041691577062010765,-0.0006452722009271383,0.0013310458743944764,-0.0006857737898826599,0.000684005266521126,0.003394302912056446,-0.004078308120369911,0.0010615111095830798,0.0020445273257791996,-0.003106038784608245,-0.0009194060112349689,0.0006688042776659131,0.00025060155894607306,-0.0005590294604189694,-0.0005078772082924843,0.0010669063776731491,0.0016673988429829478,0.002755371853709221,-0.0044227708131074905,0.001286232378333807,-0.0009146435186266899,-0.00037158909253776073,0.0027725505642592907,0.00028503790963441133,-0.00305758835747838,-0.0010884372750297189,-0.0010069833369925618,0.0020954206120222807,0.0004436757881194353,0.00018617557361721992,-0.0006298512453213334,-0.0008389056310988963,0.00017602136358618736,0.0006628840928897262,0.0006836354732513428,-0.0010661459527909756,0.0003825105377472937,-0.00017400972137693316,0.0003676798369269818,-0.00019367013010196388,-0.0010958514176309109,-0.002022202592343092,0.003118053777143359,0.000595844816416502,-0.0009213501471094787,0.0003255052724853158,0.0006598620675504208,-0.00012215979222673923,-0.0005377023480832577,0.00022897697635926306,0.0008996703545562923,-0.0011286473600193858,-0.0012796989176422358,0.002584360772743821,-0.0013046618551015854,-0.000419311661971733,0.0006917114369571209,-0.000272399716777727,0.0010614119237288833,0.001791810616850853,-0.0028532221913337708,0.0005091908969916403,0.00037714841892011464,-0.0008863392868079245,0.00041484282701276243,0.0004350403032731265,-0.0008498831302858889],[0.0038282941095530987,-0.009691588580608368,0.005863290745764971,-0.0005242088809609413,-0.014011221006512642,0.014535426162183285,0.0004270549979992211,-0.005388886667788029,0.00496183056384325,0.004250225145369768,-0.0034540873020887375,-0.0007961378432810307,-0.009047920815646648,-0.012644630856812,0.02269255369901657,-0.0013522037770599127,-0.005150423385202885,0.006502626929432154,0.0008127487963065505,-0.0006795417866669595,-0.00013320683501660824,-0.0012314212508499622,-0.0036269500851631165,0.004858371801674366,-0.004334554076194763,-0.003920434974133968,0.008254987187683582,0.0022367951460182667,-0.0009054607944563031,-0.00133133411873132,0.0002725735248532146,0.00082680449122563,-0.001099378103390336,-0.0029395350720733404,-0.003352447645738721,0.006291982717812061,-0.003689105622470379,0.0011345448438078165,0.0025545619428157806,-0.003820111509412527,0.0008098409743979573,0.003010270418599248,0.0021153369452804327,0.0030139931477606297,-0.005129329860210419,-0.001709967851638794,-0.00025652069598436356,0.0019664885476231575,0.0007881843484938145,-0.0006768923485651612,-0.00011129188351333141,-0.0005112370126880705,0.0011968123726546764,-0.000685575301758945,0.0004354506963863969,5.322333890944719e-05,-0.0004886740352958441,0.0010999510996043682,0.0023406120017170906,-0.003440563101321459,-0.0013266920577734709,0.0015466241165995598,-0.0002199320588260889,-0.00042708191904239357,0.0006781933479942381,-0.0002511113998480141,-0.00019756157416850328,-0.0005932291969656944,0.0007907907711341977,0.0020503420382738113,-0.0030865659937262535,0.0010362238390371203,0.0006939980667084455,-0.0010155732743442059,0.0003215751494280994,-0.0012059626169502735,-0.002473006024956703,0.0036789681762456894,-0.0009424148011021316,-0.0006139136385172606,0.001556328497827053,-0.0009237258927896619,-0.00039336769259534776,0.0013170934980735183],[0.001610059174709022,-0.0014981344575062394,-0.00011192601959919557,-0.0023635951802134514,-0.0008451626636087894,0.003208758309483528,0.001480183214880526,-0.001175474259071052,-0.0003047086065635085,0.00014883012045174837,0.002167633967474103,-0.0023164639715105295,2.890005271183327e-05,0.0013233034405857325,-0.0013522037770599127,0.005282165016978979,0.0021894501987844706,-0.00647161528468132,0.0004091916198376566,0.0010221988195553422,-0.0014313904102891684,0.0008252005791291595,0.00017573873628862202,-0.0010009394027292728,0.0005983634619042277,-0.002614720957353711,0.0020163576118648052,-0.00021972725517116487,-0.0011208733776584268,0.001340600661933422,0.0004612234770320356,-0.00036531678051687777,-9.590668196324259e-05,-0.00023554894141852856,-0.00016233124188147485,0.00039788021240383387,-0.0007925577228888869,-0.002029943512752652,0.002822501352056861,0.0004786195931956172,-0.0034077514428645372,0.002929131733253598,0.00010073187877424061,-0.0005664638592861593,0.00046573212603107095,0.0005253392737358809,-0.001136439386755228,0.0006111000548116863,0.00013340770965442061,-0.001299023162573576,0.0011656153947114944,0.00012632078141905367,0.0005610294756479561,-0.0006873501697555184,-0.0003487544599920511,-0.00019118461932521313,0.0005399391520768404,-0.00022686868032906204,-2.9133603675290942e-05,0.00025600221124477684,-0.0009843714069575071,-5.603072349913418e-05,0.0010404023341834545,0.0007311899680644274,0.0006634393939748406,-0.001394629362039268,-0.0003300894168205559,0.0006188529077917337,-0.0002887634327635169,-0.00027958027203567326,0.0001664679148234427,0.00011311226990073919,0.0004893832956440747,-0.0003627506666816771,-0.0001266327453777194,9.535579010844231e-07,0.00017613876843824983,-0.00017709232633933425,-0.0003603592631407082,0.00017603300511837006,0.00018432625802233815,-9.631295688450336e-05,-0.00028397212736308575,0.0003802850842475891],[-0.0030319271609187126,0.007294145412743092,-0.00426221638917923,0.0023113449569791555,-0.0021982411853969097,-0.00011310260742902756,-0.0020580014679580927,0.0057141417637467384,-0.003656142856925726,-0.0013596138451248407,-0.0033215933945029974,0.004681207239627838,0.0023045691195875406,0.0028458544984459877,-0.005150423385202885,0.0021894501987844706,0.008914916776120663,-0.010104366578161716,0.0003499379672575742,-0.0009527741349302232,0.0006028363713994622,-0.00040921056643128395,0.002089127665385604,-0.0016799168661236763,0.0005682727787643671,0.005048974882811308,-0.005617247894406319,-0.000329664588207379,0.0033024156000465155,-0.002972750924527645,0.0008116277167573571,0.000474073487566784,-0.0012857012916356325,0.001719862804748118,0.001674510887823999,-0.003394372994080186,0.000536720035597682,0.0007386428769677877,-0.0012753630289807916,0.0033296369947493076,0.0023358457256108522,-0.005665482021868229,-1.4964694855734706e-05,0.002887513255700469,-0.0028725487645715475,0.0010003577917814255,0.0002488659811206162,-0.0012492237146943808,0.00044928843271918595,-0.0011566816829144955,0.00070739327929914,-0.0010006432421505451,0.0006775774527341127,0.00032306573120877147,-0.0001938318309839815,-0.0009346873848699033,0.0011285191867500544,8.326656825374812e-05,0.0002488727914169431,-0.0003321394033264369,-0.0005337803158909082,0.0003373844374436885,0.00019639600941445678,0.0008696861332282424,-0.0016122107626870275,0.0007425245130434632,-0.000951378489844501,0.000456325855338946,0.0004950527800247073,-0.00016456781304441392,0.0005377007182687521,-0.0003731328761205077,-0.0001788288791431114,0.00038743673940189183,-0.00020860781660303473,0.001757946563884616,0.0004696070682257414,-0.00222755316644907,-0.00043328735046088696,3.0450784834101796e-05,0.00040283662383444607,6.080142338760197e-05,0.00039726379327476025,-0.00045806518755853176],[0.001421867636963725,-0.005796011071652174,0.004374142736196518,5.224995402386412e-05,0.0030434043146669865,-0.0030956559348851442,0.0005778182530775666,-0.004538667853921652,0.003960851579904556,0.0012107836082577705,0.001153959077782929,-0.0023647432681173086,-0.0023334689904004335,-0.0041691577062010765,0.006502626929432154,-0.00647161528468132,-0.010104366578161716,0.017575986683368683,-0.0007591289468109608,-6.94243935868144e-05,0.000828553456813097,-0.00041598931420594454,-0.002264866139739752,0.002680856268852949,-0.0011666356585919857,-0.0024342560209333897,0.003600891912356019,0.0005493916687555611,-0.002181542105972767,0.0016321504954248667,-0.0012728502042591572,-0.0001087564742192626,0.0013816066784784198,-0.0014843130484223366,-0.0015121792675927281,0.002996492199599743,0.0002558380947448313,0.0012913005193695426,-0.0015471386723220348,-0.0038082569371908903,0.001071904320269823,0.002736351452767849,-8.57667182572186e-05,-0.0023210481740534306,0.002406815066933632,-0.0015256970655173063,0.0008875736966729164,0.0006381233688443899,-0.0005826970445923507,0.002455706475302577,-0.0018730093725025654,0.0008743221405893564,-0.001238607568666339,0.00036428566090762615,0.000542586378287524,0.0011258713202551007,-0.0016684576403349638,0.00014360176282934844,-0.00021973872208036482,7.613709021825343e-05,0.0015181517228484154,-0.0002813543542288244,-0.0012367975432425737,-0.0016008757520467043,0.0009487717179581523,0.0006521042669191957,0.0012814677320420742,-0.0010751779191195965,-0.00020629019127227366,0.0004441476776264608,-0.0007041685748845339,0.0002600210136733949,-0.00031055486761033535,-2.468627644702792e-05,0.0003352412022650242,-0.0017588997725397348,-0.0006457455456256866,0.002404645085334778,0.0007936463807709515,-0.00020648352801799774,-0.0005871628527529538,3.551130794221535e-05,-0.0001132921825046651,7.778087456244975e-05],[-0.0015602344647049904,-0.0020009377039968967,0.003561171004548669,0.0033260141499340534,-0.0030784455593675375,-0.00024757045321166515,-0.0012050408404320478,-0.00027973653050139546,0.0014847771963104606,0.0015220845816656947,-0.0009860743302851915,-0.0005360101349651814,-0.00016747796325944364,-0.0006452722009271383,0.0008127487963065505,0.0004091916198376566,0.0003499379672575742,-0.0007591289468109608,0.002523061353713274,-0.0012107756920158863,-0.0003122843918390572,-0.0006527618388645351,-0.0013272950891405344,0.0019800567533820868,-0.0005193479591980577,-0.0010098718339577317,0.0015292197931557894,0.0008728072862140834,-0.0001575243368279189,-0.0007152828620746732,0.0018031838117167354,-0.0008437223732471466,-0.0009594614966772497,-0.000272320001386106,-0.0016450391849502921,0.0019173589535057545,0.00028702145209535956,-0.0018094403203576803,0.0015224188100546598,0.0021200424525886774,0.0007955284090712667,-0.002915570978075266,0.000673806294798851,0.001577584771439433,-0.0022513912990689278,0.0002898410311900079,-0.0020817755721509457,0.0017919347155839205,-0.00029201919096522033,-0.0005925240111537278,0.0008845432312227786,0.00015523566980846226,-0.0010240073315799236,0.0008687716326676309,0.00017691361426841468,-0.0006533277919515967,0.00047641422133892775,-0.00012226260150782764,-9.57465817919001e-05,0.00021800915419589728,-0.0012457240372896194,-0.0011188965290784836,0.0023646207991987467,0.0006545946816913784,-6.538687739521265e-05,-0.0005892079207114875,0.001016822992824018,0.0007110723527148366,-0.0017278955783694983,8.464497659588233e-05,-0.001214324147440493,0.0011296792654320598,-7.422159978887066e-05,0.0003451535594649613,-0.00027093192329630256,-0.0003638292837422341,-0.0007042409270070493,0.001068070181645453,-0.0001362411567242816,-0.0005752939614467323,0.0007115351036190987,0.00024156959261745214,-0.000350817630533129,0.00010924813977908343],[0.0020246668718755245,0.0011931767221540213,-0.003217843361198902,-0.003187544411048293,0.011737745255231857,-0.008550198748707771,0.000934718525968492,-0.0008278272580355406,-0.00010689115151762962,-0.004121340811252594,0.003251870861276984,0.000869469775352627,-0.0006515039713121951,0.0013310458743944764,-0.0006795417866669595,0.0010221988195553422,-0.0009527741349302232,-6.94243935868144e-05,-0.0012107756920158863,0.015054875984787941,-0.01284409873187542,0.0013421936891973019,0.004018105566501617,-0.005360299721360207,-0.0018341095419600606,0.004209001082926989,-0.00237489165738225,0.0009623261285014451,-0.0012582921190187335,0.000295966281555593,-0.0005238609155640006,0.004021292086690664,-0.003497430821880698,0.0011107902973890305,0.0016267610481008887,-0.0027375509962439537,0.0003225116233807057,0.0018619766924530268,-0.002184488344937563,0.00403493782505393,0.003201838117092848,-0.007236775942146778,-0.0004151979519519955,0.001364152180030942,-0.0009489543153904378,0.00044602417619898915,-0.0019939453341066837,0.0015479212161153555,-0.0006090201204642653,-0.001225796528160572,0.0018348165322095156,0.0013505879323929548,0.0018878610571846366,-0.0032384488731622696,-0.000859524414408952,-0.0012104515917599201,0.002069976180791855,-0.0004220226837787777,0.0005261050537228584,-0.0001040824135998264,0.0003383294097147882,0.001846014871262014,-0.002184344455599785,-0.0009782804409042,-0.0014256273861974478,0.002403907710686326,-0.00019961202633567154,0.0006729278829880059,-0.0004733158857561648,0.0006375098018907011,0.002169569255784154,-0.0028070788830518723,0.0004915628815069795,8.669734233990312e-05,-0.0005782602820545435,0.00028122065123170614,2.9619965062011033e-05,-0.00031084055081009865,0.00015215987514238805,-0.0005814618780277669,0.00042930198833346367,-2.327212132513523e-05,0.0004086243570782244,-0.00038535220664925873],[-0.0004644326400011778,0.0008077609818428755,-0.0003433274105191231,-0.0001384700881317258,-0.00865930039435625,0.008797767572104931,0.0002703223144635558,0.0011075641959905624,-0.0013778856955468655,0.0025992565788328648,-0.0022657965309917927,-0.0003334595530759543,0.0008189818472601473,-0.0006857737898826599,-0.00013320683501660824,-0.0014313904102891684,0.0006028363713994622,0.000828553456813097,-0.0003122843918390572,-0.01284409873187542,0.014156379736959934,-0.0006894305697642267,-0.0026908102445304394,0.003380240872502327,0.002353459130972624,-0.0031991279684007168,0.000845668837428093,-0.001835133065469563,0.0014158164849504828,0.0004193163476884365,-0.0012793221976608038,-0.003177568782120943,0.0044568912126123905,-0.0008384697139263153,1.827965024858713e-05,0.0008201900636777282,-0.0006095329881645739,-5.2537128794938326e-05,0.0006620701169595122,-0.006154980044811964,-0.003997367341071367,0.010152346454560757,-0.00025860778987407684,-0.0029417360201478004,0.0032003438100218773,-0.0007358649745583534,0.004075721837580204,-0.0033398568630218506,0.0009010392241179943,0.001818320364691317,-0.0027193594723939896,-0.0015058228746056557,-0.000863853725604713,0.002369676483795047,0.0006826109602116048,0.0018637797329574823,-0.002546390751376748,0.000544284819625318,-0.000430359214078635,-0.00011392580927349627,0.0009073951514437795,-0.0007271186914294958,-0.00018027660553343594,0.0003236856427974999,0.0014910141471773386,-0.0018146999645978212,-0.0008172109955921769,-0.001383999944664538,0.002201210940256715,-0.0007221544510684907,-0.000955244991928339,0.0016773995012044907,-0.0004173416818957776,-0.00043185031972825527,0.0008491920889355242,8.260909817181528e-05,0.000674621609505266,-0.0007572306785732508,-1.5918834833428264e-05,0.0011567557230591774,-0.0011408368591219187,-0.00021829726756550372,-5.780684296041727e-05,0.00027610413962975144],[0.0008039996027946472,-0.00171957490965724,0.0009155747247859836,-0.0005347245605662465,0.0009239281644113362,-0.0003892044769600034,-0.0012889819918200374,-0.0015625524101778865,0.002851534401997924,-0.0007698811241425574,0.002110297093167901,-0.0013404169585555792,0.0005474156932905316,0.000684005266521126,-0.0012314212508499622,0.0008252005791291595,-0.00040921056643128395,-0.00041598931420594454,-0.0006527618388645351,0.0013421936891973019,-0.0006894305697642267,0.013026973232626915,-9.995640721172094e-05,-0.011927016079425812,0.0002668270899448544,0.0002359793143114075,-0.0005028065061196685,0.0003104443312622607,0.001274636248126626,-0.001