{"epoch":0,"H":[[0.014995268546044827,0.0004713131347671151,-0.01446658093482256,-0.0019914116710424423,-0.0046811699867248535,0.006672580726444721,-4.393613198772073e-05,-0.0020927113946527243,0.002136647468432784,0.0001530386070953682,0.0017015901394188404,-0.0018546287901699543,-0.0005405779811553657,-0.0030523433815687895,0.0035929211881011724,0.0011983050499111414,-0.006195382215082645,0.004997076466679573,0.00037804024759680033,0.0032065543346107006,-0.0035845949314534664,-0.002085004700347781,-0.007430284284055233,0.009515289217233658,0.0005617561982944608,-0.0018545149359852076,0.0012927587376907468,0.0018045823089778423,-0.0033595883287489414,0.0015550066018477082,-0.002028576098382473,-0.0017977296374738216,0.003826306201517582,0.0005838890792801976,-0.003443331690505147,0.002859442727640271,-0.0006349963368847966,-0.0031874217092990875,0.0038224179297685623,0.0014286497607827187,-0.0019067036919295788,0.0004780538147315383,0.0002131009823642671,0.0012505882186815143,-0.0014636892592534423,0.0002962991129606962,-0.0017772000283002853,0.0014809007989242673,0.0010742218000814319,0.0009042956517077982,-0.001978517509996891,0.0021727834828197956,-0.002634687814861536,0.0004619043611455709,-0.0009496711427345872,-0.0016078882617875934,0.0025575594045221806,-4.2051251512020826e-05,0.0010256052482873201,-0.0009835539385676384,-0.0009034483809955418,0.0024051815271377563,-0.0015017332043498755,-0.000754872162360698,-0.0002829311415553093,0.00103780347853899,0.00015506654744967818,0.0002851960598491132,-0.0004402626072987914,-0.00019253621576353908,-0.0021908916532993317,0.002383427694439888,0.0006020081345923245,-0.0002546125906519592,-0.0003473954857327044,-0.0007052560686133802,-0.0010985414264723659,0.0018037976697087288,0.0006200833013281226,-0.0002934262156486511,-0.0003266571438871324,-0.001402679830789566,-0.0003596083843149245,0.0017622881568968296],[0.0004713131347671151,0.013082281686365604,-0.012553595006465912,0.0034075332805514336,0.00775936571881175,-0.011166899465024471,0.0026354813016951084,0.006819278933107853,-0.0094547588378191,-0.0008047516457736492,0.0035239120479673147,-0.0027191604021936655,-0.002139759948477149,0.002026442438364029,0.00011331634595990181,-0.0022393628023564816,0.0023484593257308006,-0.00010909652337431908,-0.0025608683936297894,-0.002215552143752575,0.004776420537382364,0.0037048617377877235,-0.005096934270113707,0.0013920729979872704,0.002588181756436825,-0.0026479882653802633,5.980697460472584e-05,-0.0006007564952597022,0.006188168656080961,-0.005587412975728512,-0.0017727706581354141,4.073015588801354e-05,0.0017320408951491117,0.0034984545782208443,0.00017831730656325817,-0.003676772117614746,0.0025383972097188234,0.0016667309682816267,-0.00420512817800045,0.00412109587341547,0.0020909812301397324,-0.006212078034877777,-0.002346053486689925,0.001968793338164687,0.0003772595664486289,0.0031144446693360806,0.009218236431479454,-0.012332682497799397,-0.0013471387792378664,0.0031377002596855164,-0.0017905615968629718,0.0020495220087468624,-0.00012505485210567713,-0.0019244670402258635,-0.0010550037259235978,-0.0034832460805773735,0.0045382496900856495,-0.003817809745669365,0.0026287632063031197,0.0011890459572896361,-0.001119520515203476,-0.001275768969208002,0.002395289484411478,0.000786260177846998,-0.0020050068851560354,0.0012187467655166984,0.0051503852009773254,0.0017085050931200385,-0.006858889479190111,0.00117121497169137,0.0014655685517936945,-0.0026367835234850645,0.00022731866920366883,0.0031723526772111654,-0.003399671521037817,-0.002517277142032981,-0.002583442721515894,0.0051007200963795185,0.001434739795513451,0.0010560279479250312,-0.0024907677434384823,0.00016379519365727901,0.003464820794761181,-0.00362861598841846],[-0.01446658093482256,-0.012553595006465912,0.02802017517387867,-0.0014161221915856004,-0.003078196197748184,0.004494318272918463,-0.0025915454607456923,-0.004726571496576071,0.007318116724491119,0.0006517130532301962,-0.005225501488894224,0.004573788493871689,0.002680337755009532,0.0010258997790515423,-0.003706237068399787,0.0010410589165985584,0.003846923355013132,-0.004887981805950403,0.002182828262448311,-0.0009910017251968384,-0.0011918264208361506,-0.0016198589000850916,0.012527217157185078,-0.01090735848993063,-0.003149937139824033,0.004502502735704184,-0.001352566061541438,-0.0012038256973028183,-0.00282858032733202,0.004032406024634838,0.0038013476878404617,0.0017569998744875193,-0.005558348260819912,-0.004082344472408295,0.0032650139182806015,0.0008173309033736587,-0.0019034006400033832,0.0015206923708319664,0.0003827083273790777,-0.0055497451685369015,-0.00018427683971822262,0.005734022241085768,0.002132953843101859,-0.0032193816732615232,0.001086427946574986,-0.0034107440151274204,-0.0074410391971468925,0.010851782746613026,0.00027291744481772184,-0.004041996318846941,0.0037690792232751846,-0.004222305025905371,0.0027597418520599604,0.0014625629410147667,0.002004675567150116,0.005091133527457714,-0.00709580909460783,0.0038598617538809776,-0.003654368221759796,-0.00020549324108287692,0.002022969536483288,-0.0011294134892523289,-0.0008935565128922462,-3.138813190162182e-05,0.0022879375610500574,-0.0022565494291484356,-0.005305451340973377,-0.0019937013275921345,0.007299153134226799,-0.0009786792797967792,0.0007253233343362808,0.0002533558290451765,-0.000829326338134706,-0.00291774095967412,0.003747067414224148,0.0032225335016846657,0.003681983333081007,-0.00690451730042696,-0.002054822165518999,-0.0007626018486917019,0.0028174244798719883,0.0012388875475153327,-0.0031052129343152046,0.0018663257360458374],[-0.0019914116710424423,0.0034075332805514336,-0.0014161221915856004,0.007241894491016865,0.004802117124199867,-0.011044010519981384,-0.0016017508460208774,-0.0030225885566323996,0.0046243383549153805,0.0005916139343753457,-0.007505007553845644,0.006913394201546907,0.0006505960482172668,-0.0007315665134228766,8.097040699794888e-05,-0.0016459424514323473,0.001001434400677681,0.0006445081671699882,0.000900189159438014,-0.0021502329036593437,0.0012500438606366515,0.0022737139370292425,0.0016659442335367203,-0.003939657472074032,-0.0024802791886031628,-0.00018319740775041282,0.0026634763926267624,-0.00034291119663976133,0.0011923264246433973,-0.0008494153153151274,0.0032045878469944,0.00021503420430235565,-0.0034196223132312298,-0.002281341701745987,-0.0015486901393160224,0.003830031957477331,-0.00046721985563635826,0.002806659322232008,-0.0023394396994262934,-0.001982326153665781,0.001931633218191564,5.069299368187785e-05,0.000609675538726151,-0.00020332797430455685,-0.0004063473897986114,-0.0014141275314614177,0.0014842438977211714,-7.011645357124507e-05,0.00031031572143547237,-0.0004279722925275564,0.0001176565419882536,-0.002652456285431981,0.0029118990059942007,-0.0002594429533928633,-0.0009441618458367884,-0.0016634734347462654,0.0026076354552060366,0.00023162225261330605,-0.0035828654654324055,0.0033512432128190994,0.0010512631852179766,0.00011181039735674858,-0.0011630735825747252,-3.8949205190874636e-05,-0.000513051578309387,0.0005520007689483464,0.0030220544431358576,0.003787631168961525,-0.006809684913605452,0.0013585042906925082,0.0003155198064632714,-0.001674023806117475,-0.0008668209775350988,0.002697970252484083,-0.0018311492167413235,-0.00041819404577836394,-0.0002331854193471372,0.0006513794651255012,-0.0007741959998384118,0.0013475775485858321,-0.0005733814905397594,-6.70012814225629e-05,-0.0003798372345045209,0.00044683850137516856],[-0.0046811699867248535,0.00775936571881175,-0.003078196197748184,0.004802117124199867,0.01735820807516575,-0.021160319447517395,0.001438898965716362,0.003998957574367523,-0.005437855608761311,-0.005379386246204376,0.00492444634437561,0.00045493897050619125,0.003148633986711502,-0.0021535647101700306,-0.0009950685780495405,-0.002029404044151306,-0.002284856978803873,0.0043142614886164665,-0.0037703048437833786,0.0009498102590441704,0.002820494119077921,0.0012068587820976973,0.004566247574985027,-0.005773105658590794,0.0049226959235966206,0.006725712213665247,-0.011648406274616718,0.0004878430627286434,0.0047858660109341145,-0.005273709073662758,-0.00036800530506297946,0.0030600447207689285,-0.002692038891837001,0.003949735779315233,-5.6738645071163774e-05,-0.0038929972797632217,0.0007209687028080225,0.00016558801871724427,-0.0008865565760061145,0.0009880681755021214,0.0033441914711147547,-0.004332259763032198,0.0005172208184376359,0.010096762329339981,-0.010613983497023582,0.0025599291548132896,-0.0018092714017257094,-0.0007506577530875802,0.0004400539619382471,0.0045066880993545055,-0.004946742206811905,0.00011255551362410188,0.0017667269567027688,-0.0018792825285345316,0.002206182572990656,0.00021288543939590454,-0.002419067779555917,-0.0035575160291045904,0.0009347714949399233,0.002622744766995311,-0.0023453813046216965,0.0010770275257527828,0.001268354244530201,0.0013891139533370733,0.0016665169969201088,-0.0030556311830878258,0.0021374146454036236,-0.0007133609615266323,-0.001424053800292313,-0.0022766967304050922,-0.002714133355766535,0.00499082962051034,0.0004625011933967471,0.0011318712495267391,-0.0015943722100928426,-0.0005952843930572271,-0.00017722760094329715,0.0007725119357928634,0.0009650555439293385,0.0011200616136193275,-0.002085117157548666,-0.0018602299969643354,0.0015943733742460608,0.0002658564771991223],[0.006672580726444721,-0.011166899465024471,0.004494318272918463,-0.011044010519981384,-0.021160319447517395,0.0332043282687664,0.00016285348101519048,-0.0009763690177351236,0.0008135156240314245,0.00478777289390564,0.0025805586483329535,-0.007368330843746662,-0.0037992296274751425,0.0028851344250142574,0.000914095202460885,0.003675347426906228,0.0012834242079406977,-0.004958772100508213,0.00287011475302279,0.001200422877445817,-0.004070537630468607,-0.003480571787804365,-0.006232190411537886,0.009712761268019676,-0.002442418597638607,-0.006542516872286797,0.008984935469925404,-0.00014493113849312067,-0.0059781912714242935,0.00612312275916338,-0.002836580853909254,-0.0032750782556831837,0.006111659109592438,-0.0016683930298313498,0.001605429220944643,6.296392530202866e-05,-0.00025374843971803784,-0.0029722487088292837,0.0032259973231703043,0.0009942578617483377,-0.005275826435536146,0.004281568340957165,-0.0011268963571637869,-0.00989343412220478,0.011020330712199211,-0.001145802903920412,0.000325025524944067,0.0008207774953916669,-0.0007503691595047712,-0.0040787155739963055,0.00482908496633172,0.0025398992002010345,-0.004678627476096153,0.002138728741556406,-0.0012620212510228157,0.0014505884610116482,-0.0001885673264041543,0.0033258937764912844,0.002648094901815057,-0.005973988212645054,0.0012941170716658235,-0.0011888366425409913,-0.00010528054554015398,-0.001350164646282792,-0.001153465360403061,0.0025036302395164967,-0.0051594688557088375,-0.0030742683447897434,0.008233737200498581,0.0009181909263134003,0.0023986122105270624,-0.003316802904009819,0.0004043194931000471,-0.0038298419676721096,0.0034255224745720625,0.0010134783806279302,0.00041041331132873893,-0.0014238918665796518,-0.00019085966050624847,-0.002467638347297907,0.0026584980078041553,0.0019272324861958623,-0.0012145346263423562,-0.0007126974523998797],[-4.393613198772073e-05,0.0026354813016951084,-0.0025915454607456923,-0.0016017508460208774,0.001438898965716362,0.00016285348101519048,-0.005060626193881035,0.01325023453682661,-0.007189606316387653,-0.0024564960040152073,0.0027198882307857275,-0.0002633926924318075,0.0002374804753344506,0.0018295071786269546,-0.002066987566649914,0.0011625541374087334,0.0017433258472010493,-0.0029058801010251045,-4.35651745647192e-05,0.0030662422068417072,-0.0030226772651076317,-0.0010689524933695793,0.0011090467451140285,-4.0094542782753706e-05,0.0031002270989120007,0.001994937192648649,-0.0050951638258993626,0.0010153239127248526,0.0013807332143187523,-0.002396056894212961,-0.0010720647405833006,0.0013233450008556247,-0.00025128014385700226,-0.00010695551463868469,0.0003358026151545346,-0.00022884696954861283,0.004192831460386515,0.0022448766976594925,-0.006437709089368582,0.003260331694036722,-0.00295326579362154,-0.00030706613324582577,-0.0005905823782086372,-0.0026783589273691177,0.003268941305577755,0.0008740077028051019,-0.001917694229632616,0.0010436865268275142,0.001304973498918116,-0.0006015659892000258,-0.0007034076261334121,-4.7529523726552725e-05,0.00038233798113651574,-0.0003348086611367762,-0.00017777032917365432,0.0004811488906852901,-0.0003033785615116358,-0.00022338655253406614,0.00075174355879426,-0.0005283570499159396,-0.0004163611738476902,-0.0002842348185367882,0.0007005960214883089,0.00039733422454446554,-0.00024069136998150498,-0.00015664291277062148,0.00020149792544543743,-0.0019668706227093935,0.001765372697263956,-0.00043376488611102104,-0.0012116895522922277,0.0016454544384032488,-1.7647631466388702e-05,-0.0011693097185343504,0.001186957350000739,9.957433212548494e-05,0.00010299644782207906,-0.00020257075084373355,5.173390673007816e-05,-0.0004417151212692261,0.00038998122909106314,-2.6716734282672405e-05,-0.0004158810479566455,0.0004425977822393179],[-0.0020927113946527243,0.006819278933107853,-0.004726571496576071,-0.0030225885566323996,0.003998957574367523,-0.0009763690177351236,0.01325023453682661,0.009674884378910065,-0.021925117820501328,-0.003643699223175645,0.0035132961347699165,0.00013040227349847555,-0.0024769913870841265,0.004023876041173935,-0.0015468847705051303,-0.0030718345660716295,0.0008496373193338513,0.0022221975959837437,-0.0008240771712735295,0.001744931796565652,-0.0009208545088768005,0.0002974705130327493,0.0024393144994974136,-0.0027367849834263325,0.00890677236020565,-0.0019141272641718388,-0.006992644630372524,-0.000553590536583215,0.006010779179632664,-0.005457188934087753,-0.0003258681681472808,0.0013324788305908442,-0.0010066108079627156,-0.0005157690611667931,0.0019015866564586759,-0.0013858175370842218,0.0029519558884203434,-0.0016360849840566516,-0.0013158710207790136,0.004492836073040962,-0.0004709440399892628,-0.004021891858428717,-0.0009894147515296936,-0.0038545532152056694,0.004843967966735363,0.0009748280863277614,0.0012674406170845032,-0.0022422687616199255,-0.0017045442946255207,-0.0005198507569730282,0.0022243952844291925,0.0017426004633307457,0.002928003668785095,-0.004670603666454554,-0.0011264914646744728,0.0016747876070439816,-0.0005482962587848306,-0.001590217580087483,0.001018452923744917,0.000571764656342566,-0.00046538878814317286,-0.0009203092195093632,0.0013856980949640274,0.0015493064420297742,0.0004836232983507216,-0.0020329297985881567,0.0012397500686347485,0.00034985196543857455,-0.001589601975865662,-0.0004018861800432205,0.00037328567123040557,2.860068343579769e-05,0.000510078389197588,0.0004501116054598242,-0.0009601899655535817,-0.0008324851514771581,-0.0007681139395572245,0.0016005992656573653,0.0002475105575285852,0.0007350497762672603,-0.0009825603337958455,-5.955988308414817e-05,0.0013209348544478416,-0.0012613751459866762],[0.002136647468432784,-0.0094547588378191,0.007318116724491119,0.0046243383549153805,-0.005437855608761311,0.0008135156240314245,-0.007189606316387653,-0.021925117820501328,0.03011472523212433,0.006100194063037634,-0.006233184598386288,0.0001329905353486538,0.0022395115811377764,-0.005853382870554924,0.0036138719879090786,0.0019092808943241835,-0.002592963632196188,0.0006836830289103091,0.0008676418219693005,-0.0048111723735928535,0.003943530842661858,0.0007714802050031722,-0.0035483636893332005,0.002776883542537689,-0.012006998993456364,-8.081039413809776e-05,0.0120878079906106,-0.00046173378359526396,-0.007391512393951416,0.007853245362639427,0.00139793218113482,-0.002655824413523078,0.0012578919995576143,0.0006227247649803758,-0.002237389562651515,0.001614664914086461,-0.007144787348806858,-0.0006087928777560592,0.007753580808639526,-0.007753169164061546,0.003424207679927349,0.00432896101847291,0.0015799971297383308,0.0065329126082360744,-0.008112909272313118,-0.0018488353816792369,0.00065025215735659,0.0011985833989456296,0.0003995706792920828,0.0011214156402274966,-0.0015209862031042576,-0.0016950712306424975,-0.0033103416208177805,0.005005412735044956,0.001304261852055788,-0.0021559372544288635,0.0008516754023730755,0.0018136033322662115,-0.0017701967153698206,-4.340632585808635e-05,0.0008817499037832022,0.0012045446783304214,-0.0020862945821136236,-0.001946641132235527,-0.00024293281603604555,0.002189574297517538,-0.001441247877664864,0.0016170183662325144,-0.00017577072139829397,0.0008356510079465806,0.0008384037646465003,-0.0016740548890084028,-0.0004924310487695038,0.0007191969198174775,-0.00022676581284031272,0.0007329108193516731,0.0006651170551776886,-0.0013980281073600054,-0.00029924383852630854,-0.00029333532438613474,0.0005925793666392565,8.627644274383783e-05,-0.0009050540393218398,0.0008187777129933238],[0.0001530386070953682,-0.0008047516457736492,0.0006517130532301962,0.0005916139343753457,-0.005379386246204376,0.00478777289390564,-0.0024564960040152073,-0.003643699223175645,0.006100194063037634,0.012129878625273705,0.0053643458522856236,-0.016494223847985268,0.000885055516846478,-0.002547364216297865,0.001662308583036065,-0.001009114901535213,-0.0027782912366092205,0.0037874062545597553,0.001453009550459683,-0.0026840977370738983,0.001231088419444859,0.0009597400203347206,0.0006089510279707611,-0.001568690873682499,0.0020854114554822445,-0.0051320502534508705,0.0030466390307992697,0.00041227362817153335,-0.0027820351533591747,0.0023697614669799805,0.0020821066573262215,-0.0020158973056823015,-6.620964268222451e-05,-0.000978005351498723,-0.0021218652836978436,0.0030998708680272102,0.00015045341569930315,-0.00287750200368464,0.002727048471570015,-0.0018100632587447762,-0.004439158830791712,0.006249221973121166,0.0010209198808297515,0.002067117253318429,-0.0030880370177328587,-0.00022611848544329405,-0.0005077675450593233,0.000733886263333261,-0.0001563749392516911,-0.0012396314414218068,0.0013960064388811588,-0.0010018248576670885,0.0009478042484261096,5.402066744863987e-05,0.0006212512962520123,-0.0010212251218035817,0.00039997376734390855,-0.000317166093736887,0.0011077539529651403,-0.0007905877428129315,0.00035722809843719006,-0.000572837539948523,0.0002156093396479264,-0.0005641270545311272,-0.0011675041168928146,0.0017316312296316028,0.001049719168804586,0.0006265188567340374,-0.0016762379091233015,-0.0011770132696256042,-0.00032671098597347736,0.0015037241391837597,-0.0001852874702308327,-9.934924310073256e-05,0.0002846368297468871,-0.00028213229961693287,-4.193640415905975e-05,0.0003240687074139714,0.0006889235810376704,0.00016225152648985386,-0.0008511750493198633,0.0009942796314135194,0.0013550546718761325,-0.0023493338376283646],[0.0017015901394188404,0.0035239120479673147,-0.005225501488894224,-0.007505007553845644,0.00492444634437561,0.0025805586483329535,0.0027198882307857275,0.0035132961347699165,-0.006233184598386288,0.0053643458522856236,0.007646376732736826,-0.012010721489787102,-0.004117809701710939,0.0037806297186762094,0.00033717986661940813,-0.001460984698496759,0.00023068359587341547,0.0012303009862080216,-0.002805678639560938,0.005224189721047878,-0.0024185110814869404,0.0018266013357788324,0.008015093393623829,-0.009841693565249443,0.007775601465255022,0.0057567148469388485,-0.01353231631219387,0.0011314966250211,0.0041647846810519695,-0.005296281538903713,-0.0002680372854229063,0.00578523613512516,-0.005517198704183102,0.0006817522807978094,0.003946948330849409,-0.004628700669854879,0.0031371666118502617,-0.006161979865282774,0.0030248137190937996,0.0017436245689168572,-0.0045881387777626514,0.0028445138595998287,-0.0005466894945129752,0.0023796928580850363,-0.0018330032471567392,0.0017331591807305813,-0.0026630708016455173,0.0009299115044996142,-0.0018894581589847803,0.0019911073613911867,-0.00010164937702938914,0.0008612148812972009,0.00031110551208257675,-0.001172320218756795,0.002349019516259432,0.0012420272687450051,-0.0035910464357584715,-0.0035850442945957184,-0.0004801250761374831,0.004065169021487236,-0.0005894602509215474,-0.00014311657287180424,0.0007325769402086735,0.0004955186159349978,0.00262066931463778,-0.0031161881051957607,-2.7582980692386627e-05,-0.0016322304727509618,0.0016598134534433484,-0.0031115226447582245,-0.0031954029109328985,0.006306925322860479,0.0012958411825820804,-0.0037578437477350235,0.0024620024487376213,0.0009532191324979067,0.0006435548420995474,-0.001596774091012776,0.0007314318208955228,0.0014010707382112741,-0.002132502617314458,-8.194788824766874e-05,0.004331632517278194,-0.004249684512615204],[-0.0018546287901699543,-0.0027191604021936655,0.004573788493871689,0.006913394201546907,0.00045493897050619125,-0.007368330843746662,-0.0002633926924318075,0.00013040227349847555,0.0001329905353486538,-0.016494223847985268,-0.012010721489787102,0.029504943639039993,0.003232753835618496,-0.0012332639889791608,-0.001999489963054657,0.002470098901540041,0.0025476068258285522,-0.0050177061930298805,0.0013526704860851169,-0.00254009198397398,0.0011874219635501504,-0.0027863397262990475,-0.008624043315649033,0.011410383507609367,-0.009861011989414692,-0.0006246648263186216,0.010485676117241383,-0.001543770544230938,-0.0013827498769387603,0.00292652053758502,-0.0018140687607228756,-0.0037693376652896404,0.005583406426012516,0.00029625336173921824,-0.0018250832799822092,0.001528829918242991,-0.0032876201439648867,0.009039482101798058,-0.005751860793679953,6.64382241666317e-05,0.00902729481458664,-0.009093733504414558,-0.00047422980424016714,-0.00444681104272604,0.0049210404977202415,-0.0015070413937792182,0.0031708371825516224,-0.0016637962544336915,0.0020458330400288105,-0.0007514753961004317,-0.001294357585720718,0.00014060991816222668,-0.0012589087709784508,0.001118298852816224,-0.002970270346850157,-0.00022080237977206707,0.003191072726622224,0.003902210621163249,-0.0006276295753195882,-0.003274580929428339,0.00023223139578476548,0.0007159542292356491,-0.0009481855668127537,6.86087878420949e-05,-0.0014531653141602874,0.0013845564099028707,-0.0010221363045275211,0.0010057109175249934,1.642550341784954e-05,0.0042885360307991505,0.0035221129655838013,-0.007810648530721664,-0.0011105537414550781,0.003857192350551486,-0.0027466388419270515,-0.0006710872985422611,-0.0006016181432642043,0.0012727055000141263,-0.0014203556347638369,-0.0015633213333785534,0.0029836769681423903,-0.0009123319759964943,-0.0056866854429244995,0.006599017884582281],[-0.0005405779811553657,-0.002139759948477149,0.002680337755009532,0.0006505960482172668,0.003148633986711502,-0.0037992296274751425,0.0002374804753344506,-0.0024769913870841265,0.0022395115811377764,0.000885055516846478,-0.004117809701710939,0.003232753835618496,0.012310308404266834,0.0008004435803741217,-0.012110752984881401,8.419193181907758e-05,-0.002170993946492672,0.002086802152916789,0.0005025595892220736,-0.0008502150885760784,0.00034765549935400486,0.0005988749326206744,-0.0028786673210561275,0.002279792446643114,0.00014811730943620205,-0.005532401613891125,0.005384284071624279,0.00024231521820183843,0.0010322348680347204,-0.001274550100788474,-4.479390918277204e-05,-0.0006418105331249535,0.000686604471411556,0.0007486993563361466,0.0009210117277689278,-0.0016697110841050744,-0.0008114077500067651,-0.0018000955460593104,0.002611503005027771,-0.0001217374810948968,0.002961251884698868,-0.002839514287188649,-0.00044888845877721906,0.002349597867578268,-0.00190070946700871,-9.260424121748656e-06,0.002100465353578329,-0.0020912049803882837,0.00013073567242827266,0.00044994958443567157,-0.0005806853296235204,-0.00032042901148088276,0.0007590348832309246,-0.0004386060463730246,-0.00013621000107377768,3.3451011404395103e-05,0.00010275881504639983,-0.0006181932985782623,-0.0003910597297362983,0.001009252853691578,-6.975303404033184e-05,0.00011108594480901957,-4.133289257879369e-05,-0.0003960098256357014,-0.00014885082782711834,0.0005448607844300568,-1.9847211660817266e-05,0.0013089694548398256,-0.001289122155867517,0.000789712998084724,0.0021684695966541767,-0.0029581827111542225,0.00043690597522072494,0.0019844956696033478,-0.002421401673927903,-7.463197835022584e-05,-0.0011311790440231562,0.001205810927785933,0.0005663892952725291,0.00015917097334749997,-0.0007255604141391814,-0.0001579448871780187,0.0005281718913465738,-0.0003702269750647247],[-0.0030523433815687895,0.002026442438364029,0.0010258997790515423,-0.0007315665134228766,-0.0021535647101700306,0.0028851344250142574,0.0018295071786269546,0.004023876041173935,-0.005853382870554924,-0.002547364216297865,0.0037806297186762094,-0.0012332639889791608,0.0008004435803741217,0.012112104333937168,-0.01191254798322916,-0.0008368045673705637,0.003997473511844873,-0.0031606685370206833,-0.0006084672641009092,-0.0016337103443220258,0.002242177492007613,-0.00012390213669277728,0.004364762920886278,-0.0042408606968820095,0.005619717296212912,-0.0023296489380300045,-0.00329006789252162,-0.00026385782985016704,0.004692581482231617,-0.004428723827004433,-0.0013682013377547264,0.0006846028263680637,0.0006835988024249673,0.002377923810854554,0.00871000811457634,-0.0110879335552454,0.003550879191607237,-0.001976924017071724,-0.0015739556401968002,0.001551460474729538,0.0025650644674897194,-0.004116525407880545,-0.0020674271509051323,8.946051821112633e-06,0.0020584804005920887,0.001222997554577887,0.00433292705565691,-0.005555924493819475,-0.001981687732040882,0.0017037284560501575,0.00027795915957540274,0.0006045667687430978,0.001137447077780962,-0.0017420138465240598,0.0017642134334892035,0.003017227165400982,-0.004781440831720829,-0.0011064979480579495,8.72759846970439e-05,0.001019221730530262,0.00024382967967540026,-0.002000583801418543,0.0017567540053278208,-0.00013632600894197822,0.0011960952542722225,-0.0010597691871225834,-0.001675872365012765,-0.0009852368384599686,0.00266110897064209,-0.0011778675252571702,0.0023833937011659145,-0.0012055267579853535,0.0009926075581461191,-0.0010998655343428254,0.00010725786705734208,0.0012369914911687374,-0.0008944850997067988,-0.00034250656608492136,0.000900316284969449,-0.000115079281385988,-0.0007852371782064438,0.0007716685067862272,0.0018217603210359812,-0.0025934288278222084],[0.0035929211881011724,0.00011331634595990181,-0.003706237068399787,8.097040699794888e-05,-0.0009950685780495405,0.000914095202460885,-0.002066987566649914,-0.0015468847705051303,0.0036138719879090786,0.001662308583036065,0.00033717986661940813,-0.001999489963054657,-0.012110752984881401,-0.01191254798322916,0.02502330206334591,0.0007526130648329854,-0.001826479216106236,0.0010738660348579288,0.00010590750025585294,0.002483923686668277,-0.002589831128716469,-0.0004749716317746788,-0.0014860955998301506,0.001961067318916321,-0.00576783437281847,0.007862050086259842,-0.002094216411933303,2.1542356989812106e-05,-0.005724815651774406,0.005703273694962263,0.0014129946939647198,-4.279328277334571e-05,-0.0013702013529837132,-0.003126622876152396,-0.009631019085645676,0.012757642194628716,-0.0027394709177315235,0.003777019679546356,-0.0010375480633229017,-0.0014297234592959285,-0.005526314955204725,0.006956038996577263,0.002516314387321472,-0.0023585446178913116,-0.0001577688381075859,-0.0012137370649725199,-0.006433392409235239,0.0076471297070384026,0.0018509516958147287,-0.002153677400201559,0.0003027254715561867,-0.00028413813561201096,-0.0018964809132739902,0.002180619165301323,-0.0016280031995847821,-0.0030506779439747334,0.004678681027144194,0.0017246917122974992,0.0003037828719243407,-0.0020284743513911963,-0.00017407626728527248,0.0018894958775490522,-0.0017154195811599493,0.0005323356599546969,-0.0010472440626472235,0.0005149082862772048,0.001695718732662499,-0.00032373121939599514,-0.0013719871640205383,0.00038815493462607265,-0.004551864229142666,0.004163709469139576,-0.0014295123983174562,-0.0008846299024298787,0.002314142417162657,-0.0011623596074059606,0.0020256636198610067,-0.0008633038378320634,-0.0014667053474113345,-4.409183748066425e-05,0.001510797068476677,-0.000613723648712039,-0.0023499338421970606,0.0029636574909090996],[0.0011983050499111414,-0.0022393628023564816,0.0010410589165985584,-0.0016459424514323473,-0.002029404044151306,0.003675347426906228,0.0011625541374087334,-0.0030718345660716295,0.0019092808943241835,-0.001009114901535213,-0.001460984698496759,0.002470098901540041,8.419193181907758e-05,-0.0008368045673705637,0.0007526130648329854,0.006023687310516834,0.009871870279312134,-0.014895557425916195,-0.0009493647376075387,3.907916834577918e-06,0.0009454567334614694,-0.00027708394918590784,0.0009023687453009188,-0.0006252847379073501,-0.00023043181863613427,-0.00032497404026798904,0.0005554058589041233,0.001184927998110652,-0.0009728865115903318,-0.00021204137010499835,0.00014779057528357953,-0.0005012936308048666,0.0003535031573846936,0.0008315318846143782,0.002131833229213953,-0.002963365288451314,-0.0003787697642110288,-0.0008376071345992386,0.0012163768988102674,0.003416568972170353,-0.0017636149423196912,-0.0016529542626813054,0.0008054853533394635,0.0010239193215966225,-0.001829404616728425,-0.0029356717132031918,3.7243502447381616e-05,0.0028984281234443188,0.0007987409480847418,2.991157816722989e-05,-0.0008286526426672935,0.00042364816181361675,-9.185446833726019e-05,-0.0003317936498206109,-0.0002277634630445391,0.0001633564825169742,6.440712604671717e-05,0.0008143491577357054,0.002184556797146797,-0.0029989054892212152,-0.0006133499555289745,0.0006611084099858999,-4.775845445692539e-05,0.0003995498991571367,0.00117468589451164,-0.0015742358518764377,5.403169780038297e-05,-0.00020702887559309602,0.0001529972068965435,0.00025599219952709973,0.0011759067419916391,-0.0014318990288302302,-3.1964926165528595e-05,0.00026414613239467144,-0.00023218119167722762,0.0006842924631200731,0.002323110355064273,-0.0030074026435613632,-0.0010210660984739661,-0.0003167124814353883,0.0013377786381170154,-0.0008862825925461948,0.0003637688350863755,0.0005225136992521584],[-0.006195382215082645,0.0023484593257308006,0.003846923355013132,0.001001434400677681,-0.002284856978803873,0.0012834242079406977,0.0017433258472010493,0.0008496373193338513,-0.002592963632196188,-0.0027782912366092205,0.00023068359587341547,0.0025476068258285522,-0.002170993946492672,0.003997473511844873,-0.001826479216106236,0.009871870279312134,0.010551294311881065,-0.019423164427280426,-0.0018064093310385942,-0.004822651389986277,0.0066290609538555145,-0.00025139213539659977,0.003906168742105365,-0.0036547770723700523,-0.0007105369586497545,0.0020823157392442226,-0.0013717786641791463,-6.344565190374851e-05,0.004394384101033211,-0.004330938216298819,0.0006336061633192003,5.665153730660677e-05,-0.000690257758833468,-0.0006711608148179948,0.0033507640473544598,-0.002679603174328804,0.002300466177985072,0.0009825227316468954,-0.0032829889096319675,0.007979406043887138,0.00043364084558561444,-0.008413046598434448,-0.0022883054334670305,-0.0004141607787460089,0.002702465746551752,-0.0008175780531018972,0.0005415959749370813,0.0002759819617494941,-0.00021643991931341588,0.0006760985124856234,-0.0004596585931722075,0.0009917125571519136,0.00420984486117959,-0.0052015576511621475,-0.0007263043662533164,0.0033326635602861643,-0.002606359077617526,0.00010617409134283662,0.0012096862774342299,-0.0013158601941540837,0.0002670721150934696,-0.0016238137613981962,0.0013567416463047266,4.334721597842872e-05,0.0019176001660525799,-0.0019609476439654827,-0.0004679384583141655,0.0003473484539426863,0.0001205899752676487,0.0010823170887306333,0.004259699955582619,-0.00534201692789793,-0.0001241096470039338,1.5660305507481098e-05,0.00010844937060028315,-0.0008754550945013762,0.0007053118897601962,0.00017014320474117994,-0.0002949051558971405,-0.0011577436234802008,0.001452649012207985,0.000910738599486649,0.0006221823859959841,-0.0015329209854826331],[0.004997076466679573,-0.00010909652337431908,-0.004887981805950403,0.0006445081671699882,0.0043142614886164665,-0.004958772100508213,-0.0029058801010251045,0.0022221975959837437,0.0006836830289103091,0.0037874062545597553,0.0012303009862080216,-0.0050177061930298805,0.002086802152916789,-0.0031606685370206833,0.0010738660348579288,-0.014895557425916195,-0.019423164427280426,0.03531872481107712,0.002755774650722742,0.004818742163479328,-0.007574516348540783,0.0005284745711833239,-0.00480854045599699,0.004280065186321735,0.000940969621296972,-0.001757343066856265,0.0008163735037669539,-0.00112148467451334,-0.0034214998595416546,0.004542984068393707,-0.0007813970441929996,0.0004446404054760933,0.0003367566969245672,-0.00016037038585636765,-0.005482596345245838,0.005642966367304325,-0.0019216970540583134,-0.00014491588808596134,0.002066613407805562,-0.01139597687870264,0.001329973922111094,0.01006600446999073,0.001482819439843297,-0.0006097593577578664,-0.0008730596746318042,0.00375325046479702,-0.0005788386915810406,-0.0031744115985929966,-0.0005823014071211219,-0.0007060107309371233,0.0012883121380582452,-0.001415360951796174,-0.0041179899126291275,0.005533350631594658,0.0009540677419863641,-0.0034960201010107994,0.002541952533647418,-0.000920522550586611,-0.0033942419104278088,0.004314764402806759,0.0003462799941189587,0.0009627047693356872,-0.0013089848216623068,-0.0004428974352777004,-0.0030922850128263235,0.0035351822152733803,0.00041390632395632565,-0.00014031899627298117,-0.0002735873276833445,-0.001338308211416006,-0.005435608327388763,0.006773916073143482,0.00015607447130605578,-0.0002798070781864226,0.00012373266508802772,0.00019116344628855586,-0.0030284218955785036,0.002837258158251643,0.0013159718364477158,0.001474456861615181,-0.0027904286980628967,-2.445650170557201e-05,-0.0009859518613666296,0.001010408392176032],[0.00037804024759680033,-0.0025608683936297894,0.002182828262448311,0.000900189159438014,-0.0037703048437833786,0.00287011475302279,-4.35651745647192e-05,-0.0008240771712735295,0.0008676418219693005,0.001453009550459683,-0.002805678639560938,0.0013526704860851169,0.0005025595892220736,-0.0006084672641009092,0.00010590750025585294,-0.0009493647376075387,-0.0018064093310385942,0.002755774650722742,0.00614005234092474,-0.006505056284368038,0.0013650034088641405,0.0001963192189577967,-0.00038788351230323315,0.00019156429334543645,-0.001673356513492763,-0.0008843292016535997,0.0025576853659003973,-0.000945159001275897,-0.0013065712992101908,0.002251730300486088,0.0009368640021421015,-0.000498949084430933,-0.0004379150632303208,0.0002972749643959105,-0.0004523057141341269,0.00015503057511523366,0.0013724563177675009,0.0006693132454529405,-0.002041769679635763,-0.002202747156843543,-0.00027041626162827015,0.0024731638841331005,-0.0014385520480573177,0.000325312401400879,0.0011132394429296255,0.000784238800406456,-0.0015262349043041468,0.000741995987482369,-0.0003625222307164222,0.0011816767510026693,-0.0008191545493900776,-0.0012307356810197234,0.0011861298698931932,4.460556374397129e-05,-0.0006326125003397465,-0.00039783763349987566,0.0010304501047357917,0.0003229751018807292,-0.0014932812191545963,0.0011703060008585453,0.0010785313788801432,7.867948443163186e-05,-0.0011572110233828425,-0.00024310658045578748,-0.0005007284926250577,0.0007438351167365909,0.0003966852673329413,0.0016963487723842263,-0.002093033865094185,0.0009976187720894814,-0.00013163837138563395,-0.0008659803424961865,-2.55637860391289e-05,-0.0008320885244756937,0.0008576522814109921,-0.00046227738494053483,0.0006888746866025031,-0.0002265973307657987,-0.00044456429895944893,-5.5484466429334134e-05,0.0005000488017685711,0.0006627264665439725,-0.0004771500825881958,-0.00018557625298853964],[0.0032065543346107006,-0.002215552143752575,-0.0009910017251968384,-0.0021502329036593437,0.0009498102590441704,0.001200422877445817,0.0030662422068417072,0.001744931796565652,-0.0048111723735928535,-0.0026840977370738983,0.005224189721047878,-0.00254009198397398,-0.0008502150885760784,-0.0016337103443220258,0.002483923686668277,3.907916834577918e-06,-0.004822651389986277,0.004818742163479328,-0.006505056284368038,0.016362667083740234,-0.008857609704136848,-0.00025274971267208457,0.0022231980692595243,-0.0019704485312104225,0.001726971473544836,0.00041036983020603657,-0.0021373413037508726,0.0008914000354707241,0.0006739830132573843,-0.0015653831651434302,-0.001150473952293396,0.001828051172196865,-0.0006775769288651645,0.0013823234476149082,0.0008200609590858221,-0.0022023844067007303,0.0011541990097612143,-0.0006806830642744899,-0.0004735160036943853,-0.0014054608764126897,-0.006922242231667042,0.00832770299166441,-0.0015221253270283341,0.00526108592748642,-0.0037389611825346947,0.0010263086296617985,-0.001002226723358035,-2.408190630376339e-05,0.00028724808362312615,0.0033958526328206062,-0.0036831009201705456,9.761090041138232e-05,0.0030508197378367186,-0.0031484304927289486,0.0005337519105523825,0.0029428722336888313,-0.00347662391141057,-0.0005544173764064908,0.0009156720479950309,-0.00036125475890003145,-0.001534297945909202,0.0010100392391905189,0.0005242587649263442,0.0010638730600476265,0.0006866409094072878,-0.0017505139112472534,0.00024279090575873852,-0.0014636307023465633,0.001220839680172503,-0.000602377112954855,0.0006125611253082752,-1.0184012353420258e-05,0.0005704461946152151,-0.0009136890294030309,0.00034324295120313764,-0.00037442008033394814,0.0017849365249276161,-0.0014105165610089898,-0.0016232687048614025,-0.0016059618210420012,0.0032292306423187256,0.0008653560071252286,0.002839127089828253,-0.0037044831551611423],[-0.0035845949314534664,0.004776420537382364,-0.0011918264208361506,0.0012500438606366515,0.002820494119077921,-0.004070537630468607,-0.0030226772651076317,-0.0009208545088768005,0.003943530842661858,0.001231088419444859,-0.0024185110814869404,0.0011874219635501504,0.00034765549935400486,0.002242177492007613,-0.002589831128716469,0.0009454567334614694,0.0066290609538555145,-0.007574516348540783,0.0013650034088641405,-0.008857609704136848,0.008492606692016125,5.6431861594319344e-05,-0.0018353138584643602,0.0017788821132853627,-5.361640069168061e-05,0.00047395937144756317,-0.0004203429853077978,5.3759198635816574e-05,0.0006325884605757892,-0.0006863476010039449,0.00021361031394917518,-0.0013291024370118976,0.0011154920794069767,-0.0016795976553112268,-0.0003677551867440343,0.0020473538897931576,-0.002526655327528715,1.1370633728802204e-05,0.0025152848102152348,0.0036082083825021982,0.007192659191787243,-0.010800868272781372,0.002960676560178399,-0.0055863987654447556,0.0026257229037582874,-0.0018105460330843925,0.0025284618604928255,-0.0007179158856160939,7.527490379288793e-05,-0.004577529616653919,0.004502254072576761,0.0011331242276355624,-0.004236949607729912,0.003103825496509671,9.886041516438127e-05,-0.002545035444200039,0.0024461750872433186,0.00023144230362959206,0.0005776089383289218,-0.0008090513874776661,0.0004557660431601107,-0.001088718418031931,0.0006329522584564984,-0.0008207664941437542,-0.00018591317348182201,0.0010066799586638808,-0.0006394757656380534,-0.00023271729878615588,0.0008721930789761245,-0.00039524209569208324,-0.0004809227539226413,0.000876164878718555,-0.0005448819720186293,0.0017457783687859774,-0.001200896454975009,0.0008366977563127875,-0.0024738118518143892,0.0016371139790862799,0.0020678327418863773,0.0016614466439932585,-0.0037292796187102795,-0.0015280824154615402,-0.0023619772400707006,0.003890059422701597],[-0.002085004700347781,0.0037048617377877235,-0.0016198589000850916,0.0022737139370292425,0.0012068587820976973,-0.003480571787804365,-0.0010689524933695793,0.0002974705130327493,0.0007714802050031722,0.0009597400203347206,0.0018266013357788324,-0.0027863397262990475,0.0005988749326206744,-0.00012390213669277728,-0.0004749716317746788,-0.00027708394918590784,-0.00025139213539659977,0.0005284745711833239,0.0001963192189577967,-0.00025274971267208457,5.6431861594319344e-05,0.014562197960913181,0.00014881568495184183,-0.013711012899875641,-0.0001696919498499483,-4.884687950834632e-05,0.00021853868383914232,0.0005493974313139915,0.002045763423666358,-0.0025951603893190622,-3.688372817123309e-05,-0.0009801420383155346,0.0010170259047299623,0.00121641578152775