{"epoch":0,"H":[[0.041182324290275574,-0.04018232226371765,0.011851733550429344,-0.011851731687784195,0.0051390244625508785,-0.0051390244625508785,-0.00257586850784719,0.00257586850784719,-0.0011154244421049953,0.001115424674935639,-0.0016184686683118343,0.001618466805666685,-0.0023654825054109097,0.0023654825054109097,-0.0030628324020653963,0.003062831936404109,0.0016926468815654516,-0.0016926462994888425,0.0049407933838665485,-0.004940792918205261,-0.0006618438055738807,0.0006618438055738807,-0.0016805619234219193,0.0016805623890832067,-0.0010711485520005226,0.0010711493669077754,-0.001564055448397994,0.0015640542842447758,-0.0019590870942920446,0.0019590873271226883,0.001016421476379037,-0.0010164215927943587,-0.0015381317352876067,0.0015381318517029285,-0.0007409518002532423,0.0007409518584609032,0.0031820591539144516,-0.003182058921083808,-0.0008757883915677667,0.0008757883333601058,0.0004573322948999703,-0.00045733206206932664,-0.002672626869753003,0.0026726271025836468,-0.002342479769140482,0.002342479769140482,-0.0006498457514680922,0.0006498457514680922,7.754249963909388e-06,-7.754191756248474e-06,0.0019586989656090736,-0.0019586991984397173,0.003286675550043583,-0.003286675550043583,0.004536484368145466,-0.004536484368145466],[-0.04018232226371765,0.041182324290275574,-0.011851733550429344,0.011851731687784195,-0.0051390244625508785,0.0051390244625508785,0.00257586850784719,-0.00257586850784719,0.0011154244421049953,-0.001115424674935639,0.0016184686683118343,-0.001618466805666685,0.0023654825054109097,-0.0023654825054109097,0.0030628324020653963,-0.003062831936404109,-0.0016926468815654516,0.0016926462994888425,-0.0049407933838665485,0.004940792918205261,0.0006618438055738807,-0.0006618438055738807,0.0016805619234219193,-0.0016805623890832067,0.0010711485520005226,-0.0010711493669077754,0.001564055448397994,-0.0015640542842447758,0.0019590870942920446,-0.0019590873271226883,-0.001016421476379037,0.0010164215927943587,0.0015381317352876067,-0.0015381318517029285,0.0007409518002532423,-0.0007409518584609032,-0.0031820591539144516,0.003182058921083808,0.0008757883915677667,-0.0008757883333601058,-0.0004573322948999703,0.00045733206206932664,0.002672626869753003,-0.0026726271025836468,0.002342479769140482,-0.002342479769140482,0.0006498457514680922,-0.0006498457514680922,-7.754249963909388e-06,7.754191756248474e-06,-0.0019586989656090736,0.0019586991984397173,-0.003286675550043583,0.003286675550043583,-0.004536484368145466,0.004536484368145466],[0.011851733550429344,-0.011851733550429344,0.048685453832149506,-0.04768545180559158,0.009057017043232918,-0.009057017043232918,0.006073873955756426,-0.006073874421417713,0.0011354596354067326,-0.0011354601010680199,-4.9269350711256266e-05,4.9269088776782155e-05,0.010966343805193901,-0.010966343805193901,0.002377070253714919,-0.0023770707193762064,0.0008842621464282274,-0.0008842620300129056,-0.00788930431008339,0.00788930431008339,-0.0011813277378678322,0.0011813272722065449,0.004677486140280962,-0.004677485674619675,-0.00393855944275856,0.00393855944275856,-0.002272889018058777,0.002272889483720064,-0.0026355604641139507,0.0026355604641139507,-0.005357906222343445,0.0053579057566821575,-0.0014246597420424223,0.0014246602077037096,-0.0033795018680393696,0.0033795018680393696,0.006050684954971075,-0.006050684954971075,-0.0011728296522051096,0.0011728298850357533,-0.0028043973725289106,0.0028043973725289106,-0.0032458114437758923,0.0032458114437758923,-0.0008703883504495025,0.0008703884668648243,-0.001276909257285297,0.0012769093737006187,-0.0013663724530488253,0.0013663724530488253,0.0035798619501292706,-0.0035798614844679832,-0.0006298808148130774,0.0006298808148130774,0.0027280165813863277,-0.0027280165813863277],[-0.011851731687784195,0.011851731687784195,-0.04768545180559158,0.04868545010685921,-0.009057017043232918,0.009057017043232918,-0.006073873955756426,0.006073874421417713,-0.0011354605667293072,0.0011354605667293072,4.9270514864474535e-05,-4.926897236146033e-05,-0.010966344736516476,0.010966344736516476,-0.0023770714178681374,0.002377071650698781,-0.0008842629031278193,0.0008842626702971756,0.007889306172728539,-0.007889306172728539,0.0011813272722065449,-0.0011813269229605794,-0.004677486605942249,0.004677486605942249,0.003938560374081135,-0.0039385599084198475,0.0022728899493813515,-0.002272890880703926,0.002635558834299445,-0.0026355586014688015,0.005357906222343445,-0.005357906222343445,0.0014246596256271005,-0.0014246596256271005,0.0033795014023780823,-0.0033795014023780823,-0.006050684954971075,0.006050684954971075,0.001172829419374466,-0.0011728295357897878,0.0028043969068676233,-0.002804397139698267,0.0032458112109452486,-0.0032458114437758923,0.0008703870698809624,-0.0008703871862962842,0.0012769093737006187,-0.0012769093737006187,0.001366372569464147,-0.001366372569464147,-0.003579862182959914,0.0035798619501292706,0.0006298801745288074,-0.0006298801163211465,-0.0027280179783701897,0.0027280179783701897],[0.0051390244625508785,-0.0051390244625508785,0.009057017043232918,-0.009057017043232918,0.015696993097662926,-0.014696994796395302,0.0010365163907408714,-0.0010365161579102278,0.0013008330715820193,-0.0013008329551666975,-0.001340073999017477,0.0013400723692029715,0.005464428104460239,-0.005464429035782814,0.003741239197552204,-0.003741239197552204,0.007529549300670624,-0.007529548369348049,-0.0004844152135774493,0.00048441532999277115,0.0005010574241168797,-0.0005010574823245406,-0.001628208439797163,0.0016282086726278067,-0.0011330596171319485,0.0011330597335472703,0.0009921781020238996,-0.0009921775199472904,-0.000537250773049891,0.000537250773049891,0.005540967918932438,-0.005540967453271151,-0.0003146347589790821,0.00031463499180972576,-0.00012908608186990023,0.00012908584903925657,0.00702573312446475,-0.007025732658803463,-0.00040380426798947155,0.00040380426798947155,0.0004089043941348791,-0.0004089043359272182,0.0009585068328306079,-0.0009585068328306079,0.0008954940130934119,-0.0008954940130934119,-0.00035516099887900054,0.0003551609697751701,-5.000727833248675e-05,5.000710370950401e-05,0.002139337593689561,-0.002139337593689561,8.590875950176269e-06,-8.590915967943147e-06,0.0021154088899493217,-0.002115408657118678],[-0.0051390244625508785,0.0051390244625508785,-0.009057017043232918,0.009057017043232918,-0.014696994796395302,0.015696993097662926,-0.0010365163907408714,0.0010365161579102278,-0.0013008330715820193,0.0013008329551666975,0.001340073999017477,-0.0013400723692029715,-0.005464428104460239,0.005464429035782814,-0.003741239197552204,0.003741239197552204,-0.007529549300670624,0.007529548369348049,0.0004844152135774493,-0.00048441532999277115,-0.0005010574241168797,0.0005010574823245406,0.001628208439797163,-0.0016282086726278067,0.0011330596171319485,-0.0011330597335472703,-0.0009921781020238996,0.0009921775199472904,0.000537250773049891,-0.000537250773049891,-0.005540967918932438,0.005540967453271151,0.0003146347589790821,-0.00031463499180972576,0.00012908608186990023,-0.00012908584903925657,-0.00702573312446475,0.007025732658803463,0.00040380426798947155,-0.00040380426798947155,-0.0004089043941348791,0.0004089043359272182,-0.0009585068328306079,0.0009585068328306079,-0.0008954940130934119,0.0008954940130934119,0.00035516099887900054,-0.0003551609697751701,5.000727833248675e-05,-5.000710370950401e-05,-0.002139337593689561,0.002139337593689561,-8.590875950176269e-06,8.590915967943147e-06,-0.0021154088899493217,0.002115408657118678],[-0.00257586850784719,0.00257586850784719,0.006073873955756426,-0.006073873955756426,0.0010365163907408714,-0.0010365163907408714,0.010293252766132355,-0.009293253533542156,0.00118469528388232,-0.001184695167466998,-0.0012624699156731367,0.0012624699156731367,0.004170202184468508,-0.004170202650129795,-0.0017007304122671485,0.0017007301794365048,0.0028917761519551277,-0.0028917756862938404,-0.0022464452777057886,0.0022464448120445013,0.000829144031740725,-0.0008291442645713687,-0.0001247404725290835,0.00012474041432142258,0.0030960720032453537,-0.0030960722360759974,0.0029452245216816664,-0.0029452245216816664,-0.0007203294662758708,0.0007203294080682099,0.0001169215829577297,-0.00011692161206156015,0.0003481090534478426,-0.00034810902434401214,-0.00044670281931757927,0.00044670281931757927,0.0017950038891285658,-0.0017950038891285658,0.00024516895064152777,-0.00024516897974535823,-0.0009889622451737523,0.0009889622451737523,0.0008629439980722964,-0.0008629440562799573,0.0006856877007521689,-0.000685687642544508,0.000624143227469176,-0.000624143227469176,-0.00021712554735131562,0.00021712554735131562,0.0020129389595240355,-0.0020129389595240355,0.00015186802193056792,-0.00015186799282673746,0.0003816585522145033,-0.00038165858131833375],[0.00257586850784719,-0.00257586850784719,-0.006073874421417713,0.006073874421417713,-0.0010365161579102278,0.0010365161579102278,-0.009293253533542156,0.010293254628777504,-0.0011846943525597453,0.0011846944689750671,0.0012624695664271712,-0.001262469682842493,-0.004170202650129795,0.004170202650129795,0.0017007308779284358,-0.0017007309943437576,-0.0028917742893099785,0.002891774522140622,0.0022464448120445013,-0.0022464448120445013,-0.0008291435660794377,0.0008291438571177423,0.00012474023969843984,-0.00012474029790610075,-0.003096072468906641,0.0030960720032453537,-0.0029452252201735973,0.0029452252201735973,0.0007203301647678018,-0.0007203300483524799,-0.00011692210682667792,0.00011692210682667792,-0.00034810893703252077,0.0003481087915133685,0.00044670255738310516,-0.00044670255738310516,-0.0017950038891285658,0.001795003772713244,-0.0002451690088491887,0.0002451690088491887,0.000988961779512465,-0.0009889616630971432,-0.0008629444055259228,0.000862944289110601,-0.0006856878171674907,0.0006856878171674907,-0.0006241430528461933,0.0006241430528461933,0.00021712534362450242,-0.00021712540183216333,-0.002012938726693392,0.002012938726693392,-0.00015186851669568568,0.0001518685312476009,-0.00038165843579918146,0.00038165843579918146],[-0.0011154244421049953,0.0011154244421049953,0.0011354596354067326,-0.0011354605667293072,0.0013008330715820193,-0.0013008330715820193,0.00118469528388232,-0.0011846943525597453,0.01113111898303032,-0.010131118819117546,-0.00047791789984330535,0.0004779160371981561,0.004654993303120136,-0.004654993303120136,0.003396652638912201,-0.0033966521732509136,0.005263347178697586,-0.005263347178697586,0.0009896683041006327,-0.0009896681876853108,0.00024016830138862133,-0.0002401686506345868,0.0006395084783434868,-0.0006395081290975213,0.0011752054560929537,-0.0011752056889235973,0.0025095511227846146,-0.002509551588445902,0.0013685115845873952,-0.0013685115845873952,0.0009709331206977367,-0.0009709331206977367,0.0009367987513542175,-0.0009367986349388957,-0.00024987594224512577,0.00024987594224512577,0.0038340885657817125,-0.003834088332951069,0.00043924496276304126,-0.0004392449918668717,-2.853412297554314e-05,2.8534093871712685e-05,0.00010796409333124757,-0.0001079640060197562,0.0012906240299344063,-0.0012906240299344063,0.0001399941829731688,-0.00013999422662891448,-0.00039197143632918596,0.0003919714945368469,0.0014583407901227474,-0.0014583407901227474,0.0008190883090719581,-0.0008190883090719581,0.001208386616781354,-0.001208386616781354],[0.001115424674935639,-0.001115424674935639,-0.0011354601010680199,0.0011354605667293072,-0.0013008329551666975,0.0013008329551666975,-0.001184695167466998,0.0011846944689750671,-0.010131118819117546,0.01113111712038517,0.00047791789984330535,-0.0004779160371981561,-0.004654993303120136,0.004654993303120136,-0.003396652638912201,0.0033966521732509136,-0.005263347178697586,0.005263347178697586,-0.0009896683041006327,0.0009896681876853108,-0.00024016830138862133,0.0002401686506345868,-0.0006395084783434868,0.0006395081290975213,-0.0011752054560929537,0.0011752056889235973,-0.0025095511227846146,0.002509551588445902,-0.0013685115845873952,0.0013685115845873952,-0.0009709331206977367,0.0009709331206977367,-0.0009367987513542175,0.0009367986349388957,0.00024987594224512577,-0.00024987594224512577,-0.0038340885657817125,0.003834088332951069,-0.00043924496276304126,0.0004392449918668717,2.853412297554314e-05,-2.8534093871712685e-05,-0.00010796409333124757,0.0001079640060197562,-0.0012906240299344063,0.0012906240299344063,-0.0001399941829731688,0.00013999422662891448,0.00039197143632918596,-0.0003919714945368469,-0.0014583407901227474,0.0014583407901227474,-0.0008190883090719581,0.0008190883090719581,-0.001208386616781354,0.001208386616781354],[-0.0016184686683118343,0.0016184686683118343,-4.9269350711256266e-05,4.9270514864474535e-05,-0.001340073999017477,0.001340073999017477,-0.0012624699156731367,0.0012624695664271712,-0.00047791789984330535,0.00047791789984330535,0.004190994892269373,-0.003190996591001749,0.0013762986054643989,-0.0013762986054643989,0.0013320781290531158,-0.0013320781290531158,0.0022619047667831182,-0.0022619047667831182,-0.0007891929126344621,0.0007891929126344621,0.000932171125896275,-0.0009321713005192578,0.00137507903855294,-0.00137507903855294,0.00014003782416693866,-0.0001400377368554473,-0.001530639361590147,0.0015306388959288597,0.00041263081948272884,-0.000412630703067407,-0.0009781791595742106,0.0009781790431588888,5.962896830169484e-05,-5.9629026509355754e-05,0.00024252307775896043,-0.00024252307775896043,-0.00040850156801752746,0.0004085014807060361,-3.34900469169952e-05,3.349010512465611e-05,0.0003371762577444315,-0.0003371762577444315,-0.000247976859100163,0.000247976859100163,-0.00013405506615526974,0.00013405506615526974,-5.041089025326073e-05,5.041078838985413e-05,-3.751103577087633e-05,3.751103577087633e-05,-0.0009427636978216469,0.000942763639613986,-0.000824286718852818,0.000824286718852818,-0.000238822860410437,0.00023882294772192836],[0.001618466805666685,-0.001618466805666685,4.9269088776782155e-05,-4.926897236146033e-05,0.0013400723692029715,-0.0013400723692029715,0.0012624699156731367,-0.001262469682842493,0.0004779160371981561,-0.0004779160371981561,-0.003190996591001749,0.004190996754914522,-0.0013762986054643989,0.0013762987218797207,-0.0013320790603756905,0.0013320790603756905,-0.002261906396597624,0.002261906396597624,0.0007891933782957494,-0.0007891934947110713,-0.0009321714169345796,0.0009321717079728842,-0.001375079620629549,0.001375079620629549,-0.00014003802789375186,0.00014003796968609095,0.0015306395944207907,-0.0015306394780054688,-0.0004126309650018811,0.0004126308485865593,0.0009781788103282452,-0.000978178926743567,-5.9629011957440525e-05,5.9629062889143825e-05,-0.0002425230195512995,0.00024252313596662134,0.0004085010150447488,-0.00040850095683708787,3.3490025089122355e-05,-3.349008329678327e-05,-0.0003371761995367706,0.0003371761704329401,0.0002479766553733498,-0.00024797668447718024,0.00013405537174548954,-0.00013405538629740477,5.041100666858256e-05,-5.0410963012836874e-05,3.751099939108826e-05,-3.751094118342735e-05,0.0009427635814063251,-0.0009427635814063251,0.000824286718852818,-0.000824286718852818,0.00023882315144874156,-0.0002388231223449111],[-0.0023654825054109097,0.0023654825054109097,0.010966343805193901,-0.010966344736516476,0.005464428104460239,-0.005464428104460239,0.004170202184468508,-0.004170202650129795,0.004654993303120136,-0.004654993303120136,0.0013762986054643989,-0.0013762986054643989,0.01082089263945818,-0.009820890612900257,0.0027149831876158714,-0.0027149831876158714,0.0028442612383514643,-0.0028442612383514643,-0.004756229463964701,0.004756229929625988,0.0008613895624876022,-0.0008613895624876022,-0.001275962102226913,0.0012759622186422348,0.0008537425310350955,-0.0008537427056580782,0.0018025538884103298,-0.0018025534227490425,-0.0005066567100584507,0.0005066567100584507,-0.0035600990522652864,0.00356009928509593,6.195947207743302e-05,-6.195939931785688e-05,-0.00010817468864843249,0.00010817463044077158,0.002452342538163066,-0.002452342538163066,6.435600516851991e-05,-6.435606337618083e-05,-0.0009357563685625792,0.0009357563685625792,-0.00048334337770938873,0.0004833435523323715,0.0003798039397224784,-0.0003798039397224784,-0.00013810390373691916,0.00013810383097734302,-0.00025405100313946605,0.00025405100313946605,5.617394344881177e-05,-5.6173885241150856e-05,-0.0005222740583121777,0.0005222740001045167,0.0001378475863020867,-0.0001378475863020867],[0.0023654825054109097,-0.0023654825054109097,-0.010966343805193901,0.010966344736516476,-0.005464429035782814,0.005464429035782814,-0.004170202650129795,0.004170202650129795,-0.004654993303120136,0.004654993303120136,-0.0013762986054643989,0.0013762987218797207,-0.009820890612900257,0.01082089077681303,-0.0027149831876158714,0.0027149831876158714,-0.0028442610055208206,0.0028442610055208206,0.004756230395287275,-0.004756229929625988,-0.0008613895042799413,0.0008613895624876022,0.0012759622186422348,-0.0012759622186422348,-0.0008537427638657391,0.0008537429384887218,-0.0018025543540716171,0.0018025538884103298,0.0005066566518507898,-0.0005066566518507898,0.0035600990522652864,-0.00356009928509593,-6.195924652274698e-05,6.195923197083175e-05,0.00010817473230417818,-0.00010817473230417818,-0.0024523423053324223,0.0024523423053324223,-6.435614341171458e-05,6.435614341171458e-05,0.000935756484977901,-0.000935756484977901,0.0004833433195017278,-0.0004833433195017278,-0.0003798039397224784,0.00037980402703396976,0.00013810390373691916,-0.00013810393284074962,0.00025405100313946605,-0.0002540511195547879,-5.617376882582903e-05,5.6173710618168116e-05,0.0005222743493504822,-0.0005222742911428213,-0.00013784729526378214,0.00013784729526378214],[-0.0030628324020653963,0.0030628324020653963,0.002377070253714919,-0.0023770714178681374,0.003741239197552204,-0.003741239197552204,-0.0017007304122671485,0.0017007308779284358,0.003396652638912201,-0.003396652638912201,0.0013320781290531158,-0.0013320790603756905,0.0027149831876158714,-0.0027149831876158714,0.012356679886579514,-0.011356680653989315,0.005075434688478708,-0.005075434688478708,0.003743235021829605,-0.003743235021829605,0.0009745282586663961,-0.0009745286079123616,0.0008271085098385811,-0.0008271087426692247,0.0015325680142268538,-0.0015325683634728193,0.0012304952833801508,-0.0012304956326261163,-3.1847157515585423e-06,3.184832166880369e-06,0.0008643354522064328,-0.0008643354522064328,0.0004884912632405758,-0.0004884909139946103,0.0010907239047810435,-0.0010907240211963654,0.006347597576677799,-0.006347597576677799,0.00020909489830955863,-0.00020909495651721954,0.0005565492319874465,-0.0005565491737797856,0.00203729048371315,-0.00203729048371315,0.003513053525239229,-0.003513053525239229,0.00016911806596908718,-0.00016911787679418921,0.0006347079761326313,-0.0006347079761326313,0.0029921582899987698,-0.0029921582899987698,0.0004489797865971923,-0.00044897981570102274,0.0013409237144514918,-0.0013409237144514918],[0.003062831936404109,-0.003062831936404109,-0.0023770707193762064,0.002377071650698781,-0.003741239197552204,0.003741239197552204,0.0017007301794365048,-0.0017007309943437576,-0.0033966521732509136,0.0033966521732509136,-0.0013320781290531158,0.0013320790603756905,-0.0027149831876158714,0.0027149831876158714,-0.011356680653989315,0.012356679886579514,-0.005075434688478708,0.005075434688478708,-0.003743235021829605,0.003743235021829605,-0.0009745282586663961,0.0009745286079123616,-0.0008271085098385811,0.0008271087426692247,-0.0015325680142268538,0.0015325683634728193,-0.0012304952833801508,0.0012304956326261163,3.1847157515585423e-06,-3.184832166880369e-06,-0.0008643354522064328,0.0008643354522064328,-0.0004884912632405758,0.0004884909139946103,-0.0010907239047810435,0.0010907240211963654,-0.006347597576677799,0.006347597576677799,-0.00020909489830955863,0.00020909495651721954,-0.0005565492319874465,0.0005565491737797856,-0.00203729048371315,0.00203729048371315,-0.003513053525239229,0.003513053525239229,-0.00016911806596908718,0.00016911787679418921,-0.0006347079761326313,0.0006347079761326313,-0.0029921582899987698,0.0029921582899987698,-0.0004489797865971923,0.00044897981570102274,-0.0013409237144514918,0.0013409237144514918],[0.0016926468815654516,-0.0016926468815654516,0.0008842621464282274,-0.0008842629031278193,0.007529549300670624,-0.007529549300670624,0.0028917761519551277,-0.0028917742893099785,0.005263347178697586,-0.005263347178697586,0.0022619047667831182,-0.002261906396597624,0.0028442612383514643,-0.0028442610055208206,0.005075434688478708,-0.005075434688478708,0.01624501496553421,-0.015245015732944012,0.0011220709420740604,-0.0011220707092434168,0.001395468134433031,-0.0013954679016023874,-0.004065850283950567,0.004065850283950567,0.00193752720952034,-0.0019375268602743745,0.005140854977071285,-0.0051408554427325726,0.001289095263928175,-0.0012890951475128531,-0.0005257797311060131,0.000525779789313674,0.00042787790880538523,-0.00042787761776708066,0.0006721714744344354,-0.0006721715326420963,0.0010801444295793772,-0.0010801444295793772,0.0005960474954918027,-0.0005960473790764809,0.0007673442596569657,-0.0007673443178646266,0.0004687406762968749,-0.0004687406762968749,0.0009818831458687782,-0.0009818831458687782,0.0002652218099683523,-0.0002652217517606914,0.00024052294611465186,-0.00024052294611465186,5.573147791437805e-05,-5.573143425863236e-05,4.979377263225615e-05,-4.979385994374752e-05,-0.00017501242109574378,0.0001750125375110656],[-0.0016926462994888425,0.0016926462994888425,-0.0008842620300129056,0.0008842626702971756,-0.007529548369348049,0.007529548369348049,-0.0028917756862938404,0.002891774522140622,-0.005263347178697586,0.005263347178697586,-0.0022619047667831182,0.002261906396597624,-0.0028442612383514643,0.0028442610055208206,-0.005075434688478708,0.005075434688478708,-0.015245015732944012,0.01624501682817936,-0.0011220704764127731,0.0011220703599974513,-0.0013954672031104565,0.0013954672031104565,0.004065850283950567,-0.004065850283950567,-0.001937525812536478,0.0019375263946130872,-0.005140854511409998,0.0051408554427325726,-0.0012890951475128531,0.0012890951475128531,0.0005257796728983521,-0.0005257797311060131,-0.0004278779961168766,0.0004278777923900634,-0.0006721715908497572,0.0006721715908497572,-0.0010801439639180899,0.0010801439639180899,-0.0005960471462458372,0.0005960471462458372,-0.0007673440268263221,0.0007673440268263221,-0.0004687406471930444,0.0004687406471930444,-0.0009818833786994219,0.0009818832622841,-0.0002652218099683523,0.0002652218099683523,-0.0002405232808087021,0.0002405232226010412,-5.5731303291395307e-05,5.573125963564962e-05,-4.979406367056072e-05,4.979415098205209e-05,0.00017501229012850672,-0.00017501231923233718],[0.0049407933838665485,-0.0049407933838665485,-0.00788930431008339,0.007889306172728539,-0.0004844152135774493,0.0004844152135774493,-0.0022464452777057886,0.0022464448120445013,0.0009896683041006327,-0.0009896683041006327,-0.0007891929126344621,0.0007891933782957494,-0.004756229463964701,0.004756230395287275,0.003743235021829605,-0.003743235021829605,0.0011220709420740604,-0.0011220704764127731,0.017075859010219574,-0.01607586070895195,0.00010831657709786668,-0.00010831659164978191,0.0028883973136544228,-0.0028883973136544228,0.0015960895689204335,-0.0015960893360897899,-0.0021147856023162603,0.002114785136654973,0.0008439060766249895,-0.0008439061348326504,0.0007748570060357451,-0.000774857122451067,0.0002556731051299721,-0.00025567307602614164,8.081278065219522e-05,-8.081278065219522e-05,-0.0015974582638591528,0.001597458147443831,0.0002065270527964458,-0.00020652716921176761,-7.633009226992726e-05,7.633003406226635e-05,-0.0009737209766171873,0.0009737209766171873,-0.001172112999483943,0.001172112999483943,0.0002748517144937068,-0.0002748516562860459,0.0003609374107327312,-0.00036093752714805305,-0.0020532547496259212,0.0020532547496259212,0.00025816119159571826,-0.00025816119159571826,-5.587935447692871e-09,5.587935447692871e-09],[-0.004940792918205261,0.004940792918205261,0.00788930431008339,-0.007889306172728539,0.00048441532999277115,-0.00048441532999277115,0.0022464448120445013,-0.0022464448120445013,-0.0009896681876853108,0.0009896681876853108,0.0007891929126344621,-0.0007891934947110713,0.004756229929625988,-0.004756229929625988,-0.003743235021829605,0.003743235021829605,-0.0011220707092434168,0.0011220703599974513,-0.01607586070895195,0.017075859010219574,-0.00010831657709786668,0.00010831659164978191,-0.0028883973136544228,0.0028883973136544228,-0.0015960895689204335,0.0015960893360897899,0.0021147856023162603,-0.002114785136654973,-0.0008439060766249895,0.0008439061348326504,-0.0007748570060357451,0.000774857122451067,-0.0002556731051299721,0.00025567307602614164,-8.081278065219522e-05,8.081278065219522e-05,0.0015974582638591528,-0.001597458147443831,-0.0002065270527964458,0.00020652716921176761,7.633009226992726e-05,-7.633003406226635e-05,0.0009737209766171873,-0.0009737209766171873,0.001172112999483943,-0.001172112999483943,-0.0002748517144937068,0.0002748516562860459,-0.0003609374107327312,0.00036093752714805305,0.0020532547496259212,-0.0020532547496259212,-0.00025816119159571826,0.00025816119159571826,5.587935447692871e-09,-5.587935447692871e-09],[-0.0006618438055738807,0.0006618438055738807,-0.0011813277378678322,0.0011813272722065449,0.0005010574241168797,-0.0005010574241168797,0.000829144031740725,-0.0008291435660794377,0.00024016830138862133,-0.00024016830138862133,0.000932171125896275,-0.0009321714169345796,0.0008613895624876022,-0.0008613895042799413,0.0009745282586663961,-0.0009745282586663961,0.001395468134433031,-0.0013954672031104565,0.00010831657709786668,-0.00010831657709786668,0.003502440406009555,-0.00250244140625,0.0007377939764410257,-0.0007377939182333648,-3.924935299437493e-05,3.924942575395107e-05,0.0005923525895923376,-0.0005923525895923376,0.00041102420073002577,-0.0004110242298338562,-0.00038976233918219805,0.0003897623682860285,0.0006448884960263968,-0.0006448884960263968,0.00027647113893181086,-0.00027647108072414994,0.000291937671136111,-0.0002919377584476024,0.00031367933843284845,-0.00031367928022518754,4.107763743377291e-05,-4.107764470973052e-05,-7.583617116324604e-05,7.583617116324604e-05,-0.00012818491086363792,0.00012818492541555315,0.0003722493420355022,-0.00037224937113933265,0.00024834577925503254,-0.00024834577925503254,-0.00018508260836824775,0.00018508255016058683,-0.00020472188771236688,0.00020472188771236688,-5.137586413184181e-05,5.1375805924180895e-05],[0.0006618438055738807,-0.0006618438055738807,0.0011813272722065449,-0.0011813269229605794,-0.0005010574823245406,0.0005010574823245406,-0.0008291442645713687,0.0008291438571177423,-0.0002401686506345868,0.0002401686506345868,-0.0009321713005192578,0.0009321717079728842,-0.0008613895624876022,0.0008613895624876022,-0.0009745286079123616,0.0009745286079123616,-0.0013954679016023874,0.0013954672031104565,-0.00010831659164978191,0.00010831659164978191,-0.00250244140625,0.0035024399403482676,-0.0007377947331406176,0.0007377947331406176,3.924955672118813e-05,-3.9249571273103356e-05,-0.000592352356761694,0.000592352356761694,-0.0004110243171453476,0.0004110243171453476,0.0003897622518707067,-0.0003897622227668762,-0.0006448884960263968,0.0006448884960263968,-0.00027647128445096314,0.00027647128445096314,-0.0002919378748629242,0.0002919378748629242,-0.00031367928022518754,0.00031367928022518754,-4.10775319323875e-05,4.107754648430273e-05,7.583631668239832e-05,-7.583631668239832e-05,0.0001281848963117227,-0.00012818486720789224,-0.00037224931293167174,0.0003722492838278413,-0.00024834577925503254,0.000248345808358863,0.0001850825792644173,-0.00018508255016058683,0.00020472206233534962,-0.00020472209143918008,5.1375653129071e-05,-5.137571133673191e-05],[-0.0016805619234219193,0.0016805619234219193,0.004677486140280962,-0.004677486605942249,-0.001628208439797163,0.001628208439797163,-0.0001247404725290835,0.00012474023969843984,0.0006395084783434868,-0.0006395084783434868,0.00137507903855294,-0.001375079620629549,-0.001275962102226913,0.0012759622186422348,0.0008271085098385811,-0.0008271085098385811,-0.004065850283950567,0.004065850283950567,0.0028883973136544228,-0.0028883973136544228,0.0007377939764410257,-0.0007377947331406176,0.013656146824359894,-0.01265614666044712,0.0009455474792048335,-0.0009455477702431381,-0.0019402020843699574,0.0019402019679546356,0.000724917626939714,-0.000724917626939714,0.0012579322792589664,-0.0012579322792589664,0.00019097480981145054,-0.00019097486801911145,-0.0005612575332634151,0.000561257591471076,0.0020622063893824816,-0.002062206156551838,-0.0001455045712646097,0.00014550454216077924,0.00022396788699552417,-0.00022396791609935462,-0.0007215659716166556,0.0007215660880319774,5.6021526688709855e-05,-5.602151213679463e-05,-0.00017071452748496085,0.0001707145565887913,-0.00023098161909729242,0.00023098163364920765,0.0012554298155009747,-0.0012554298155009747,0.001457993988879025,-0.0014579941052943468,0.0018977548461407423,-0.0018977548461407423],[0.0016805623890832067,-0.0016805623890832067,-0.004677485674619675,0.004677486605942249,0.0016282086726278067,-0.0016282086726278067,0.00012474041432142258,-0.00012474029790610075,-0.0006395081290975213,0.0006395081290975213,-0.00137507903855294,0.001375079620629549,0.0012759622186422348,-0.0012759622186422348,-0.0008271087426692247,0.0008271087426692247,0.004065850283950567,-0.004065850283950567,-0.0028883973136544228,0.0028883973136544228,-0.0007377939182333648,0.0007377947331406176,-0.01265614666044712,0.013656146824359894,-0.0009455474792048335,0.0009455480030737817,0.0019402018515393138,-0.001940201735123992,-0.000724917626939714,0.000724917626939714,-0.0012579318135976791,0.0012579318135976791,-0.00019097466429229826,0.00019097467884421349,0.0005612572422251105,-0.0005612572422251105,-0.0020622063893824816,0.0020622063893824816,0.00014550468767993152,-0.00014550468767993152,-0.0002239678578916937,0.00022396782878786325,0.0007215660298243165,-0.0007215662626549602,-5.602158489637077e-05,5.602155579254031e-05,0.00017071454203687608,-0.00017071458569262177,0.00023098157544154674,-0.00023098157544154674,-0.0012554299319162965,0.0012554298155009747,-0.001457993988879025,0.001457993988879025,-0.0018977546133100986,0.0018977546133100986],[-0.0010711485520005226,0.0010711485520005226,-0.00393855944275856,0.003938560374081135,-0.0011330596171319485,0.0011330596171319485,0.0030960720032453537,-0.003096072468906641,0.0011752054560929537,-0.0011752054560929537,0.00014003782416693866,-0.00014003802789375186,0.0008537425310350955,-0.0008537427638657391,0.0015325680142268538,-0.0015325680142268538,0.00193752720952034,-0.001937525812536478,0.0015960895689204335,-0.0015960895689204335,-3.924935299437493e-05,3.924955672118813e-05,0.0009455474792048335,-0.0009455474792048335,0.009228285402059555,-0.008228284306824207,0.0008151904912665486,-0.0008151901420205832,-0.0007933990564197302,0.0007933992310427129,0.0015252151060849428,-0.0015252152225002646,-0.000496740045491606,0.0004967396962456405,-0.0008009711746126413,0.0008009711746126413,-0.0011748598190024495,0.0011748598190024495,-0.00025924877263605595,0.00025924871442839503,-0.00028838819707743824,0.0002883881388697773,-0.0006238366477191448,0.000623836531303823,-0.0012576752342283726,0.0012576752342283726,-0.00023526603763457388,0.00023526596487499774,-0.000560371729079634,0.0005603717872872949,-0.0007003666833043098,0.0007003666250966489,6.430929352063686e-05,-6.430932262446731e-05,0.0005723646027036011,-0.0005723646027036011],[0.0010711493669077754,-0.0010711493669077754,0.00393855944275856,-0.0039385599084198475,0.0011330597335472703,-0.0011330597335472703,-0.0030960722360759974,0.0030960720032453537,-0.0011752056889235973,0.0011752056889235973,-0.0001400377368554473,0.00014003796968609095,-0.0008537427056580782,0.0008537429384887218,-0.0015325683634728193,0.0015325683634728193,-0.0019375268602743745,0.0019375263946130872,-0.0015960893360897899,0.0015960893360897899,3.924942575395107e-05,-3.9249571273103356e-05,-0.0009455477702431381,0.0009455480030737817,-0.008228284306824207,0.009228285402059555,-0.0008151903166435659,0.0008151900838129222,0.0007933989982120693,-0.0007933989400044084,-0.0015252153389155865,0.0015252152225002646,0.0004967398708686233,-0.0004967396380379796,0.0008009712910279632,-0.0008009712910279632,0.0011748597025871277,-0.0011748597025871277,0.0002592488599475473,-0.0002592488017398864,0.000288388371700421,-0.00028838825528509915,0.000623836531303823,-0.000623836531303823,0.0012576752342283726,-0.0012576752342283726,0.0002352658921154216,-0.00023526593577116728,0.0005603717872872949,-0.0005603717872872949,0.0007003667415119708,-0.0007003667415119708,-6.430919165723026e-05,6.430919165723026e-05,-0.0005723646027036011,0.0005723646027036011],[-0.001564055448397994,0.001564055448397994,-0.002272889018058777,0.0022728899493813515,0.0009921781020238996,-0.0009921781020238996,0.0029452245216816664,-0.0029452252201735973,0.0025095511227846146,-0.0025095511227846146,-0.001530639361590147,0.0015306395944207907,0.0018025538884103298,-0.0018025543540716171,0.0012304952833801508,-0.0012304952833801508,0.005140854977071285,-0.005140854511409998,-0.0021147856023162603,0.0021147856023162603,0.0005923525895923376,-0.000592352356761694,-0.0019402020843699574,0.0019402018515393138,0.0008151904912665486,-0.0008151903166435659,0.006849111057817936,-0.005849111825227737,6.293578917393461e-05,-6.293602200457826e-05,0.0010680044069886208,-0.0010680045234039426,0.00013328026398085058,-0.00013328010390978307,-0.00025869699311442673,0.00025869699311442673,0.0009233344462700188,-0.0009233343880623579,0.00019134972535539418,-0.00019134966714773327,0.00045556272380053997,-0.0004555628402158618,0.0005185679183341563,-0.000518568092957139,-0.0004396502044983208,0.00043965017539449036,0.00035077292704954743,-0.00035077298525720835,2.508016041247174e-05,-2.5080102204810828e-05,-0.0004963607643730938,0.0004963607061654329,-0.0009779862593859434,0.0009779862593859434,-0.0009094572160393,0.0009094570996239781],[0.0015640542842447758,-0.0015640542842447758,0.002272889483720064,-0.002272890880703926,-0.0009921775199472904,0.0009921775199472904,-0.0029452245216816664,0.0029452252201735973,-0.002509551588445902,0.002509551588445902,0.0015306388959288597,-0.0015306394780054688,-0.0018025534227490425,0.0018025538884103298,-0.0012304956326261163,0.0012304956326261163,-0.0051408554427325726,0.0051408554427325726,0.002114785136654973,-0.002114785136654973,-0.0005923525895923376,0.000592352356761694,0.0019402019679546356,-0.001940201735123992,-0.0008151901420205832,0.0008151900838129222,-0.005849111825227737,0.006849110592156649,-6.293579644989222e-05,6.29356800345704e-05,-0.001068005571141839,0.0010680051054805517,-0.00013327990018296987,0.00013327975466381758,0.00025869690580293536,-0.00025869690580293536,-0.000923335028346628,0.000923334970138967,-0.0001913497399073094,0.0001913497399073094,-0.00045556301483884454,0.00045556301483884454,-0.0005185681511647999,0.0005185682675801218,0.00043965043732896447,-0.00043965052464045584,-0.000350772897945717,0.00035077298525720835,-2.5080029445234686e-05,2.5080029445234686e-05,0.0004963604733347893,-0.0004963604733347893,0.000977985910139978,-0.000977985910139978,0.0009094567503780127,-0.0009094567503780127],[-0.0019590870942920446,0.0019590870942920446,-0.0026355604641139507,0.002635558834299445,-0.000537250773049891,0.000537250773049891,-0.0007203294662758708,0.0007203301647678018,0.0013685115845873952,-0.0013685115845873952,0.00041263081948272884,-0.0004126309650018811,-0.0005066567100584507,0.0005066566518507898,-3.1847157515585423e-06,3.1847157515585423e-06,0.001289095263928175,-0.0012890951475128531,0.0008439060766249895,-0.0008439060766249895,0.00041102420073002577,-0.0004110243171453476,0.000724917626939714,-0.000724917626939714,-0.0007933990564197302,0.0007933989982120693,6.293578917393461e-05,-6.293579644989222e-05,0.004937104880809784,-0.003937105182558298,0.00026343343779444695,-0.00026343343779444695,0.001858226489275694,-0.0018582266056910157,0.0006973147392272949,-0.0006973146228119731,-0.0006583055946975946,0.0006583055946975946,0.0013309536734595895,-0.0013309535570442677,-5.012290785089135e-06,5.012290785089135e-06,-0.0008737508906051517,0.0008737508906051517,-0.0011551249772310257,0.0011551249772310257,0.0009178133332170546,-0.0009178133332170546,0.0003200747596565634,-0.00032007478876039386,-0.0012944103218615055,0.0012944103218615055,-0.0004388441739138216,0.00043884420301765203,0.00019157255883328617,-0.0001915725733852014],[0.0019590873271226883,-0.0019590873271226883,0.0026355604641139507,-0.0026355586014688015,0.000537250773049891,-0.000537250773049891,0.0007203294080682099,-0.0007203300483524799,-0.0013685115845873952,0.0013685115845873952,-0.000412630703067407,0.0004126308485865593,0.0005066567100584507,-0.0005066566518507898,3.184832166880369e-06,-3.184832166880369e-06,-0.0012890951475128531,0.0012890951475128531,-0.0008439061348326504,0.0008439061348326504,-0.0004110242298338562,0.0004110243171453476,-0.000724917626939714,0.000724917626939714,0.0007933992310427129,-0.0007933989400044084,-6.293602200457826e-05,6.29356800345704e-05,-0.003937105182558298,0.0049371058121323586,-0.00026343343779444695,0.00026343343779444695,-0.001858226489275694,0.0018582266056910157,-0.0006973147392272949,0.0006973146228119731,0.0006583055946975946,-0.0006583055946975946,-0.0013309536734595895,0.0013309535570442677,5.012290785089135e-06,-5.012290785089135e-06,0.0008737508906051517,-0.0008737508906051517,0.0011551249772310257,-0.0011551249772310257,-0.0009178133332170546,0.0009178133332170546,-0.0003200747596565634,0.00032007478876039386,0.0012944103218615055,-0.0012944103218615055,0.0004388441739138216,-0.00043884420301765203,-0.00019157255883328617,0.0001915725733852014],[0.001016421476379037,-0.001016421476379037,-0.005357906222343445,0.005357906222343445,0.005540967918932438,-0.005540967918932438,0.0001169215829577297,-0.00011692210682667792,0.0009709331206977367,-0.0009709331206977367,-0.0009781791595742106,0.0009781788103282452,-0.0035600990522652864,0.0035600990522652864,0.0008643354522064328,-0.0008643354522064328,-0.0005257797311060131,0.0005257796728983521,0.0007748570060357451,-0.0007748570060357451,-0.00038976233918219805,0.0003897622518707067,0.0012579322792589664,-0.0012579318135976791,0.0015252151060849428,-0.0015252153389155865,0.0010680044069886208,-0.001068005571141839,0.00026343343779444695,-0.00026343343779444695,0.01148153655230999,-0.010481537319719791,8.608659845776856e-05,-8.608662756159902e-05,0.0009046535124070942,-0.0009046537452377379,0.00014494411880150437,-0.00014494432252831757,0.0001805260981200263,-0.00018052606901619583,0.0018286318518221378,-0.0018286319682374597,0.0022525046952068806,-0.0022525049280375242,0.002192695625126362,-0.002192695625126362,0.00022493759752251208,-0.000224937655730173,0.0007035352755337954,-0.0007035353337414563,-0.0007152026519179344,0.0007152025355026126,0.0005842955433763564,-0.0005842955433763564,0.0007166714640334249,-0.0007166715804487467],[-0.0010164215927943587,0.0010164215927943587,0.0053579057566821575,-0.005357906222343445,-0.005540967453271151,0.005540967453271151,-0.00011692161206156015,0.00011692210682667792,-0.0009709331206977367,0.0009709331206977367,0.0009781790431588888,-0.000978178926743567,0.00356009928509593,-0.00356009928509593,-0.0008643354522064328,0.0008643354522064328,0.000525779789313674,-0.0005257797311060131,-0.000774857122451067,0.000774857122451067,0.0003897623682860285,-0.0003897622227668762,-0.0012579322792589664,0.0012579318135976791,-0.0015252152225002646,0.0015252152225002646,-0.0010680045234039426,0.0010680051054805517,-0.00026343343779444695,0.00026343343779444695,-0.010481537319719791,0.011481537483632565,-8.608639473095536e-05,8.608648204244673e-05,-0.0009046537452377379,0.0009046537452377379,-0.00014494435163214803,0.00014494478818960488,-0.00018052606901619583,0.00018052608356811106,-0.0018286320846527815,0.0018286323174834251,-0.002252504462376237,0.0022525046952068806,-0.002192696090787649,0.002192696090787649,-0.00022493756841868162,0.00022493759752251208,-0.0007035353337414563,0.0007035354501567781,0.000715