{"epoch":0,"H":[[0.03155234456062317,-0.030552349984645844,0.023633217439055443,-0.023633217439055443,0.016486866399645805,-0.016486866399645805,-0.001104466151446104,0.0011044644052162766,0.015769151970744133,-0.015769151970744133,0.0011401161318644881,-0.0011401154333725572,0.007822985760867596,-0.007822985760867596,0.006477740593254566,-0.006477740593254566,0.004504899960011244,-0.0045048994943499565,0.008060464635491371,-0.008060465566813946,-0.00028006103821098804,0.0002800610673148185,-0.0003665974363684654,0.0003665974363684654,0.0056688012555241585,-0.005668800789862871,0.005365415476262569,-0.005365415010601282,-7.089582504704595e-05,7.089553400874138e-05,-0.0013838931918144226,0.0013838931918144226,1.1346419341862202e-05,-1.1346768587827682e-05,0.00016838236479088664,-0.00016838248120620847,0.003969639539718628,-0.003969639539718628,0.000235460523981601,-0.00023546045122202486,-0.0006262013921514153,0.0006262012757360935,0.0008214685367420316,-0.0008214684203267097,0.00556312408298254,-0.00556312408298254,0.0006419169949367642,-0.0006419162964448333,0.0003999407636001706,-0.0003999407636001706,0.003921438008546829,-0.003921437542885542,0.0023631053045392036,-0.0023631053045392036,0.005524624139070511,-0.0055246236734092236],[-0.030552349984645844,0.031552352011203766,-0.023633217439055443,0.023633217439055443,-0.016486866399645805,0.016486866399645805,0.001104466849938035,-0.0011044656857848167,-0.015769151970744133,0.015769151970744133,-0.0011401154333725572,0.0011401146184653044,-0.007822984829545021,0.007822984829545021,-0.006477739661931992,0.006477739661931992,-0.004504899960011244,0.004504900425672531,-0.008060465566813946,0.008060465566813946,0.00028006185311824083,-0.0002800618822220713,0.00036659720353782177,-0.00036659720353782177,-0.005668802186846733,0.0056688012555241585,-0.005365415476262569,0.005365415010601282,7.089614518918097e-05,-7.08958541508764e-05,0.0013838930753991008,-0.0013838930753991008,-1.1346564861014485e-05,1.1346768587827682e-05,-0.00016838224837556481,0.00016838236479088664,-0.003969639539718628,0.003969639539718628,-0.00023546029115095735,0.0002354601165279746,0.0006262015085667372,-0.0006262015085667372,-0.0008214684203267097,0.000821468245703727,-0.00556312408298254,0.00556312408298254,-0.0006419167621061206,0.0006419165292754769,-0.0003999407636001706,0.0003999407636001706,-0.003921437077224255,0.003921437077224255,-0.0023631048388779163,0.0023631048388779163,-0.005524624139070511,0.005524624139070511],[0.023633217439055443,-0.023633217439055443,0.03761860355734825,-0.036618608981370926,0.012611759826540947,-0.012611759826540947,0.0023270477540791035,-0.0023270484525710344,-0.009544932283461094,0.00954493135213852,0.002893366850912571,-0.0028933677822351456,0.0069584972225129604,-0.006958496756851673,-0.0022728422190994024,0.002272842451930046,0.005544350482523441,-0.005544350948184729,0.0014897482469677925,-0.0014897484797984362,0.0007173294434323907,-0.0007173298508860171,-0.0034794723615050316,0.0034794718958437443,0.001399808912537992,-0.0013998090289533138,0.002734506968408823,-0.0027345060370862484,-6.72980968374759e-06,6.729162123519927e-06,0.00021853807265870273,-0.00021853813086636364,0.00016393083205912262,-0.00016393129772040993,-0.0019891520496457815,0.0019891520496457815,0.006800627335906029,-0.006800627335906029,-0.00015252706361934543,0.0001525273110019043,0.0005388702265918255,-0.0005388701683841646,0.002803359180688858,-0.002803359180688858,0.0055110277608036995,-0.0055110277608036995,0.00042468548053875566,-0.00042468527681194246,-0.00105069309938699,0.00105069309938699,0.002629720838740468,-0.002629720838740468,0.001989410724490881,-0.001989410724490881,0.005205594468861818,-0.005205594468861818],[-0.023633217439055443,0.023633217439055443,-0.036618608981370926,0.03761860355734825,-0.012611759826540947,0.012611759826540947,-0.002327047986909747,0.0023270489182323217,0.00954493135213852,-0.00954493135213852,-0.00289336615242064,0.002893366850912571,-0.006958496756851673,0.006958496291190386,0.002272843150421977,-0.0022728429175913334,-0.005544351413846016,0.005544351413846016,-0.0014897494111210108,0.0014897491782903671,-0.0007173289195634425,0.0007173287449404597,0.0034794725943356752,-0.0034794718958437443,-0.0013998090289533138,0.0013998092617839575,-0.0027345085982233286,0.0027345078997313976,6.730064342264086e-06,-6.729882443323731e-06,-0.00021853792713955045,0.0002185381017625332,-0.00016393058467656374,0.0001639312831684947,0.0019891527481377125,-0.0019891527481377125,-0.006800627335906029,0.006800627335906029,0.00015252718003466725,-0.00015252754383254796,-0.0005388700519688427,0.0005388699937611818,-0.0028033594135195017,0.002803359180688858,-0.0055110277608036995,0.0055110277608036995,-0.0004246857133693993,0.00042468527681194246,0.0010506933322176337,-0.0010506933322176337,-0.0026297210715711117,0.0026297210715711117,-0.001989410724490881,0.0019894109573215246,-0.005205594003200531,0.005205594003200531],[0.016486866399645805,-0.016486866399645805,0.012611759826540947,-0.012611759826540947,0.02412138134241104,-0.023121386766433716,-0.0003965136129409075,0.00039651314727962017,0.007229883689433336,-0.007229883689433336,0.0016489401459693909,-0.0016489402623847127,0.0057266829535365105,-0.0057266829535365105,0.006066722795367241,-0.006066722329705954,0.011581855826079845,-0.01158185675740242,0.005827894899994135,-0.005827894434332848,0.0020820535719394684,-0.0020820540376007557,-0.0027183801867067814,0.0027183801867067814,0.0019614186603575945,-0.001961418893188238,0.0005686746444553137,-0.0005686742370016873,-0.00038457720074802637,0.000384577113436535,0.0038788393139839172,-0.0038788393139839172,-8.702270861249417e-05,8.702253398951143e-05,0.0009725055424496531,-0.0009725054260343313,0.0022825528867542744,-0.0022825528867542744,-7.567015563836321e-05,7.567039574496448e-05,0.0021675960160791874,-0.0021675960160791874,0.0011249526869505644,-0.0011249526869505644,0.0028378935530781746,-0.0028378935530781746,-0.00016746073379181325,0.00016746089386288077,0.000635327014606446,-0.0006353270728141069,0.0019932291470468044,-0.0019932291470468044,0.0030586407519876957,-0.0030586407519876957,0.002986447885632515,-0.002986447885632515],[-0.016486866399645805,0.016486866399645805,-0.012611759826540947,0.012611759826540947,-0.023121386766433716,0.02412138506770134,0.00039651384577155113,-0.0003965136129409075,-0.0072298841550946236,0.0072298841550946236,-0.0016489401459693909,0.0016489403788000345,-0.0057266829535365105,0.0057266829535365105,-0.006066721864044666,0.006066721864044666,-0.011581857688724995,0.01158185675740242,-0.005827894434332848,0.00582789396867156,-0.0020820542704313993,0.0020820542704313993,0.002718379721045494,-0.0027183799538761377,-0.001961418893188238,0.001961418893188238,-0.0005686741787940264,0.0005686734803020954,0.0003845776373054832,-0.0003845773753710091,-0.00387883884832263,0.00387883884832263,8.702281047590077e-05,-8.702246122993529e-05,-0.0009725052514113486,0.0009725053678266704,-0.0022825526539236307,0.0022825526539236307,7.56700974307023e-05,-7.567010470665991e-05,-0.0021675957832485437,0.0021675957832485437,-0.0011249519884586334,0.0011249519884586334,-0.0028378930874168873,0.0028378930874168873,0.00016746061737649143,-0.00016746083565521985,-0.0006353268981911242,0.0006353269563987851,-0.0019932291470468044,0.0019932289142161608,-0.0030586402863264084,0.0030586402863264084,-0.0029864474199712276,0.0029864474199712276],[-0.001104466151446104,0.001104466849938035,0.0023270477540791035,-0.002327047986909747,-0.0003965136129409075,0.00039651384577155113,0.00815633311867714,-0.007156336214393377,0.0007071812287904322,-0.0007071812869980931,0.001946374773979187,-0.0019463751232251525,-0.0020512344781309366,0.002051234245300293,0.0008632068638689816,-0.0008632068638689816,0.0009051600936800241,-0.0009051598608493805,1.127051655203104e-05,-1.1270458344370127e-05,0.0009856801480054855,-0.0009856802644208074,0.0036818692460656166,-0.003681869711726904,-0.0010623541893437505,0.0010623543057590723,-0.0006835674867033958,0.000683567370288074,-0.0005804648972116411,0.000580464955419302,-0.003446873277425766,0.003446873277425766,-0.00013719056732952595,0.00013719040725845844,-0.0013087751576676965,0.0013087751576676965,0.0019618936348706484,-0.0019618936348706484,-0.0003553519491106272,0.0003553518617991358,-0.0010807375656440854,0.0010807375656440854,0.0009384070290252566,-0.0009384071454405785,-0.0004335624980740249,0.00043356246897019446,-0.00011483300477266312,0.00011483309208415449,-0.0007776260026730597,0.0007776259444653988,-0.00043283775448799133,0.00043283775448799133,-0.0014445625711232424,0.0014445625711232424,-0.001407849951647222,0.0014078500680625439],[0.0011044644052162766,-0.0011044656857848167,-0.0023270484525710344,0.0023270489182323217,0.00039651314727962017,-0.0003965136129409075,-0.007156336214393377,0.008156334981322289,-0.0007071823347359896,0.0007071822765283287,-0.001946376170963049,0.0019463759381324053,0.0020512330811470747,-0.0020512333139777184,-0.0008632076787762344,0.0008632075623609126,-0.0009051605593413115,0.0009051598608493805,-1.1269876267760992e-05,1.1269876267760992e-05,-0.0009856801480054855,0.0009856801480054855,-0.0036818687804043293,0.003681869013234973,0.0010623553534969687,-0.001062355237081647,0.0006835684762336314,-0.0006835680105723441,0.0005804646643809974,-0.0005804647225886583,0.003446873277425766,-0.003446873277425766,0.00013719061098527163,-0.00013719034905079752,0.0013087756233289838,-0.0013087757397443056,-0.0019618934020400047,0.0019618934020400047,0.0003553520073182881,-0.00035535197821445763,0.0010807375656440854,-0.0010807375656440854,-0.0009384070290252566,0.0009384070872329175,0.00043356226524338126,-0.0004335622361395508,0.00011483316484373063,-0.00011483320849947631,0.0007776261190883815,-0.0007776261190883815,0.00043283787090331316,-0.00043283787090331316,0.0014445629203692079,-0.0014445629203692079,0.0014078500680625439,-0.0014078500680625439],[0.015769151970744133,-0.015769151970744133,-0.009544932283461094,0.00954493135213852,0.007229883689433336,-0.0072298841550946236,0.0007071812287904322,-0.0007071823347359896,0.009065838530659676,-0.008065838366746902,0.003477285383269191,-0.003477285383269191,0.003187933936715126,-0.0031879337038844824,0.005456584971398115,-0.005456584971398115,0.008188921958208084,-0.008188921958208084,0.002812556456774473,-0.002812556456774473,-0.0005502198473550379,0.0005502201383933425,0.000567947281524539,-0.0005679471651092172,-0.0025349208153784275,0.0025349208153784275,-0.002606817055493593,0.002606817055493593,-0.0005147395422682166,0.0005147391930222511,0.001535832416266203,-0.001535832299850881,-0.0006244659307412803,0.0006244658143259585,-0.00040882802568376064,0.00040882802568376064,0.0015312540344893932,-0.0015312540344893932,-0.0005767503753304482,0.0005767503753304482,0.0013006580993533134,-0.0013006580993533134,0.0011718729510903358,-0.0011718730675056577,0.0006978157325647771,-0.0006978156743571162,-0.0004864567890763283,0.0004864569928031415,-0.0002696821466088295,0.00026968217571265996,0.00021321263920981437,-0.0002132126537617296,0.0010187322041019797,-0.0010187322041019797,0.0011704551288858056,-0.0011704552453011274],[-0.015769151970744133,0.015769151970744133,0.00954493135213852,-0.00954493135213852,-0.007229883689433336,0.0072298841550946236,-0.0007071812869980931,0.0007071822765283287,-0.008065838366746902,0.009065837599337101,-0.003477285383269191,0.003477285383269191,-0.003187933936715126,0.0031879337038844824,-0.005456584971398115,0.005456584971398115,-0.008188921958208084,0.008188921958208084,-0.002812556456774473,0.002812556456774473,0.0005502198473550379,-0.0005502201383933425,-0.000567947281524539,0.0005679471651092172,0.0025349208153784275,-0.0025349208153784275,0.002606817055493593,-0.002606817055493593,0.0005147395422682166,-0.0005147391930222511,-0.001535832416266203,0.001535832299850881,0.0006244659307412803,-0.0006244658143259585,0.00040882802568376064,-0.00040882802568376064,-0.0015312540344893932,0.0015312540344893932,0.0005767503753304482,-0.0005767503753304482,-0.0013006580993533134,0.0013006580993533134,-0.0011718729510903358,0.0011718730675056577,-0.0006978157325647771,0.0006978156743571162,0.0004864567890763283,-0.0004864569928031415,0.0002696821466088295,-0.00026968217571265996,-0.00021321263920981437,0.0002132126537617296,-0.0010187322041019797,0.0010187322041019797,-0.0011704551288858056,0.0011704552453011274],[0.0011401161318644881,-0.0011401154333725572,0.002893366850912571,-0.00289336615242064,0.0016489401459693909,-0.0016489401459693909,0.001946374773979187,-0.001946376170963049,0.003477285383269191,-0.003477285383269191,0.004317684564739466,-0.0033176876604557037,0.0014213630929589272,-0.0014213630929589272,0.00276469299569726,-0.0027646932285279036,0.000766575220040977,-0.0007665748707950115,-0.0015630547422915697,0.001563054509460926,0.00075377500616014,-0.0007537751807831228,0.00012687791604548693,-0.00012687785783782601,-6.857659900560975e-05,6.857659900560975e-05,-0.0016671125777065754,0.0016671124612912536,0.0010214318754151464,-0.0010214318754151464,0.0007803462212905288,-0.0007803461630828679,0.0007513337768614292,-0.0007513337768614292,0.0006999975885264575,-0.0006999975885264575,0.0007790379459038377,-0.0007790379459038377,0.0005024656420573592,-0.0005024656420573592,0.000847706338390708,-0.000847706338390708,0.000532714300788939,-0.0005327142425812781,0.0009059032308869064,-0.0009059032308869064,0.0004805386997759342,-0.0004805387288797647,0.0004642434068955481,-0.0004642434068955481,0.0002878978557419032,-0.0002878978557419032,0.0003210378345102072,-0.0003210378054063767,0.0003321613767184317,-0.00033216134761460125],[-0.0011401154333725572,0.0011401146184653044,-0.0028933677822351456,0.002893366850912571,-0.0016489402623847127,0.0016489403788000345,-0.0019463751232251525,0.0019463759381324053,-0.003477285383269191,0.003477285383269191,-0.0033176876604557037,0.004317687824368477,-0.0014213630929589272,0.0014213630929589272,-0.00276469299569726,0.0027646932285279036,-0.000766575220040977,0.0007665748707950115,0.0015630547422915697,-0.001563054509460926,-0.00075377500616014,0.0007537751807831228,-0.00012687791604548693,0.00012687785783782601,6.857659900560975e-05,-6.857659900560975e-05,0.0016671125777065754,-0.0016671124612912536,-0.0010214318754151464,0.0010214318754151464,-0.0007803462212905288,0.0007803461630828679,-0.0007513337768614292,0.0007513337768614292,-0.0006999975885264575,0.0006999975885264575,-0.0007790379459038377,0.0007790379459038377,-0.0005024656420573592,0.0005024656420573592,-0.000847706338390708,0.000847706338390708,-0.000532714300788939,0.0005327142425812781,-0.0009059032308869064,0.0009059032308869064,-0.0004805386997759342,0.0004805387288797647,-0.0004642434068955481,0.0004642434068955481,-0.0002878978557419032,0.0002878978557419032,-0.0003210378345102072,0.0003210378054063767,-0.0003321613767184317,0.00033216134761460125],[0.007822985760867596,-0.007822984829545021,0.0069584972225129604,-0.006958496756851673,0.0057266829535365105,-0.0057266829535365105,-0.0020512344781309366,0.0020512330811470747,0.003187933936715126,-0.003187933936715126,0.0014213630929589272,-0.0014213630929589272,0.013329513370990753,-0.01232951320707798,0.0032412330619990826,-0.0032412332948297262,0.0016933521255850792,-0.0016933521255850792,0.001963598420843482,-0.001963598420843482,0.0012631418649107218,-0.0012631418649107218,-0.0034265758004039526,0.003426575567573309,0.0010548632126301527,-0.0010548634454607964,-1.1842406820505857e-05,1.1842697858810425e-05,-0.00021131051471456885,0.00021131036919541657,0.0013831909745931625,-0.0013831909745931625,2.3582542780786753e-06,-2.358370693400502e-06,-3.674436084111221e-05,3.6744368117069826e-05,-0.0006743091507814825,0.0006743091507814825,0.00015970694948919117,-0.0001597068621776998,-0.00019326552865095437,0.00019326552865095437,0.001991526922211051,-0.001991526922211051,0.002979652024805546,-0.002979652024805546,0.0002649175876285881,-0.0002649175585247576,0.0002672997652553022,-0.00026729979435913265,-0.0002124655293300748,0.00021246554388199002,-7.617133087478578e-05,7.617133087478578e-05,-0.0003098798042628914,0.0003098798915743828],[-0.007822985760867596,0.007822984829545021,-0.006958496756851673,0.006958496291190386,-0.0057266829535365105,0.0057266829535365105,0.002051234245300293,-0.0020512333139777184,-0.0031879337038844824,0.0031879337038844824,-0.0014213630929589272,0.0014213630929589272,-0.01232951320707798,0.013329512439668179,-0.003241232829168439,0.0032412330619990826,-0.00169335154350847,0.0016933518927544355,-0.001963599119335413,0.0019635986536741257,-0.0012631416320800781,0.0012631417484954,0.0034265751019120216,-0.0034265751019120216,-0.0010548634454607964,0.0010548634454607964,1.1842756066471338e-05,-1.1843047104775906e-05,0.00021131080575287342,-0.00021131060202606022,-0.001383190625347197,0.0013831907417625189,-2.358050551265478e-06,2.358079655095935e-06,3.674429899547249e-05,-3.6744357203133404e-05,0.0006743090925738215,-0.0006743090925738215,-0.00015970683307386935,0.00015970674576237798,0.00019326535402797163,-0.0001932652958203107,-0.0019915271550416946,0.0019915271550416946,-0.002979652024805546,0.002979652024805546,-0.0002649175003170967,0.0002649173839017749,-0.0002672997652553022,0.0002672997652553022,0.00021246534015517682,-0.00021246535470709205,7.61715491535142e-05,-7.61715491535142e-05,0.0003098802117165178,-0.0003098803572356701],[0.006477740593254566,-0.006477739661931992,-0.0022728422190994024,0.002272843150421977,0.006066722795367241,-0.006066721864044666,0.0008632068638689816,-0.0008632076787762344,0.005456584971398115,-0.005456584971398115,0.00276469299569726,-0.00276469299569726,0.0032412330619990826,-0.003241232829168439,0.011172940954566002,-0.010172937996685505,0.004111501853913069,-0.004111501853913069,-0.00019249296747148037,0.00019249320030212402,-0.0005357872578315437,0.0005357872578315437,0.000851914519444108,-0.0008519149851053953,0.0008946359739638865,-0.0008946360903792083,-0.002474434208124876,0.0024744339752942324,0.0015784958377480507,-0.0015784960705786943,-0.0002308267867192626,0.00023082667030394077,0.0009260230581276119,-0.0009260232909582555,0.0005375147447921336,-0.0005375148029997945,8.239530143328011e-05,-8.239535964094102e-05,0.0007265101303346455,-0.0007265100721269846,-0.00016805075574666262,0.00016805082850623876,0.0007413903367705643,-0.0007413902785629034,0.0005557440454140306,-0.0005557441036216915,0.000540397537406534,-0.0005403975956141949,0.0006063211476430297,-0.0006063210894353688,-0.0003190191928297281,0.00031901916372589767,0.0002539962297305465,-0.00025399617152288556,0.0001833408750826493,-0.00018334084597881883],[-0.006477740593254566,0.006477739661931992,0.002272842451930046,-0.0022728429175913334,-0.006066722329705954,0.006066721864044666,-0.0008632068638689816,0.0008632075623609126,-0.005456584971398115,0.005456584971398115,-0.0027646932285279036,0.0027646932285279036,-0.0032412332948297262,0.0032412330619990826,-0.010172937996685505,0.011172937229275703,-0.004111501853913069,0.004111501853913069,0.00019249296747148037,-0.00019249320030212402,0.0005357872578315437,-0.0005357872578315437,-0.000851914519444108,0.0008519149851053953,-0.0008946359739638865,0.0008946360903792083,0.002474434208124876,-0.0024744339752942324,-0.0015784958377480507,0.0015784960705786943,0.0002308267867192626,-0.00023082667030394077,-0.0009260230581276119,0.0009260232909582555,-0.0005375147447921336,0.0005375148029997945,-8.239530143328011e-05,8.239535964094102e-05,-0.0007265101303346455,0.0007265100721269846,0.00016805075574666262,-0.00016805082850623876,-0.0007413903367705643,0.0007413902785629034,-0.0005557440454140306,0.0005557441036216915,-0.000540397537406534,0.0005403975956141949,-0.0006063211476430297,0.0006063210894353688,0.0003190191928297281,-0.00031901916372589767,-0.0002539962297305465,0.00025399617152288556,-0.0001833408750826493,0.00018334084597881883],[0.004504899960011244,-0.004504899960011244,0.005544350482523441,-0.005544351413846016,0.011581855826079845,-0.011581857688724995,0.0009051600936800241,-0.0009051605593413115,0.008188921958208084,-0.008188921958208084,0.000766575220040977,-0.000766575220040977,0.0016933521255850792,-0.00169335154350847,0.004111501853913069,-0.004111501853913069,0.013200254179537296,-0.012200254946947098,-0.0015507517382502556,0.0015507517382502556,-0.0004623273271135986,0.0004623274435289204,-0.00423804298043251,0.00423804298043251,0.002285450231283903,-0.002285450231283903,-0.002858760068193078,0.0028587598353624344,0.0003018826537299901,-0.0003018825373146683,-0.002987469080835581,0.002987469080835581,0.0003282826510258019,-0.00032828247640281916,9.197606414090842e-05,-9.19760059332475e-05,-0.00034723919816315174,0.0003472391690593213,0.00020888038852717727,-0.00020888049039058387,-0.0007914638263173401,0.0007914637099020183,0.0005006014253012836,-0.0005006013670936227,0.0011604860192164779,-0.0011604860192164779,0.00023563121794722974,-0.0002356312470510602,1.727631752146408e-05,-1.727631752146408e-05,0.0007723171729594469,-0.0007723171729594469,0.0004887408576905727,-0.0004887408576905727,0.000443996861577034,-0.0004439968033693731],[-0.0045048994943499565,0.004504900425672531,-0.005544350948184729,0.005544351413846016,-0.01158185675740242,0.01158185675740242,-0.0009051598608493805,0.0009051598608493805,-0.008188921958208084,0.008188921958208084,-0.0007665748707950115,0.0007665748707950115,-0.0016933521255850792,0.0016933518927544355,-0.004111501853913069,0.004111501853913069,-0.012200254946947098,0.013200256042182446,0.0015507519710808992,-0.0015507517382502556,0.00046232721069827676,-0.00046232726890593767,0.00423804298043251,-0.004238043446093798,-0.002285449532791972,0.002285449765622616,0.0028587596025317907,-0.002858759369701147,-0.00030188250821083784,0.0003018822171725333,0.0029874700121581554,-0.002987469779327512,-0.000328282592818141,0.00032828247640281916,-9.197586041409522e-05,9.197591862175614e-05,0.0003472394309937954,-0.00034723946009762585,-0.0002088804030790925,0.00020888046128675342,0.0007914636516943574,-0.0007914636516943574,-0.0005006015417166054,0.0005006015417166054,-0.0011604861356317997,0.0011604862520471215,-0.00023563127615489066,0.00023563127615489066,-1.7276499420404434e-05,1.7276375729124993e-05,-0.0007723169401288033,0.0007723169401288033,-0.0004887407412752509,0.0004887407412752509,-0.00044399683247320354,0.000443996861577034],[0.008060464635491371,-0.008060465566813946,0.0014897482469677925,-0.0014897494111210108,0.005827894899994135,-0.005827894434332848,1.127051655203104e-05,-1.1269876267760992e-05,0.002812556456774473,-0.002812556456774473,-0.0015630547422915697,0.0015630547422915697,0.001963598420843482,-0.001963599119335413,-0.00019249296747148037,0.00019249296747148037,-0.0015507517382502556,0.0015507519710808992,0.010978699661791325,-0.009978699497878551,-0.0005161863518878818,0.0005161862354725599,0.003384945448487997,-0.003384945448487997,-0.0016787725035101175,0.0016787723870947957,-0.0009937549475580454,0.0009937554132193327,-0.00042435515206307173,0.0004243549192324281,0.000912344956304878,-0.000912344956304878,0.00018656646716408432,-0.00018656669999472797,0.00010973588359775022,-0.00010973588359775022,0.0008519417024217546,-0.0008519417024217546,3.7572288420051336e-05,-3.7572113797068596e-05,-0.0003067770157940686,0.0003067770740017295,0.00029941427055746317,-0.00029941427055746317,0.0015106378123164177,-0.0015106378123164177,1.886782411020249e-05,-1.886764948721975e-05,0.00010834822023753077,-0.00010834811837412417,0.000691298337187618,-0.000691298337187618,-0.0004237862885929644,0.0004237862885929644,0.0016916677122935653,-0.0016916677122935653],[-0.008060465566813946,0.008060465566813946,-0.0014897484797984362,0.0014897491782903671,-0.005827894434332848,0.00582789396867156,-1.1270458344370127e-05,1.1269876267760992e-05,-0.002812556456774473,0.002812556456774473,0.001563054509460926,-0.001563054509460926,-0.001963598420843482,0.0019635986536741257,0.00019249320030212402,-0.00019249320030212402,0.0015507517382502556,-0.0015507517382502556,-0.009978699497878551,0.01097869873046875,0.0005161863518878818,-0.0005161862354725599,-0.0033849452156573534,0.003384945448487997,0.0016787720378488302,-0.001678772154264152,0.0009937547147274017,-0.0009937549475580454,0.0004243549192324281,-0.0004243546864017844,-0.000912344956304878,0.0009123450727201998,-0.00018656637985259295,0.00018656675820238888,-0.000109735774458386,0.000109735774458386,-0.0008519412367604673,0.0008519412367604673,-3.757240483537316e-05,3.757223021239042e-05,0.0003067771322093904,-0.00030677724862471223,-0.00029941395041532815,0.00029941395041532815,-0.0015106378123164177,0.0015106378123164177,-1.8867882317863405e-05,1.8867780454456806e-05,-0.00010834830754902214,0.000108348234789446,-0.0006912982207722962,0.0006912982789799571,0.0004237861721776426,-0.0004237861721776426,-0.0016916675958782434,0.0016916674794629216],[-0.00028006103821098804,0.00028006185311824083,0.0007173294434323907,-0.0007173289195634425,0.0020820535719394684,-0.0020820542704313993,0.0009856801480054855,-0.0009856801480054855,-0.0005502198473550379,0.0005502198473550379,0.00075377500616014,-0.00075377500616014,0.0012631418649107218,-0.0012631416320800781,-0.0005357872578315437,0.0005357872578315437,-0.0004623273271135986,0.00046232721069827676,-0.0005161863518878818,0.0005161863518878818,0.0031784391030669212,-0.002178438473492861,1.599531969986856e-05,-1.599523238837719e-05,-0.0007336036651395261,0.0007336036651395261,-0.0009674103348515928,0.000967410218436271,-0.0003254546027164906,0.00032545471913181245,-0.0004239192930981517,0.0004239192930981517,6.747039151377976e-06,-6.7470091380528174e-06,0.00027751870220527053,-0.00027751876041293144,0.0007542257662862539,-0.0007542257662862539,-9.924601909006014e-05,9.924593905452639e-05,0.0002721509081311524,-0.0002721509663388133,-0.0002189232618547976,0.0002189232618547976,7.693619409110397e-05,-7.693622319493443e-05,-0.00011296025331830606,0.00011296015873085707,0.0001393677230225876,-0.00013936779578216374,-4.195212386548519e-05,4.195212386548519e-05,-0.0001375788706354797,0.0001375788706354797,-2.193228283431381e-05,2.193226828239858e-05],[0.0002800610673148185,-0.0002800618822220713,-0.0007173298508860171,0.0007173287449404597,-0.0020820540376007557,0.0020820542704313993,-0.0009856802644208074,0.0009856801480054855,0.0005502201383933425,-0.0005502201383933425,-0.0007537751807831228,0.0007537751807831228,-0.0012631418649107218,0.0012631417484954,0.0005357872578315437,-0.0005357872578315437,0.0004623274435289204,-0.00046232726890593767,0.0005161862354725599,-0.0005161862354725599,-0.002178438473492861,0.0031784395687282085,-1.5995610738173127e-05,1.599558163434267e-05,0.000733603781554848,-0.0007336038397625089,0.0009674103930592537,-0.000967410218436271,0.00032545436988584697,-0.0003254543407820165,0.00042391923489049077,-0.00042391923489049077,-6.7469491114025e-06,6.746874532836955e-06,-0.00027751870220527053,0.000277518731309101,-0.0007542258244939148,0.0007542258244939148,9.924587357090786e-05,-9.924585174303502e-05,-0.00027215073350816965,0.00027215073350816965,0.00021892340737394989,-0.00021892340737394989,-7.693613588344306e-05,7.693616498727351e-05,0.00011296026787022129,-0.00011296023149043322,-0.00013936759205535054,0.000139367621159181,4.1952182073146105e-05,-4.1952182073146105e-05,0.0001375789288431406,-0.0001375789288431406,2.193210821133107e-05,-2.1932122763246298e-05],[-0.0003665974363684654,0.00036659720353782177,-0.0034794723615050316,0.0034794725943356752,-0.0027183801867067814,0.002718379721045494,0.0036818692460656166,-0.0036818687804043293,0.000567947281524539,-0.000567947281524539,0.00012687791604548693,-0.00012687791604548693,-0.0034265758004039526,0.0034265751019120216,0.000851914519444108,-0.000851914519444108,-0.00423804298043251,0.00423804298043251,0.003384945448487997,-0.0033849452156573534,1.599531969986856e-05,-1.5995610738173127e-05,0.00879613682627678,-0.007796137128025293,-0.002094570081681013,0.002094570081681013,-0.0011283389758318663,0.00112833920866251,0.00044205953599885106,-0.00044205953599885106,0.00025584426475688815,-0.0002558444393798709,0.000680594879668206,-0.0006805948214605451,0.00043546088272705674,-0.00043546099914237857,0.001845019869506359,-0.001845019869506359,0.0003066873177886009,-0.00030668723047710955,0.0002289015828864649,-0.00022890161199029535,-2.5157176423817873e-05,2.5157176423817873e-05,0.0009612029534764588,-0.0009612029534764588,0.00030133602558635175,-0.00030133596737869084,3.3003510907292366e-05,-3.300354001112282e-05,0.0007479760097339749,-0.000747975951526314,-0.00020182439766358584,0.00020182444131933153,0.00022382006864063442,-0.0002238200540887192],[0.0003665974363684654,-0.00036659720353782177,0.0034794718958437443,-0.0034794718958437443,0.0027183801867067814,-0.0027183799538761377,-0.003681869711726904,0.003681869013234973,-0.0005679471651092172,0.0005679471651092172,-0.00012687785783782601,0.00012687785783782601,0.003426575567573309,-0.0034265751019120216,-0.0008519149851053953,0.0008519149851053953,0.00423804298043251,-0.004238043446093798,-0.003384945448487997,0.003384945448487997,-1.599523238837719e-05,1.599558163434267e-05,-0.007796137128025293,0.00879613496363163,0.002094570081681013,-0.0020945698488503695,0.0011283394414931536,-0.0011283395579084754,-0.0004420596524141729,0.0004420600598677993,-0.0002558441483415663,0.00025584426475688815,-0.0006805947632528841,0.0006805947050452232,-0.0004354609700385481,0.0004354609118308872,-0.0018450197530910373,0.0018450197530910373,-0.00030668728868477046,0.0003066873468924314,-0.00022890142281539738,0.00022890142281539738,2.5157089112326503e-05,-2.5157176423817873e-05,-0.000961202778853476,0.000961202837061137,-0.00030133596737869084,0.00030133588006719947,-3.3003336284309626e-05,3.3003336284309626e-05,-0.0007479760097339749,0.0007479760097339749,0.00020182461594231427,-0.00020182467414997518,-0.0002238200104329735,0.00022381999588105828],[0.0056688012555241585,-0.005668802186846733,0.001399808912537992,-0.0013998090289533138,0.0019614186603575945,-0.001961418893188238,-0.0010623541893437505,0.0010623553534969687,-0.0025349208153784275,0.0025349208153784275,-6.857659900560975e-05,6.857659900560975e-05,0.0010548632126301527,-0.0010548634454607964,0.0008946359739638865,-0.0008946359739638865,0.002285450231283903,-0.002285449532791972,-0.0016787725035101175,0.0016787720378488302,-0.0007336036651395261,0.000733603781554848,-0.002094570081681013,0.002094570081681013,0.00747760571539402,-0.006477605551481247,0.0006794660585001111,-0.0006794661749154329,-0.0006126777152530849,0.0006126781227067113,0.0006509344093501568,-0.0006509344093501568,-0.0005123428418301046,0.0005123429000377655,-5.515447992365807e-05,5.515447992365807e-05,-0.0009254078613594174,0.0009254078613594174,-0.00013631976617034525,0.00013631966430693865,0.00015520364104304463,-0.00015520367014687508,0.0006416179239749908,-0.0006416179239749908,-4.5884225983172655e-05,4.5884225983172655e-05,-6.509639206342399e-05,6.509646482300013e-05,0.0001318704744335264,-0.0001318705326411873,-0.00034433844848535955,0.00034433844848535955,0.00014358063344843686,-0.00014358063344843686,-0.0002487791934981942,0.0002487791352905333],[-0.005668800789862871,0.0056688012555241585,-0.0013998090289533138,0.0013998092617839575,-0.001961418893188238,0.001961418893188238,0.0010623543057590723,-0.001062355237081647,0.0025349208153784275,-0.0025349208153784275,6.857659900560975e-05,-6.857659900560975e-05,-0.0010548634454607964,0.0010548634454607964,-0.0008946360903792083,0.0008946360903792083,-0.002285450231283903,0.002285449765622616,0.0016787723870947957,-0.001678772154264152,0.0007336036651395261,-0.0007336038397625089,0.002094570081681013,-0.0020945698488503695,-0.006477605551481247,0.0074776047840714455,-0.0006794660585001111,0.0006794661749154329,0.0006126777152530849,-0.0006126781227067113,-0.0006509344093501568,0.0006509344093501568,0.0005123428418301046,-0.0005123429000377655,5.515447992365807e-05,-5.515447992365807e-05,0.0009254078613594174,-0.0009254078613594174,0.00013631976617034525,-0.00013631966430693865,-0.00015520364104304463,0.00015520367014687508,-0.0006416179239749908,0.0006416179239749908,4.5884225983172655e-05,-4.5884225983172655e-05,6.509639206342399e-05,-6.509646482300013e-05,-0.0001318704744335264,0.0001318705326411873,0.00034433844848535955,-0.00034433844848535955,-0.00014358063344843686,0.00014358063344843686,0.0002487791934981942,-0.0002487791352905333],[0.005365415476262569,-0.005365415476262569,0.002734506968408823,-0.0027345085982233286,0.0005686746444553137,-0.0005686741787940264,-0.0006835674867033958,0.0006835684762336314,-0.002606817055493593,0.002606817055493593,-0.0016671125777065754,0.0016671125777065754,-1.1842406820505857e-05,1.1842756066471338e-05,-0.002474434208124876,0.002474434208124876,-0.002858760068193078,0.0028587596025317907,-0.0009937549475580454,0.0009937547147274017,-0.0009674103348515928,0.0009674103930592537,-0.0011283389758318663,0.0011283394414931536,0.0006794660585001111,-0.0006794660585001111,0.007834037765860558,-0.006834037601947784,-0.001125624985434115,0.001125624985434115,-0.0018103383481502533,0.0018103382317349315,-0.0006652866140939295,0.0006652865558862686,-0.0005573183880187571,0.000557318446226418,0.0012374204816296697,-0.0012374205980449915,-0.00029803652432747185,0.0002980365534313023,-0.000711711123585701,0.000711711123585701,2.5203429686371237e-05,-2.5203407858498394e-05,-0.0004934230819344521,0.0004934230819344521,8.117523975670338e-06,-8.117291145026684e-06,-0.00016961811343207955,0.00016961811343207955,0.001309892162680626,-0.001309892162680626,0.0007194290519692004,-0.0007194290519692004,0.0015271500451490283,-0.0015271501615643501],[-0.005365415010601282,0.005365415010601282,-0.0027345060370862484,0.0027345078997313976,-0.0005686742370016873,0.0005686734803020954,0.000683567370288074,-0.0006835680105723441,0.002606817055493593,-0.002606817055493593,0.0016671124612912536,-0.0016671124612912536,1.1842697858810425e-05,-1.1843047104775906e-05,0.0024744339752942324,-0.0024744339752942324,0.0028587598353624344,-0.002858759369701147,0.0009937554132193327,-0.0009937549475580454,0.000967410218436271,-0.000967410218436271,0.00112833920866251,-0.0011283395579084754,-0.0006794661749154329,0.0006794661749154329,-0.006834037601947784,0.007834037765860558,0.001125624985434115,-0.0011256251018494368,0.0018103384645655751,-0.0018103383481502533,0.0006652867887169123,-0.0006652867887169123,0.0005573187372647226,-0.0005573187372647226,-0.0012374201323837042,0.0012374201323837042,0.0002980364952236414,-0.0002980364952236414,0.0007117111817933619,-0.0007117111817933619,-2.520326233934611e-05,2.5203269615303725e-05,0.0004934230819344521,-0.0004934230237267911,-8.117451216094196e-06,8.117378456518054e-06,0.00016961814253591,-0.0001696181861916557,-0.001309892046265304,0.001309892162680626,-0.0007194289937615395,0.0007194289937615395,-0.0015271500451490283,0.0015271500451490283],[-7.089582504704595e-05,7.089614518918097e-05,-6.72980968374759e-06,6.730064342264086e-06,-0.00038457720074802637,0.0003845776373054832,-0.0005804648972116411,0.0005804646643809974,-0.0005147395422682166,0.0005147395422682166,0.0010214318754151464,-0.0010214318754151464,-0.00021131051471456885,0.00021131080575287342,0.0015784958377480507,-0.0015784958377480507,0.0003018826537299901,-0.00030188250821083784,-0.00042435515206307173,0.0004243549192324281,-0.0003254546027164906,0.00032545436988584697,0.00044205953599885106,-0.0004420596524141729,-0.0006126777152530849,0.0006126777152530849,-0.001125624985434115,0.001125624985434115,0.0021072705276310444,-0.0011072707129642367,0.0009071684908121824,-0.0009071684908121824,0.0007181505206972361,-0.0007181505206972361,0.000636007753200829,-0.000636007753200829,0.00010861229384317994,-0.00010861229384317994,0.0006297167856246233,-0.0006297167856246233,0.0005087964236736298,-0.0005087964818812907,-0.00013706981553696096,0.00013706981553696096,1.6940815839916468e-05,-1.6940830391831696e-05,0.000371038680896163,-0.0003710387391038239,0.0004060617065988481,-0.00040606173570267856,0.0003467132628429681,-0.0003467132046353072,-0.00029906645067967474,0.00029906645067967474,0.0008206599159166217,-0.0008206597995012999],[7.089553400874138e-05,-7.08958541508764e-05,6.729162123519927e-06,-6.729882443323731e-06,0.000384577113436535,-0.0003845773753710091,0.000580464955419302,-0.0005804647225886583,0.0005147391930222511,-0.0005147391930222511,-0.0010214318754151464,0.0010214318754151464,0.00021131036919541657,-0.00021131060202606022,-0.0015784960705786943,0.0015784960705786943,-0.0003018825373146683,0.0003018822171725333,0.0004243549192324281,-0.0004243546864017844,0.00032545471913181245,-0.0003254543407820165,-0.00044205953599885106,0.0004420600598677993,0.0006126781227067113,-0.0006126781227067113,0.001125624985434115,-0.0011256251018494368,-0.0011072707129642367,0.0021072709932923317,-0.0009071688982658088,0.0009071688400581479,-0.0007181506371125579,0.0007181505206972361,-0.0006360078114084899,0.0006360078696161509,-0.00010861241025850177,0.00010861241025850177,-0.0006297167856246233,0.0006297167856246233,-0.0005087965400889516,0.0005087965400889516,0.00013706987374462187,-0.00013706984464079142,-1.69407812791178e-05,1.6940794012043625e-05,-0.0003710387391038239,0.00037103882641531527,-0.000406061764806509,0.000406061764806509,-0.000346713321050629,0.0003467132628429681,0.0002990664797835052,-0.0002990664797835052,-0.0008206599159166217,0.0008206599159166217],[-0.0013838931918144226,0.0013838930753991008,0.00021853807265870273,-0.00021853792713955045,0.0038788393139839172,-0.00387883884832263,-0.003446873277425766,0.003446873277425766,0.001535832416266203,-0.001535832416266203,0.0007803462212905288,-0.0007803462212905288,0.0013831909745931625,-0.001383190625347197,-0.0002308267867192626,0.0002308267867192626,-0.002987469080835581,0.0029874700121581554,0.000912344956304878,-0.000912344956304878,-0.0004239192930981517,0.00042391923489049077,0.00025584426475688815,-0.0002558441483415663,0.0006509344093501568,-0.0006509344093501568,-0.0018103383481502533,0.0018103384645655751,0.0009071684908121824,-0.0009071688982658088,0.005655338987708092,-0.004655337892472744,0.0007540597580373287,-0.000754059583414346,0.0010229418985545635,-0.0010229418985545635,0.0037109809927642345,-0.0037109809927642345,0.0006753656780347228,-0.0006753656780347228,0.0014604367315769196,-0.0014604367315769196,0.002284980146214366,-0.002284980146214366,0.0006897093262523413,-0.0006897093262523413,0.0005890997126698494,-0.0005890998872928321,0.0007189235766418278,-0.0007189236348494887,0.00048298202455043793,-0.00048298202455043793,-0.00012318568769842386,0.00012318568769842386,0.0007557973731309175,-0.0007557972567155957],[0.0013838931918144226,-0.0013838930753991008,-0.00021853813086636364,0.0002185381017625332,-0.0038788393139839172,0.00387883884832263,0.003446873277425766,-0.003446873277425766,-0.001535832299850881,0.001535832299850881,-0.0007803461630828679,0.0007803461630828679,-0.0013831909745931625,0.0013831907417625189,0.00023082667030394077,-0.00023082667030394077,0.002987469080835581,-0.002987469779327512,-0.000912344956304878,0.0009123450727201998,0.0004239192930981517,-0.00042391923489049077,-0.0002558444393798709,0.00025584426475688815,-0.0006509344093501568,0.0006509344093501568,0.0018103382317349315,-0.0018103383481502533,-0.0009071684908121824,0.0009071688400581479,-0.004655337892472744,0.005655338056385517,-0.0007540597580373287,0.000754059583414346,-0.0010229418985545635,0.0010229418985545635,-0.0037109809927642345,0.0037109809927642345,-0.0006753656780347228,0.0006753656780347228,-0.0014604367315769196,0.0014604367315769196,-0.002284980146214366,0.002284980146214366,-0.0006897093262523413,0.0006897093262523413,-0.0005890997126698494,0.0005890998872928321,-0.0007189235766418278,0.0007189236348494887,-0.00048298202455043