{"epoch":0,"H":[[0.02398114651441574,-0.022981146350502968,0.010183615610003471,-0.010183615610003471,0.012367550283670425,-0.012367550283670425,0.003948915284126997,-0.003948915284126997,0.0019295687088742852,-0.001929568243212998,7.990299491211772e-05,-7.990398444235325e-05,0.006343433633446693,-0.006343433633446693,-0.0032730703242123127,0.003273069392889738,0.00588581245392561,-0.00588581245392561,0.0012336208019405603,-0.0012336204526945949,-0.0019474810687825084,0.0019474809523671865,0.007056002505123615,-0.007056002505123615,0.001472582807764411,-0.0014725825749337673,-0.001689547672867775,0.0016895475564524531,0.0026062815450131893,-0.002606281777843833,0.003885790007188916,-0.003885790007188916,0.0014893680345267057,-0.001489367801696062,0.0006708467844873667,-0.0006708468426950276,0.005184738431125879,-0.005184738431125879,0.00113201467320323,-0.0011320147896185517,3.68533656001091e-05,-3.68533656001091e-05,0.0014695515856146812,-0.0014695515856146812,0.003448005998507142,-0.0034480057656764984,0.0006483611650764942,-0.0006483614561147988,0.0003103615599684417,-0.0003103615017607808,0.0021587612573057413,-0.0021587612573057413,0.0011148526100441813,-0.0011148523772135377,0.0027754181064665318,-0.0027754181064665318],[-0.022981146350502968,0.02398114651441574,-0.010183615610003471,0.010183615610003471,-0.012367552146315575,0.012367552146315575,-0.003948916215449572,0.003948916215449572,-0.001929570222273469,0.0019295697566121817,-7.990273297764361e-05,7.99044209998101e-05,-0.006343434564769268,0.006343435030430555,0.003273069392889738,-0.0032730689272284508,-0.005885814316570759,0.005885814316570759,-0.0012336206855252385,0.0012336206855252385,0.0019474818836897612,-0.0019474816508591175,-0.007056002970784903,0.007056002505123615,-0.0014725823421031237,0.0014725823421031237,0.001689548254944384,-0.0016895486041903496,-0.002606281079351902,0.002606281079351902,-0.0038857897743582726,0.0038857897743582726,-0.001489367801696062,0.0014893673360347748,-0.0006708468426950276,0.0006708467262797058,-0.005184738431125879,0.005184737965464592,-0.0011320144403725863,0.001132014556787908,-3.6853423807770014e-05,3.6853423807770014e-05,-0.0014695515856146812,0.0014695515856146812,-0.003448005998507142,0.0034480057656764984,-0.000648361281491816,0.0006483614561147988,-0.0003103615017607808,0.0003103615599684417,-0.0021587617229670286,0.0021587617229670286,-0.0011148527264595032,0.0011148527264595032,-0.002775418572127819,0.002775418572127819],[0.010183615610003471,-0.010183615610003471,0.023926809430122375,-0.022926805540919304,0.0073221782222390175,-0.007322178687900305,0.0033828988671302795,-0.0033828988671302795,0.005836588330566883,-0.005836588330566883,-0.00017719570314511657,0.000177195412106812,0.007661954499781132,-0.007661954499781132,0.008468713611364365,-0.008468713611364365,0.0050655510276556015,-0.0050655510276556015,-0.0011989608174189925,0.0011989612830802798,-0.0010379452724009752,0.0010379450395703316,0.002432459034025669,-0.0024324581027030945,0.0039706542156636715,-0.0039706542156636715,0.003171492600813508,-0.0031714930664747953,-0.0014216986019164324,0.0014216979034245014,-0.0012831437634304166,0.0012831437634304166,-0.0006149515975266695,0.0006149517139419913,-0.0005312227876856923,0.0005312226712703705,0.0024441664572805166,-0.0024441664572805166,-0.0007197011727839708,0.0007197011727839708,-0.000903477834071964,0.000903477834071964,0.0027877497486770153,-0.0027877497486770153,0.0026080156676471233,-0.0026080156676471233,-0.00040198263013735414,0.0004019826010335237,-0.0005351026775315404,0.0005351026775315404,0.0025210301391780376,-0.0025210303720086813,0.0026051427703350782,-0.0026051427703350782,0.0022058580070734024,-0.002205858239904046],[-0.010183615610003471,0.010183615610003471,-0.022926805540919304,0.023926809430122375,-0.00732217775657773,0.0073221782222390175,-0.003382899332791567,0.003382899332791567,-0.005836589727550745,0.005836589727550745,0.00017719611059874296,-0.00017719558672979474,-0.007661955431103706,0.007661955431103706,-0.008468711748719215,0.008468711748719215,-0.0050655510276556015,0.0050655510276556015,0.0011989607010036707,-0.0011989609338343143,0.0010379451559856534,-0.0010379449231550097,-0.002432458568364382,0.002432458568364382,-0.003970654681324959,0.0039706542156636715,-0.0031714923679828644,0.003171492600813508,0.0014216983690857887,-0.0014216976705938578,0.0012831432977691293,-0.0012831432977691293,0.0006149515393190086,-0.000614951946772635,0.0005312226712703705,-0.0005312227876856923,-0.0024441659916192293,0.0024441659916192293,0.0007197011727839708,-0.0007197012891992927,0.000903477834071964,-0.0009034778922796249,-0.0027877497486770153,0.0027877495158463717,-0.002608015900477767,0.002608015900477767,0.0004019823973067105,-0.0004019822517875582,0.0005351027357392013,-0.0005351026193238795,-0.0025210303720086813,0.0025210303720086813,-0.002605142304673791,0.0026051420718431473,-0.0022058584727346897,0.002205858239904046],[0.012367550283670425,-0.012367552146315575,0.0073221782222390175,-0.00732217775657773,0.020740069448947906,-0.019740069285035133,0.004854716360569,-0.004854716360569,0.006066439673304558,-0.006066439673304558,-0.0006201594369485974,0.0006201585056260228,0.0022960081696510315,-0.0022960081696510315,0.004057355225086212,-0.004057354759424925,0.0009015079122036695,-0.0009015072137117386,0.0006832362269051373,-0.0006832358194515109,-0.001196802593767643,0.0011968029430136085,0.003120900597423315,-0.0031209001317620277,0.0018972151447087526,-0.0018972146790474653,0.0011496796505525708,-0.0011496796505525708,0.0003244394320063293,-0.0003244396357331425,0.0011381509248167276,-0.0011381508084014058,1.8710677977651358e-05,-1.8710677977651358e-05,6.902658788021654e-05,-6.902670429553837e-05,0.002864482346922159,-0.002864482346922159,8.611794328317046e-06,-8.611910743638873e-06,-0.0007776687853038311,0.0007776687853038311,0.00149757438339293,-0.00149757438339293,0.00388597184792161,-0.00388597184792161,-0.00017753089196048677,0.0001775305427145213,2.4635708541609347e-05,-2.4635737645439804e-05,0.003193503711372614,-0.003193503711372614,0.0018898255657404661,-0.0018898255657404661,0.0033456250093877316,-0.0033456250093877316],[-0.012367550283670425,0.012367552146315575,-0.007322178687900305,0.0073221782222390175,-0.019740069285035133,0.020740071311593056,-0.004854717291891575,0.004854717291891575,-0.006066440604627132,0.006066440138965845,0.0006201593205332756,-0.0006201588548719883,-0.0022960093338042498,0.0022960093338042498,-0.004057355225086212,0.004057354759424925,-0.0009015076793730259,0.0009015069808810949,-0.0006832366343587637,0.0006832362851127982,0.0011968034086748958,-0.0011968036415055394,-0.003120900597423315,0.003120900597423315,-0.0018972146790474653,0.0018972146790474653,-0.0011496794177219272,0.001149679534137249,-0.0003244388790335506,0.0003244391118641943,-0.0011381512740626931,0.0011381511576473713,-1.871073618531227e-05,1.8710794392973185e-05,-6.902671157149598e-05,6.902659515617415e-05,-0.002864482579752803,0.002864482579752803,-8.61185253597796e-06,8.611968951299787e-06,0.0007776687853038311,-0.0007776687853038311,-0.0014975744998082519,0.0014975744998082519,-0.00388597184792161,0.00388597184792161,0.00017753077554516494,-0.00017753065912984312,-2.4635599402245134e-05,2.4635570298414677e-05,-0.003193503711372614,0.003193503711372614,-0.0018898255657404661,0.0018898255657404661,-0.0033456257078796625,0.003345625475049019],[0.003948915284126997,-0.003948916215449572,0.0033828988671302795,-0.003382899332791567,0.004854716360569,-0.004854717291891575,0.010494515299797058,-0.009494515135884285,0.006833897903561592,-0.006833897903561592,0.0013949477579444647,-0.0013949479907751083,0.0056922901421785355,-0.0056922901421785355,0.009036208502948284,-0.009036208502948284,0.008840970695018768,-0.008840971626341343,0.0018127358052879572,-0.0018127358052879572,6.847410986665636e-05,-6.847362965345383e-05,0.0013903420185670257,-0.0013903419021517038,-0.0010002916678786278,0.0010002919007092714,0.00022558605996891856,-0.00022558600176125765,0.0017388903070241213,-0.0017388906562700868,0.000684158003423363,-0.0006841579452157021,0.001072281040251255,-0.001072281040251255,0.0004374042619019747,-0.00043740420369431376,0.0011285175569355488,-0.0011285175569355488,0.0007846991065889597,-0.0007846990483812988,0.0004811130347661674,-0.0004811130347661674,0.0009070637170225382,-0.0009070637170225382,0.001701672445051372,-0.0017016723286360502,0.0004921217332594097,-0.0004921217914670706,0.0001231833011843264,-0.00012318327208049595,0.0003140313201583922,-0.0003140312619507313,0.0006290889577940106,-0.0006290889577940106,-8.118872210616246e-05,8.11886420706287e-05],[-0.003948915284126997,0.003948916215449572,-0.0033828988671302795,0.003382899332791567,-0.004854716360569,0.004854717291891575,-0.009494515135884285,0.010494513437151909,-0.006833897903561592,0.006833897903561592,-0.0013949477579444647,0.0013949479907751083,-0.0056922901421785355,0.0056922901421785355,-0.009036208502948284,0.009036208502948284,-0.008840970695018768,0.008840971626341343,-0.0018127358052879572,0.0018127358052879572,-6.847410986665636e-05,6.847362965345383e-05,-0.0013903420185670257,0.0013903419021517038,0.0010002916678786278,-0.0010002919007092714,-0.00022558605996891856,0.00022558600176125765,-0.0017388903070241213,0.0017388906562700868,-0.000684158003423363,0.0006841579452157021,-0.001072281040251255,0.001072281040251255,-0.0004374042619019747,0.00043740420369431376,-0.0011285175569355488,0.0011285175569355488,-0.0007846991065889597,0.0007846990483812988,-0.0004811130347661674,0.0004811130347661674,-0.0009070637170225382,0.0009070637170225382,-0.001701672445051372,0.0017016723286360502,-0.0004921217332594097,0.0004921217914670706,-0.0001231833011843264,0.00012318327208049595,-0.0003140313201583922,0.0003140312619507313,-0.0006290889577940106,0.0006290889577940106,8.118872210616246e-05,-8.11886420706287e-05],[0.0019295687088742852,-0.001929570222273469,0.005836588330566883,-0.005836589727550745,0.006066439673304558,-0.006066440604627132,0.006833897903561592,-0.006833897903561592,0.013133162632584572,-0.012133165262639523,0.0011196795385330915,-0.0011196804698556662,0.005045113153755665,-0.005045113153755665,0.008999047800898552,-0.008999047800898552,0.0014034224441275,-0.0014034233754500747,0.002221030415967107,-0.002221030415967107,0.0004020711057819426,-0.000402071513235569,0.0028271079063415527,-0.0028271079063415527,0.0002109826309606433,-0.00021098239812999964,-0.00013400337775237858,0.00013400340685620904,0.001110532321035862,-0.001110532321035862,0.0018461495637893677,-0.0018461495637893677,0.0009015545365400612,-0.0009015544783324003,0.001692468300461769,-0.001692468300461769,0.0021591270342469215,-0.0021591270342469215,0.0009536780416965485,-0.0009536780416965485,0.0009181644418276846,-0.0009181644418276846,0.0002942624851129949,-0.0002942624851129949,0.0025727860629558563,-0.0025727860629558563,0.0005418473738245666,-0.0005418474320322275,0.0008665032219141722,-0.0008665032219141722,0.0007279030396603048,-0.0007279030978679657,0.0004746528575196862,-0.0004746527993120253,0.0006530640530399978,-0.0006530640530399978],[-0.001929568243212998,0.0019295697566121817,-0.005836588330566883,0.005836589727550745,-0.006066439673304558,0.006066440138965845,-0.006833897903561592,0.006833897903561592,-0.012133165262639523,0.013133163563907146,-0.0011196795385330915,0.0011196804698556662,-0.005045113153755665,0.005045113153755665,-0.008999047800898552,0.008999047800898552,-0.0014034224441275,0.0014034233754500747,-0.002221030415967107,0.002221030415967107,-0.0004020711057819426,0.000402071513235569,-0.0028271079063415527,0.0028271079063415527,-0.0002109826309606433,0.00021098239812999964,0.00013400337775237858,-0.00013400340685620904,-0.001110532321035862,0.001110532321035862,-0.0018461495637893677,0.0018461495637893677,-0.0009015545365400612,0.0009015544783324003,-0.001692468300461769,0.001692468300461769,-0.0021591270342469215,0.0021591270342469215,-0.0009536780416965485,0.0009536780416965485,-0.0009181644418276846,0.0009181644418276846,-0.0002942624851129949,0.0002942624851129949,-0.0025727860629558563,0.0025727860629558563,-0.0005418473738245666,0.0005418474320322275,-0.0008665032219141722,0.0008665032219141722,-0.0007279030396603048,0.0007279030978679657,-0.0004746528575196862,0.0004746527993120253,-0.0006530640530399978,0.0006530640530399978],[7.990299491211772e-05,-7.990273297764361e-05,-0.00017719570314511657,0.00017719611059874296,-0.0006201594369485974,0.0006201593205332756,0.0013949477579444647,-0.0013949477579444647,0.0011196795385330915,-0.0011196795385330915,0.005802392028272152,-0.004802392330020666,0.0011464382987469435,-0.0011464381823316216,0.0007973656756803393,-0.0007973657920956612,0.001811427529901266,-0.001811426947824657,2.03640665858984e-05,-2.036389196291566e-05,0.0010750361252576113,-0.0010750360088422894,0.0006045482587069273,-0.0006045482587069273,-0.0001355659478576854,0.0001355660060653463,-0.0016522674122825265,0.001652267063036561,0.0014932523481547832,-0.0014932523481547832,0.0010361217427998781,-0.0010361217427998781,0.0011649776715785265,-0.0011649776715785265,0.0010616960935294628,-0.0010616960935294628,-0.00011712874402292073,0.00011712874402292073,0.0007994589977897704,-0.0007994589977897704,0.001242722850292921,-0.001242722850292921,0.00039443650166504085,-0.00039443650166504085,0.0018428913317620754,-0.0018428910989314318,0.0006445500766858459,-0.0006445500766858459,0.0005921910051256418,-0.0005921910051256418,-0.00018715421902015805,0.0001871541899163276,-0.0005381157388910651,0.0005381157388910651,-0.0005132680526003242,0.0005132680526003242],[-7.990398444235325e-05,7.99044209998101e-05,0.000177195412106812,-0.00017719558672979474,0.0006201585056260228,-0.0006201588548719883,-0.0013949479907751083,0.0013949479907751083,-0.0011196804698556662,0.0011196804698556662,-0.004802392330020666,0.005802392493933439,-0.0011464387644082308,0.0011464387644082308,-0.0007973667234182358,0.0007973667816258967,-0.001811428926885128,0.0018114283448085189,-2.0364095689728856e-05,2.0363921066746116e-05,-0.0010750361252576113,0.001075036358088255,-0.0006045485497452319,0.0006045486661605537,0.000135565540404059,-0.00013556556950788945,0.001652267761528492,-0.001652267761528492,-0.001493252464570105,0.001493252464570105,-0.0010361220920458436,0.0010361220920458436,-0.0011649779044091702,0.0011649779044091702,-0.0010616964427754283,0.0010616964427754283,0.00011712854029610753,-0.00011712854029610753,-0.0007994589395821095,0.0007994589395821095,-0.001242722966708243,0.001242722966708243,-0.0003944368218071759,0.00039443685091100633,-0.001842891681008041,0.001842891681008041,-0.0006445501348935068,0.0006445501348935068,-0.0005921910051256418,0.0005921910051256418,0.00018715413170866668,-0.00018715411715675145,0.000538115855306387,-0.000538115855306387,0.0005132683436386287,-0.0005132684018462896],[0.006343433633446693,-0.006343434564769268,0.007661954499781132,-0.007661955431103706,0.0022960081696510315,-0.0022960093338042498,0.0056922901421785355,-0.0056922901421785355,0.005045113153755665,-0.005045113153755665,0.0011464382987469435,-0.0011464387644082308,0.008659955114126205,-0.007659957744181156,0.006434754468500614,-0.0064347549341619015,0.004952740855515003,-0.004952740855515003,-0.0010046318639069796,0.0010046320967376232,0.0003449629293754697,-0.0003449629293754697,-0.0005164497997611761,0.0005164493340998888,0.0025791339576244354,-0.0025791337247937918,-0.00200505368411541,0.00200505368411541,0.002460484392940998,-0.0024604841601103544,0.0005394173786044121,-0.0005394174950197339,0.0013581309467554092,-0.0013581309467554092,6.173917790874839e-05,-6.17390323895961e-05,0.0011397214839234948,-0.0011397214839234948,0.0012275713961571455,-0.0012275712797418237,-0.0003740063402801752,0.0003740063402801752,0.0013960518408566713,-0.0013960518408566713,0.0029250162187963724,-0.0029250162187963724,0.0008635356789454818,-0.0008635359117761254,9.118954767473042e-05,-9.118960588239133e-05,0.0009293135371990502,-0.0009293135954067111,-0.0002431806206004694,0.0002431805623928085,-0.0009026610059663653,0.0009026610059663653],[-0.006343433633446693,0.006343435030430555,-0.007661954499781132,0.007661955431103706,-0.0022960081696510315,0.0022960093338042498,-0.0056922901421785355,0.0056922901421785355,-0.005045113153755665,0.005045113153755665,-0.0011464381823316216,0.0011464387644082308,-0.007659957744181156,0.008659958839416504,-0.006434754468500614,0.006434754468500614,-0.004952740855515003,0.0049527413211762905,0.0010046317474916577,-0.0010046318639069796,-0.00034496301668696105,0.00034496327862143517,0.0005164495669305325,-0.0005164496833458543,-0.0025791339576244354,0.0025791339576244354,0.0020050539169460535,-0.0020050539169460535,-0.0024604841601103544,0.0024604841601103544,-0.0005394174950197339,0.0005394173786044121,-0.0013581312960013747,0.001358131179586053,-6.17392361164093e-05,6.173897418193519e-05,-0.001139721367508173,0.001139721367508173,-0.0012275713961571455,0.0012275713961571455,0.00037400599103420973,-0.00037400599103420973,-0.001396052073687315,0.0013960519572719932,-0.0029250159859657288,0.0029250159859657288,-0.0008635357953608036,0.0008635356789454818,-9.118964953813702e-05,9.118962043430656e-05,-0.000929313653614372,0.000929313653614372,0.0002431805187370628,-0.0002431804605294019,0.0009026610641740263,-0.0009026610059663653],[-0.0032730703242123127,0.003273069392889738,0.008468713611364365,-0.008468711748719215,0.004057355225086212,-0.004057355225086212,0.009036208502948284,-0.009036208502948284,0.008999047800898552,-0.008999047800898552,0.0007973656756803393,-0.0007973667234182358,0.006434754468500614,-0.006434754468500614,0.01292935200035572,-0.011929353699088097,0.0051119327545166016,-0.005111933220177889,0.0020935155916959047,-0.0020935155916959047,-0.0005698002642020583,0.0005698000313714147,0.0023434015456587076,-0.0023434017784893513,0.0021360076498240232,-0.0021360076498240232,-0.004033030476421118,0.004033030476421118,0.001647832221351564,-0.0016478326870128512,0.0029697343707084656,-0.0029697343707084656,0.0007828474044799805,-0.0007828472298569977,0.001377565204165876,-0.0013775653205811977,0.002364709507673979,-0.002364709274843335,0.0008504169527441263,-0.0008504169527441263,0.001374131185002625,-0.001374131185002625,0.0015012825606390834,-0.0015012825606390834,0.0023868954740464687,-0.002386895241215825,0.00042554258834570646,-0.0004255427629686892,0.000943172606639564,-0.0009431725484319031,0.0006617829203605652,-0.0006617829785682261,0.00023233906540554017,-0.0002323390363017097,1.580647221999243e-05,-1.5806392184458673e-05],[0.003273069392889738,-0.0032730689272284508,-0.008468713611364365,0.008468711748719215,-0.004057354759424925,0.004057354759424925,-0.009036208502948284,0.009036208502948284,-0.008999047800898552,0.008999047800898552,-0.0007973657920956612,0.0007973667816258967,-0.0064347549341619015,0.006434754468500614,-0.011929353699088097,0.01292935386300087,-0.005111933220177889,0.005111933220177889,-0.0020935158245265484,0.0020935158245265484,0.0005698001477867365,-0.0005698000313714147,-0.0023434017784893513,0.0023434017784893513,-0.0021360074169933796,0.0021360074169933796,0.0040330300107598305,-0.0040330300107598305,-0.0016478325705975294,0.001647832919843495,-0.0029697346035391092,0.0029697346035391092,-0.0007828473462723196,0.0007828472298569977,-0.001377565087750554,0.001377565204165876,-0.0023647090420126915,0.002364709274843335,-0.0008504168363288045,0.0008504167781211436,-0.001374131185002625,0.001374131185002625,-0.001501282211393118,0.001501282211393118,-0.0023868957068771124,0.0023868957068771124,-0.0004255428211763501,0.00042554279207251966,-0.0009431724902242422,0.0009431724902242422,-0.000661783036775887,0.0006617830949835479,-0.00023233886167872697,0.00023233889078255743,-1.580673415446654e-05,1.5806654118932784e-05],[0.00588581245392561,-0.005885814316570759,0.0050655510276556015,-0.0050655510276556015,0.0009015079122036695,-0.0009015076793730259,0.008840970695018768,-0.008840970695018768,0.0014034224441275,-0.0014034224441275,0.001811427529901266,-0.001811428926885128,0.004952740855515003,-0.004952740855515003,0.0051119327545166016,-0.005111933220177889,0.010864844545722008,-0.009864848107099533,-0.00044068373972550035,0.0004406838270369917,9.643938392400742e-05,-9.643958765082061e-05,-3.6532990634441376e-05,3.6532816011458635e-05,0.001801090780645609,-0.0018010910134762526,-0.001984330592676997,0.0019843303598463535,0.0008432752802036703,-0.0008432755712419748,0.0030054424423724413,-0.0030054424423724413,0.00031470274552702904,-0.0003147026291117072,0.00023131794296205044,-0.00023131788475438952,0.0023636678233742714,-0.0023636678233742714,0.0002928447211161256,-0.0002928447211161256,0.0018640151247382164,-0.0018640151247382164,0.0009699898073449731,-0.0009699898073449731,0.0020209955982863903,-0.0020209955982863903,0.00012101969332434237,-0.00012101972242817283,0.00011530445772223175,-0.00011530446499818936,0.00021143618505448103,-0.00021143621415831149,0.000505576841533184,-0.000505576841533184,-0.00020099675748497248,0.00020099675748497248],[-0.00588581245392561,0.005885814316570759,-0.0050655510276556015,0.0050655510276556015,-0.0009015072137117386,0.0009015069808810949,-0.008840971626341343,0.008840971626341343,-0.0014034233754500747,0.0014034233754500747,-0.001811426947824657,0.0018114283448085189,-0.004952740855515003,0.0049527413211762905,-0.005111933220177889,0.005111933220177889,-0.009864848107099533,0.010864845477044582,0.00044068400165997446,-0.0004406841180752963,-9.643961675465107e-05,9.643964585848153e-05,3.653328167274594e-05,-3.653304884210229e-05,-0.001801090664230287,0.001801090664230287,0.0019843303598463535,-0.0019843303598463535,-0.0008432753384113312,0.000843275454826653,-0.003005441976711154,0.003005441976711154,-0.0003147029783576727,0.0003147028328385204,-0.00023131779744289815,0.00023131779744289815,-0.0023636678233742714,0.0023636678233742714,-0.00029284466290846467,0.00029284466290846467,-0.001864014775492251,0.0018640148919075727,-0.0009699896909296513,0.0009699895745143294,-0.0020209953654557467,0.0020209953654557467,-0.00012101978063583374,0.0001210198097396642,-0.00011530451592989266,0.00011530450137797743,-0.00021143599587958306,0.00021143603953532875,-0.0005055767251178622,0.0005055767251178622,0.0002009970776271075,-0.0002009970776271075],[0.0012336208019405603,-0.0012336206855252385,-0.0011989608174189925,0.0011989607010036707,0.0006832362269051373,-0.0006832366343587637,0.0018127358052879572,-0.0018127358052879572,0.002221030415967107,-0.002221030415967107,2.03640665858984e-05,-2.0364095689728856e-05,-0.0010046318639069796,0.0010046317474916577,0.0020935155916959047,-0.0020935158245265484,-0.00044068373972550035,0.00044068400165997446,0.0064147417433559895,-0.005414742510765791,-0.0002649342641234398,0.0002649342641234398,0.0013318306300789118,-0.0013318306300789118,-0.000516035477630794,0.000516035535838455,-0.0015469538047909737,0.0015469538047909737,-2.2605898266192526e-05,2.260586916236207e-05,-0.00036164410994388163,0.0003616440517362207,-0.00018871371867135167,0.00018871371867135167,0.00017587012553121895,-0.00017587011097930372,0.0004147310391999781,-0.00041473101009614766,-7.649820327060297e-05,7.649820327060297e-05,0.0004060798673890531,-0.00040607983828522265,0.00015142638585530221,-0.00015142641495913267,0.0007465252419933677,-0.0007465252419933677,4.4576783693628386e-05,-4.457676550373435e-05,0.00015759014058858156,-0.0001575901551404968,-7.990063750185072e-05,7.990063750185072e-05,-0.0007999837980605662,0.0007999837398529053,-0.00045767822302877903,0.00045767822302877903],[-0.0012336204526945949,0.0012336206855252385,0.0011989612830802798,-0.0011989609338343143,-0.0006832358194515109,0.0006832362851127982,-0.0018127358052879572,0.0018127358052879572,-0.002221030415967107,0.002221030415967107,-2.036389196291566e-05,2.0363921066746116e-05,0.0010046320967376232,-0.0010046318639069796,-0.0020935155916959047,0.0020935158245265484,0.0004406838270369917,-0.0004406841180752963,-0.005414742510765791,0.006414742209017277,0.00026493461336940527,-0.00026493455516174436,-0.0013318306300789118,0.0013318308629095554,0.0005160357686690986,-0.0005160357686690986,0.0015469540376216173,-0.0015469538047909737,2.260585461044684e-05,-2.2605861886404455e-05,0.0003616439935285598,-0.0003616439935285598,0.0001887139369500801,-0.00018871392239816487,-0.00017587034380994737,0.00017587031470611691,-0.0004147310391999781,0.000414731097407639,7.649825420230627e-05,-7.649825420230627e-05,-0.00040607998380437493,0.0004060800129082054,-0.00015142629854381084,0.0001514263276476413,-0.000746525009162724,0.000746525009162724,-4.457682734937407e-05,4.4576834625331685e-05,-0.0001575900532770902,0.00015759006782900542,7.990066660568118e-05,-7.990069570951164e-05,0.0007999838562682271,-0.0007999837980605662,0.00045767822302877903,-0.00045767828123643994],[-0.0019474810687825084,0.0019474818836897612,-0.0010379452724009752,0.0010379451559856534,-0.001196802593767643,0.0011968034086748958,6.847410986665636e-05,-6.847410986665636e-05,0.0004020711057819426,-0.0004020711057819426,0.0010750361252576113,-0.0010750361252576113,0.0003449629293754697,-0.00034496301668696105,-0.0005698002642020583,0.0005698001477867365,9.643938392400742e-05,-9.643961675465107e-05,-0.0002649342641234398,0.00026493461336940527,0.0025968695990741253,-0.0015968703664839268,4.0190789150074124e-05,-4.019093466922641e-05,-0.0005466990987770259,0.0005466991569846869,-2.482725540176034e-05,2.4827197194099426e-05,0.0004753784160129726,-0.0004753783578053117,-0.0004547775606624782,0.0004547775606624782,0.0005277885938994586,-0.0005277885356917977,0.00020021313684992492,-0.00020021313684992492,-9.311770554631948e-05,9.311772009823471e-05,0.0003315216745249927,-0.00033152170362882316,0.000553607998881489,-0.000553607998881489,3.1355673854704946e-05,-3.1355688406620175e-05,0.00040007015923038125,-0.00040007015923038125,0.0003231327573303133,-0.0003231327573303133,0.00010242606367683038,-0.00010242607822874561,-0.0007661905256099999,0.0007661905256099999,3.01377604046138e-05,-3.0137745852698572e-05,-0.00031126479734666646,0.0003112648264504969],[0.0019474809523671865,-0.0019474816508591175,0.0010379450395703316,-0.0010379449231550097,0.0011968029430136085,-0.0011968036415055394,-6.847362965345383e-05,6.847362965345383e-05,-0.000402071513235569,0.000402071513235569,-0.0010750360088422894,0.001075036358088255,-0.0003449629293754697,0.00034496327862143517,0.0005698000313714147,-0.0005698000313714147,-9.643958765082061e-05,9.643964585848153e-05,0.0002649342641234398,-0.00026493455516174436,-0.0015968703664839268,0.002596869831904769,-4.019035259261727e-05,4.019041080027819e-05,0.000546699040569365,-0.0005466991569846869,2.4827022571116686e-05,-2.482699346728623e-05,-0.00047537859063595533,0.0004753785324282944,0.0004547776188701391,-0.0004547775606624782,-0.0005277888267301023,0.0005277887685224414,-0.00020021334057673812,0.00020021334057673812,9.311738540418446e-05,-9.311738540418446e-05,-0.00033152190735563636,0.00033152184914797544,-0.0005536079406738281,0.0005536079406738281,-3.1356037652585655e-05,3.1356052204500884e-05,-0.00040007050847634673,0.00040007050847634673,-0.00032313287374563515,0.00032313287374563515,-0.00010242607822874561,0.00010242607822874561,0.0007661902927793562,-0.0007661902927793562,-3.013793502759654e-05,3.0137920475681312e-05,0.0003112643025815487,-0.0003112643607892096],[0.007056002505123615,-0.007056002970784903,0.002432459034025669,-0.002432458568364382,0.003120900597423315,-0.003120900597423315,0.0013903420185670257,-0.0013903420185670257,0.0028271079063415527,-0.0028271079063415527,0.0006045482587069273,-0.0006045485497452319,-0.0005164497997611761,0.0005164495669305325,0.0023434015456587076,-0.0023434017784893513,-3.6532990634441376e-05,3.653328167274594e-05,0.0013318306300789118,-0.0013318306300789118,4.0190789150074124e-05,-4.019035259261727e-05,0.005679451394826174,-0.004679451230913401,6.615501479245722e-05,-6.615495658479631e-05,0.0005219748709350824,-0.0005219747545197606,-0.0001443278742954135,0.0001443278306396678,-0.0012401908170431852,0.0012401908170431852,3.7512145354412496e-05,-3.751210169866681e-05,0.0009238375350832939,-0.0009238375350832939,0.0014412098098546267,-0.0014412098098546267,9.236252662958577e-05,-9.236249752575532e-05,-0.0002768604317680001,0.0002768604608718306,0.0009001519647426903,-0.0009001519647426903,0.0011758438777178526,-0.0011758438777178526,1.4117089449428022e-05,-1.4117089449428022e-05,0.00043271674076095223,-0.0004327166825532913,0.0006980368634685874,-0.0006980368634685874,-7.101554365362972e-05,7.101554365362972e-05,0.000929452886339277,-0.0009294527699239552],[-0.007056002505123615,0.007056002505123615,-0.0024324581027030945,0.002432458568364382,-0.0031209001317620277,0.003120900597423315,-0.0013903419021517038,0.0013903419021517038,-0.0028271079063415527,0.0028271079063415527,-0.0006045482587069273,0.0006045486661605537,0.0005164493340998888,-0.0005164496833458543,-0.0023434017784893513,0.0023434017784893513,3.6532816011458635e-05,-3.653304884210229e-05,-0.0013318306300789118,0.0013318308629095554,-4.019093466922641e-05,4.019041080027819e-05,-0.004679451230913401,0.005679451394826174,-6.615484016947448e-05,6.61548983771354e-05,-0.0005219746381044388,0.0005219746381044388,0.00014432784519158304,-0.00014432780153583735,0.0012401904677972198,-0.0012401905842125416,-3.75122508557979e-05,3.751226540771313e-05,-0.0009238375350832939,0.0009238375350832939,-0.0014412096934393048,0.0014412096934393048,-9.23624393180944e-05,9.236246842192486e-05,0.00027686048997566104,-0.00027686048997566104,-0.0009001521393656731,0.0009001521393656731,-0.0011758438777178526,0.0011758438777178526,-1.4117038517724723e-05,1.4117053069639951e-05,-0.00043271653703413904,0.0004327165661379695,-0.0006980367470532656,0.0006980367470532656,7.101538358256221e-05,-7.101538358256221e-05,-0.0009294528281316161,0.0009294527117162943],[0.001472582807764411,-0.0014725823421031237,0.0039706542156636715,-0.003970654681324959,0.0018972151447087526,-0.0018972146790474653,-0.0010002916678786278,0.0010002916678786278,0.0002109826309606433,-0.0002109826309606433,-0.0001355659478576854,0.000135565540404059,0.0025791339576244354,-0.0025791339576244354,0.0021360076498240232,-0.0021360074169933796,0.001801090780645609,-0.001801090664230287,-0.000516035477630794,0.0005160357686690986,-0.0005466990987770259,0.000546699040569365,6.615501479245722e-05,-6.615484016947448e-05,0.0034288892056792974,-0.002428889274597168,0.0009540030732750893,-0.0009540029568597674,0.0001821010373532772,-0.00018210106645710766,0.0007580900564789772,-0.0007580899982713163,0.00011076751979999244,-0.00011076751979999244,0.0007260532001964748,-0.0007260532584041357,0.001300834584981203,-0.001300834584981203,7.965047552715987e-05,-7.965047552715987e-05,0.0008847760036587715,-0.0008847760036587715,0.000240338034927845,-0.00024033806403167546,0.00016331773076672107,-0.00016331768711097538,6.844772724434733e-05,-6.844775634817779e-05,0.0006149394903331995,-0.0006149394321255386,0.0011703204363584518,-0.0011703204363584518,0.0010346292983740568,-0.0010346292983740568,0.0010704462183639407,-0.0010704462183639407],[-0.0014725825749337673,0.0014725823421031237,-0.0039706542156636715,0.0039706542156636715,-0.0018972146790474653,0.0018972146790474653,0.0010002919007092714,-0.0010002919007092714,-0.00021098239812999964,0.00021098239812999964,0.0001355660060653463,-0.00013556556950788945,-0.0025791337247937918,0.0025791339576244354,-0.0021360076498240232,0.0021360074169933796,-0.0018010910134762526,0.001801090664230287,0.000516035535838455,-0.0005160357686690986,0.0005466991569846869,-0.0005466991569846869,-6.615495658479631e-05,6.61548983771354e-05,-0.002428889274597168,0.00342888874001801,-0.0009540030732750893,0.0009540029568597674,-0.0001821010373532772,0.00018210106645710766,-0.0007580900564789772,0.0007580899982713163,-0.00011076751979999244,0.00011076751979999244,-0.0007260532001964748,0.0007260532584041357,-0.001300834584981203,0.001300834584981203,-7.965047552715987e-05,7.965047552715987e-05,-0.0008847760036587715,0.0008847760036587715,-0.000240338034927845,0.00024033806403167546,-0.00016331773076672107,0.00016331768711097538,-6.844772724434733e-05,6.844775634817779e-05,-0.0006149394903331995,0.0006149394321255386,-0.0011703204363584518,0.0011703204363584518,-0.0010346292983740568,0.0010346292983740568,-0.0010704462183639407,0.0010704462183639407],[-0.001689547672867775,0.001689548254944384,0.003171492600813508,-0.0031714923679828644,0.0011496796505525708,-0.0011496794177219272,0.00022558605996891856,-0.00022558605996891856,-0.00013400337775237858,0.00013400337775237858,-0.0016522674122825265,0.001652267761528492,-0.00200505368411541,0.0020050539169460535,-0.004033030476421118,0.0040330300107598305,-0.001984330592676997,0.0019843303598463535,-0.0015469538047909737,0.0015469540376216173,-2.482725540176034e-05,2.4827022571116686e-05,0.0005219748709350824,-0.0005219746381044388,0.0009540030732750893,-0.0009540030732750893,0.006618047598749399,-0.005618047434836626,-0.0009234573226422071,0.0009234572062268853,-0.0015107386279851198,0.0015107386279851198,-0.0005851147579960525,0.0005851148162037134,-0.0006495768902823329,0.0006495768902823329,-0.0005980616551823914,0.0005980615969747305,-0.00031650502933189273,0.0003165050584357232,-0.0002955175004899502,0.0002955175004899502,-0.00018921028822660446,0.00018921028822660446,0.0012180606136098504,-0.0012180606136098504,-0.00031206250423565507,0.0003120624169241637,-0.0004633427888620645,0.000463342759758234,0.0005884046549908817,-0.0005884047131985426,0.0011375960893929005,-0.0011375959729775786,0.0009599527693353593,-0.0009599527111276984],[0.0016895475564524531,-0.0016895486041903496,-0.0031714930664747953,0.003171492600813508,-0.0011496796505525708,0.001149679534137249,-0.00022558600176125765,0.00022558600176125765,0.00013400340685620904,-0.00013400340685620904,0.001652267063036561,-0.001652267761528492,0.00200505368411541,-0.0020050539169460535,0.004033030476421118,-0.0040330300107598305,0.0019843303598463535,-0.0019843303598463535,0.0015469538047909737,-0.0015469538047909737,2.4827197194099426e-05,-2.482699346728623e-05,-0.0005219747545197606,0.0005219746381044388,-0.0009540029568597674,0.0009540029568597674,-0.005618047434836626,0.006618047133088112,0.0009234573226422071,-0.0009234572062268853,0.0015107386279851198,-0.0015107386279851198,0.0005851147579960525,-0.0005851148162037134,0.0006495768902823329,-0.0006495768902823329,0.0005980616551823914,-0.0005980615969747305,0.00031650502933189273,-0.0003165050584357232,0.0002955175004899502,-0.0002955175004899502,0.00018921028822660446,-0.00018921028822660446,-0.0012180606136098504,0.0012180606136098504,0.00031206250423565507,-0.0003120624169241637,0.0004633427888620645,-0.000463342759758234,-0.0005884046549908817,0.0005884047131985426,-0.0011375960893929005,0.0011375959729775786,-0.0009599527693353593,0.0009599527111276984],[0.0026062815450131893,-0.002606281079351902,-0.0014216986019164324,0.0014216983690857887,0.0003244394320063293,-0.0003244388790335506,0.0017388903070241213,-0.0017388903070241213,0.001110532321035862,-0.001110532321035862,0.0014932523481547832,-0.001493252464570105,0.002460484392940998,-0.0024604841601103544,0.001647832221351564,-0.0016478325705975294,0.0008432752802036703,-0.0008432753384113312,-2.2605898266192526e-05,2.260585461044684e-05,0.0004753784160129726,-0.00047537859063595533,-0.0001443278742954135,0.00014432784519158304,0.0001821010373532772,-0.0001821010373532772,-0.0009234573226422071,0.0009234573226422071,0.004003341309726238,-0.003003341844305396,0.0008564864401705563,-0.0008564863237552345,0.001724864006973803,-0.0017248638905584812,0.0010955886682495475,-0.0010955886682495475,0.001705319038592279,-0.001705319038592279,0.0012997145531699061,-0.0012997145531699061,0.0006826267344877124,-0.0006826267344877124,0.0010317275300621986,-0.0010317275300621986,6.205405225045979e-05,-6.205403769854456e-05,0.0008662562468089163,-0.0008662562468089163,0.0005030240281485021,-0.0005030240281485021,0.0011173211969435215,-0.0011173211969435215,-0.0006180232740007341,0.0006180232157930732,-0.0004446900566108525,0.000444690027507022],[-0.002606281777843833,0.002606281079351902,0.0014216979034245014,-0.0014216976705938578,-0.0003244396357331425,0.0003244391118641943,-0.0017388906562700868,0.0017388906562700868,-0.001110532321035862,0.001110532321035862,-0.0014932523481547832,0.001493252464570105,-0.0024604841601103544,0.0024604841601103544,-0.0016478326870128512,0.001647832919843495,-0.0008432755712419748,0.000843275454826653,2.260586916236207e-05,-2.2605861886404455e-05,-0.0004753783578053117,0.0004753785324282944,0.0001443278306396678,-0.00014432780153583735,-0.00018210106645710766,0.00018210106645710766,0.0009234572062268853,-0.0009234572062268853,-0.003003341844305396,0.0040033417753875256,-0.0008564862655475736,0.0008564862073399127,-0.001724864006973803,0.0017248638905584812,-0.0010955887846648693,0.0010955887846648693,-0.0017053186893463135,0.0017053189221769571,-0.0012997144367545843,0.0012997144367545843,-0.0006826266180723906,0.0006826266180723906,-0.0010317274136468768,0.0010317274136468768,-6.205384852364659e-05,6.205374666024e-05,-0.0008662561886012554,0.0008662561886012554,-0.0005030240281485021,0.0005030240281485021,-0.0011173211969435215,0.0011173211969435215,0.0006180232740007341,-0.000618023332208395,0.00044468979467637837,-0.0004446897655725479],[0.003885790007188916,-0.0038857897743582726,-0.0012831437634304166,0.0012831432977691293,0.0011381509248167276,-0.0011381512740626931,0.000684158003423363,-0.000684158003423363,0.0018461495637893677,-0.0018461495637893677,0.0010361217427998781,-0.0010361220920458436,0.0005394173786044121,-0.0005394174950197339,0.0029697343707084656,-0.0029697346035391092,0.0030054424423724413,-0.003005441976711154,-0.00036164410994388163,0.0003616439935285598,-0.0004547775606624782,0.0004547776188701391,-0.0012401908170431852,0.0012401904677972198,0.0007580900564789772,-0.0007580900564789772,-0.0015107386279851198,0.0015107386279851198,0.0008564864401705563,-0.0008564862655475736,0.0046091144904494286,-0.003609114559367299,0.0003747415612451732,-0.00037474161945283413,0.0003996271116193384,-0.0003996271116193384,0.002481762319803238,-0.002481762319803238,0.00031374485115520656,-0.000313744880259037,0.00027067336486652493,-0.00027067336486652493,0.0004780415038112551,-0.00047804153291508555,-0.0009255907498300076,0.0009255908662453294,0.0001500306389061734,-0.00015003062435425818,0.0002255401195725426,-0.0002255401195725426,0.002167302183806896,-0.0021673019509762526,-0.0013019071193411946,0.0013019071193411946,-0.00044231684296391904,0.0004423166683409363],[-0.003885790007188916,0.0038857897743582726,0.0012831437634304166,-0.0012831432977691293,-0.0011381508084014058,0.0011381511576473713,-0.0006841579452157021,0.0006841579452157021,-0.0018461495637893677,0.0018461495637893677,-0.0010361217427998781,0.0010361220920458436,-0.0005394174950197339,0.0005394173786044121,-0.0029697343707084656,0.0029697346035391092,-0.0030054424423724413,0.003005441976711154,0.0003616440517362207,-0.0003616439935285598,0.0004547775606624782,-0.0004547775606624782,0.0012401908170431852,-0.0012401905842125416,-0.0007580899982713163,0.0007580899982713163,0.0015107386279851198,-0.0015107386279851198,-0.0008564863237552345,0.0008564862073399127,-0.003609114559367299,0.0046091144904494286,-0.0003747415612451732,0.00037474161945283413,-0.0003996271116193384,0.0003996271116193384,-0.002481762319803238,0.002481762319803238,-0.00031374485115520656,0.000313744880259037,-0.00027067336486652493,0.00027067336486652493,-0.0004780415038112551,0.00047804153291508555,0.0009255907498300076,-0.0009255908662453294,-0.0001500306389061734,0.00015003062435425818,-0.0002255401195725426,0.0002255401195725426,-0.002167302183806896,0.002167301950976