{"epoch":0,"H":[[0.014860430732369423,-0.0138604287058115,0.004448745399713516,-0.004448744934052229,0.004521042108535767,-0.004521042108535767,0.004679035395383835,-0.004679035395383835,6.0283156926743686e-05,-6.0283156926743686e-05,6.282122922129929e-05,-6.28206180408597e-05,0.004125562030822039,-0.004125562496483326,-0.005739386659115553,0.005739386193454266,0.005050551146268845,-0.005050550680607557,0.003236721968278289,-0.0032367215026170015,-0.001179470564238727,0.001179470564238727,0.0025256802327930927,-0.0025256802327930927,-0.0007442370988428593,0.0007442372152581811,0.002009870484471321,-0.0020098702516406775,-0.00033977339626289904,0.0003397734835743904,-0.0007871754351072013,0.0007871752604842186,-0.00033645800431258976,0.0003364581207279116,-0.0001641600247239694,0.00016416005382779986,0.0023657481651753187,-0.0023657483980059624,-0.000243168615270406,0.00024316864437423646,-0.0003825455205515027,0.00038254549144767225,0.00024172903795260936,-0.00024172903795260936,-0.0005952593637630343,0.0005952594219706953,-0.0004816032887902111,0.000481603346997872,-0.00011203798203496262,0.00011203793837921694,5.676993168890476e-07,-5.677429726347327e-07,-0.0002544026938267052,0.0002544027229305357,0.0006843758746981621,-0.0006843758746981621],[-0.0138604287058115,0.014860428869724274,-0.004448745399713516,0.004448744934052229,-0.004521042108535767,0.004521042108535767,-0.004679035395383835,0.004679035395383835,-6.0283156926743686e-05,6.0283156926743686e-05,-6.282122922129929e-05,6.28206180408597e-05,-0.004125562030822039,0.004125562496483326,0.005739386659115553,-0.005739386193454266,-0.005050551146268845,0.005050550680607557,-0.003236721968278289,0.0032367215026170015,0.001179470564238727,-0.001179470564238727,-0.0025256802327930927,0.0025256802327930927,0.0007442370988428593,-0.0007442372152581811,-0.002009870484471321,0.0020098702516406775,0.00033977339626289904,-0.0003397734835743904,0.0007871754351072013,-0.0007871752604842186,0.00033645800431258976,-0.0003364581207279116,0.0001641600247239694,-0.00016416005382779986,-0.0023657481651753187,0.0023657483980059624,0.000243168615270406,-0.00024316864437423646,0.0003825455205515027,-0.00038254549144767225,-0.00024172903795260936,0.00024172903795260936,0.0005952593637630343,-0.0005952594219706953,0.0004816032887902111,-0.000481603346997872,0.00011203798203496262,-0.00011203793837921694,-5.676993168890476e-07,5.677429726347327e-07,0.0002544026938267052,-0.0002544027229305357,-0.0006843758746981621,0.0006843758746981621],[0.004448745399713516,-0.004448745399713516,0.021202197298407555,-0.02020219713449478,0.002316596917808056,-0.0023165966849774122,0.004674969241023064,-0.004674969241023064,0.0013471560087054968,-0.0013471560087054968,0.00033686947426758707,-0.000336868833983317,0.0018293553730472922,-0.0018293552566319704,0.0003808933834079653,-0.0003808931796811521,0.002647894434630871,-0.0026478946674615145,-0.0014220993034541607,0.0014220987213775516,-0.00042719903285615146,0.0004271991492714733,-0.003597863018512726,0.003597863018512726,0.0034312682691961527,-0.003431268036365509,-0.0005939173279330134,0.0005939174443483353,-0.002106274012476206,0.002106274012476206,0.0022062137722969055,-0.0022062137722969055,-0.001238697674125433,0.001238697674125433,-0.0010919211199507117,0.0010919214691966772,0.003155983053147793,-0.0031559832859784365,-0.0008230101084336638,0.0008230101084336638,0.0006225674296729267,-0.0006225673714652658,0.0008998643606901169,-0.0008998643606901169,0.0009627824183553457,-0.0009627824765630066,-0.0006127020460553467,0.0006127020460553467,-0.00046583134098909795,0.0004658313700929284,0.0006920038140378892,-0.0006920037558302283,-0.0010485720122233033,0.0010485720122233033,0.0008211967651732266,-0.0008211965905502439],[-0.004448744934052229,0.004448744934052229,-0.02020219713449478,0.021202197298407555,-0.0023165964521467686,0.002316596219316125,-0.004674969706684351,0.004674969706684351,-0.0013471557758748531,0.0013471557758748531,-0.0003368685720488429,0.0003368685720488429,-0.0018293557222932577,0.0018293558387085795,-0.00038089361623860896,0.00038089341251179576,-0.0026478958316147327,0.0026478958316147327,0.0014220976736396551,-0.0014220972079783678,0.0004271988000255078,-0.0004271988000255078,0.0035978625528514385,-0.003597862087190151,-0.0034312689676880836,0.0034312685020267963,0.0005939170951023698,-0.0005939174443483353,0.002106274012476206,-0.002106274012476206,-0.002206213306635618,0.002206213306635618,0.0012386975577101111,-0.0012386977905407548,0.00109192100353539,-0.0010919213527813554,-0.0031559825874865055,0.003155983053147793,0.0008230099338106811,-0.000823009992018342,-0.0006225674878805876,0.0006225674296729267,-0.0008998643606901169,0.0008998644188977778,-0.0009627827676013112,0.0009627827676013112,0.0006127021624706686,-0.0006127022206783295,0.0004658313700929284,-0.0004658313700929284,-0.0006920034065842628,0.0006920034065842628,0.001048572245053947,-0.0010485723614692688,-0.0008211960666812956,0.0008211958920583129],[0.004521042108535767,-0.004521042108535767,0.002316596917808056,-0.0023165964521467686,0.007892507128417492,-0.006892507430166006,0.0002393564791418612,-0.00023935649369377643,0.0030037625692784786,-0.0030037621036171913,-0.0002313968725502491,0.00023139678523875773,-1.396759762428701e-05,1.3967539416626096e-05,0.001239413395524025,-0.0012394135119393468,0.001985473558306694,-0.0019854737911373377,-0.001837051589973271,0.0018370512407273054,-0.0013103422243148088,0.0013103423407301307,0.002895335666835308,-0.002895335666835308,0.0032457648776471615,-0.0032457648776471615,0.0011491873301565647,-0.0011491874465718865,-0.0003286431892774999,0.0003286430146545172,0.0005952992360107601,-0.0005952993524260819,-0.00027784964186139405,0.00027784984558820724,7.977744098752737e-05,-7.977749919518828e-05,0.002789102029055357,-0.002789102029055357,-0.00028294045478105545,0.0002829405711963773,3.781539271585643e-05,-3.781539271585643e-05,0.001128682866692543,-0.001128682866692543,0.000758150708861649,-0.0007581505924463272,-0.00024034484522417188,0.00024034484522417188,0.00016970024444162846,-0.00016970017168205231,0.0007772059179842472,-0.0007772059179842472,0.0002248735399916768,-0.0002248735399916768,0.0010059736669063568,-0.0010059736669063568],[-0.004521042108535767,0.004521042108535767,-0.0023165966849774122,0.002316596219316125,-0.006892507430166006,0.007892507128417492,-0.0002393564791418612,0.00023935649369377643,-0.0030037625692784786,0.0030037621036171913,0.0002313968725502491,-0.00023139678523875773,1.396759762428701e-05,-1.3967539416626096e-05,-0.001239413395524025,0.0012394135119393468,-0.001985473558306694,0.0019854737911373377,0.001837051589973271,-0.0018370512407273054,0.0013103422243148088,-0.0013103423407301307,-0.002895335666835308,0.002895335666835308,-0.0032457648776471615,0.0032457648776471615,-0.0011491873301565647,0.0011491874465718865,0.0003286431892774999,-0.0003286430146545172,-0.0005952992360107601,0.0005952993524260819,0.00027784964186139405,-0.00027784984558820724,-7.977744098752737e-05,7.977749919518828e-05,-0.002789102029055357,0.002789102029055357,0.00028294045478105545,-0.0002829405711963773,-3.781539271585643e-05,3.781539271585643e-05,-0.001128682866692543,0.001128682866692543,-0.000758150708861649,0.0007581505924463272,0.00024034484522417188,-0.00024034484522417188,-0.00016970024444162846,0.00016970017168205231,-0.0007772059179842472,0.0007772059179842472,-0.0002248735399916768,0.0002248735399916768,-0.0010059736669063568,0.0010059736669063568],[0.004679035395383835,-0.004679035395383835,0.004674969241023064,-0.004674969706684351,0.0002393564791418612,-0.0002393564791418612,0.01222285721451044,-0.011222857050597668,0.0027525327168405056,-0.0027525327168405056,-0.0017852160381153226,0.0017852162709459662,0.0038692252710461617,-0.0038692255038768053,0.0008991252980194986,-0.0008991250651888549,-0.00025568762794137,0.00025568786077201366,0.002820135559886694,-0.0028201357927173376,-0.0002461036783643067,0.0002461037947796285,0.0019218985689803958,-0.0019218985689803958,0.004566704388707876,-0.004566703923046589,0.003077535657212138,-0.0030775354243814945,-0.0016274063382297754,0.0016274061053991318,0.0002740731870289892,-0.0002740731288213283,-0.0010016319574788213,0.0010016319574788213,-0.0007704365998506546,0.0007704367162659764,0.001936859218403697,-0.0019368593348190188,-0.0009016310214065015,0.0009016310796141624,6.938737351447344e-05,-6.938746082596481e-05,0.0003302614204585552,-0.0003302614204585552,0.0010090069845318794,-0.0010090068681165576,-0.0007982749957591295,0.0007982749957591295,-0.0003240630612708628,0.00032406311947852373,0.0005316979950293899,-0.0005316979950293899,0.00037478673039004207,-0.000374786788597703,0.00022870383691042662,-0.00022870383691042662],[-0.004679035395383835,0.004679035395383835,-0.004674969241023064,0.004674969706684351,-0.00023935649369377643,0.00023935649369377643,-0.011222857050597668,0.012222856283187866,-0.002752532484009862,0.0027525322511792183,0.0017852167366072536,-0.0017852168530225754,-0.003869225736707449,0.0038692259695380926,-0.0008991257636807859,0.0008991255890578032,0.00025568739511072636,-0.0002556871622800827,-0.002820135559886694,0.002820135559886694,0.00024610376567579806,-0.0002461040567141026,-0.0019218985689803958,0.0019218985689803958,-0.004566703923046589,0.004566703457385302,-0.003077535191550851,0.003077535191550851,0.0016274064546450973,-0.001627406571060419,-0.0002740733325481415,0.00027407341985963285,0.0010016318410634995,-0.0010016318410634995,0.000770436367020011,-0.000770436367020011,-0.0019368594512343407,0.0019368594512343407,0.0009016310796141624,-0.0009016310796141624,-6.938760634511709e-05,6.938760634511709e-05,-0.0003302615659777075,0.0003302615659777075,-0.001009007333777845,0.001009007333777845,0.0007982749957591295,-0.0007982749957591295,0.0003240628866478801,-0.000324062944855541,-0.000531697878614068,0.000531697878614068,-0.00037478673039004207,0.000374786788597703,-0.00022870401153340936,0.00022870401153340936],[6.0283156926743686e-05,-6.0283156926743686e-05,0.0013471560087054968,-0.0013471557758748531,0.0030037625692784786,-0.0030037625692784786,0.0027525327168405056,-0.002752532484009862,0.007962223142385483,-0.006962221581488848,-0.00033093770616687834,0.00033093764795921743,0.0007465848466381431,-0.0007465849630534649,0.0011513441568240523,-0.0011513439239934087,0.000810295226983726,-0.0008102954598143697,0.0003340015828143805,-0.0003340016701258719,-0.000916764372959733,0.0009167644893750548,0.0028809490613639355,-0.0028809490613639355,0.0008202326716855168,-0.0008202322642318904,0.0001050850551109761,-0.00010508476407267153,-0.0002122330479323864,0.0002122330479323864,0.0006622896762564778,-0.0006622896762564778,-0.00023533901548944414,0.0002353390445932746,-0.00016415657592006028,0.00016415657592006028,0.0004820112662855536,-0.0004820113244932145,-0.00029690333758480847,0.000296903308480978,1.1227099093957804e-05,-1.1227120921830647e-05,-0.0004568651784211397,0.0004568652075249702,0.0004974486655555665,-0.0004974486655555665,-0.0004078892816323787,0.0004078892816323787,-0.00023083061387296766,0.0002308305847691372,-0.0003978052700404078,0.0003978052409365773,-0.00023863441310822964,0.00023863441310822964,-0.0007269381894730031,0.0007269381894730031],[-6.0283156926743686e-05,6.0283156926743686e-05,-0.0013471560087054968,0.0013471557758748531,-0.0030037621036171913,0.0030037621036171913,-0.0027525327168405056,0.0027525322511792183,-0.006962221581488848,0.007962219417095184,0.00033093770616687834,-0.00033093764795921743,-0.0007465848466381431,0.0007465849630534649,-0.0011513441568240523,0.0011513439239934087,-0.000810295226983726,0.0008102954598143697,-0.0003340015828143805,0.0003340016701258719,0.000916764372959733,-0.0009167644893750548,-0.0028809490613639355,0.0028809490613639355,-0.0008202326716855168,0.0008202322642318904,-0.0001050850551109761,0.00010508476407267153,0.0002122330479323864,-0.0002122330479323864,-0.0006622896762564778,0.0006622896762564778,0.00023533901548944414,-0.0002353390445932746,0.00016415657592006028,-0.00016415657592006028,-0.0004820112662855536,0.0004820113244932145,0.00029690333758480847,-0.000296903308480978,-1.1227099093957804e-05,1.1227120921830647e-05,0.0004568651784211397,-0.0004568652075249702,-0.0004974486655555665,0.0004974486655555665,0.0004078892816323787,-0.0004078892816323787,0.00023083061387296766,-0.0002308305847691372,0.0003978052700404078,-0.0003978052409365773,0.00023863441310822964,-0.00023863441310822964,0.0007269381894730031,-0.0007269381894730031],[6.282122922129929e-05,-6.282122922129929e-05,0.00033686947426758707,-0.0003368685720488429,-0.0002313968725502491,0.0002313968725502491,-0.0017852160381153226,0.0017852167366072536,-0.00033093770616687834,0.00033093770616687834,0.003116142936050892,-0.0021161434706300497,-0.000246236304519698,0.0002462362463120371,0.00077029038220644,-0.00077029038220644,0.0017044218257069588,-0.001704421709291637,-0.00042090396163985133,0.00042090401984751225,0.0018924062605947256,-0.0018924061441794038,0.0013028639368712902,-0.0013028639368712902,0.00035401887726038694,-0.00035401893546804786,-2.1928557544015348e-05,2.192845568060875e-05,0.001061015296727419,-0.001061015296727419,0.0009377961978316307,-0.0009377961978316307,0.0006564899813383818,-0.0006564899813383818,0.0005463133566081524,-0.0005463133566081524,0.00015507345960941166,-0.00015507345960941166,0.0006391265196725726,-0.0006391265196725726,0.0003393329679965973,-0.0003393329679965973,2.618048165459186e-05,-2.618048165459186e-05,-8.043901470955461e-05,8.043901470955461e-05,0.0004983358085155487,-0.0004983358085155487,0.00032643298618495464,-0.00032643298618495464,2.144823520211503e-05,-2.1448249754030257e-05,-0.0001867069222498685,0.0001867069222498685,-0.0001182139603770338,0.00011821397492894903],[-6.28206180408597e-05,6.28206180408597e-05,-0.000336868833983317,0.0003368685720488429,0.00023139678523875773,-0.00023139678523875773,0.0017852162709459662,-0.0017852168530225754,0.00033093764795921743,-0.00033093764795921743,-0.0021161434706300497,0.003116142936050892,0.0002462361298967153,-0.00024623607168905437,-0.0007702898583374918,0.0007702899747528136,-0.0017044213600456715,0.0017044213600456715,0.00042090361239388585,-0.000420903495978564,-0.001892406609840691,0.0018924062605947256,-0.0013028639368712902,0.0013028637040406466,-0.0003540191682986915,0.00035401928471401334,2.192828105762601e-05,-2.1928150090388954e-05,-0.0010610155295580626,0.0010610155295580626,-0.000937796023208648,0.000937796023208648,-0.0006564900395460427,0.0006564899813383818,-0.0005463132984004915,0.0005463132984004915,-0.000155073226778768,0.00015507325588259846,-0.0006391264614649117,0.0006391265196725726,-0.00033933293889276683,0.0003393329679965973,-2.618037979118526e-05,2.6180387067142874e-05,8.04390583653003e-05,-8.04390583653003e-05,-0.0004983358667232096,0.0004983358667232096,-0.0003264331608079374,0.0003264331608079374,-2.1448162442538887e-05,2.1448155166581273e-05,0.00018670695135369897,-0.00018670693680178374,0.00011821400403277948,-0.00011821400403277948],[0.004125562030822039,-0.004125562030822039,0.0018293553730472922,-0.0018293557222932577,-1.396759762428701e-05,1.396759762428701e-05,0.0038692252710461617,-0.003869225736707449,0.0007465848466381431,-0.0007465848466381431,-0.000246236304519698,0.0002462361298967153,0.006558039225637913,-0.0055580418556928635,0.0013001163024455309,-0.0013001163024455309,0.0016652197809889913,-0.0016652196645736694,0.0031828670762479305,-0.0031828670762479305,-0.00031489194952882826,0.00031489194952882826,0.0004834946885239333,-0.0004834946885239333,0.0020205057226121426,-0.0020205057226121426,0.0005337822949513793,-0.0005337816546671093,-0.0007312152883969247,0.0007312154048122466,0.001433040713891387,-0.001433040713891387,-0.0004427661478985101,0.00044276606058701873,-0.00016573455650359392,0.00016573455650359392,0.00020488473819568753,-0.00020488473819568753,-0.00024419574765488505,0.0002441957185510546,0.0005731552373617887,-0.0005731552373617887,-0.00044071205775253475,0.00044071205775253475,0.0006101339822635055,-0.0006101339822635055,-0.0002730802516452968,0.0002730802516452968,-8.64956746227108e-05,8.64956746227108e-05,-0.00016501136997248977,0.00016501139907632023,0.0004166691505815834,-0.0004166691505815834,-0.00023639111896045506,0.00023639111896045506],[-0.004125562496483326,0.004125562496483326,-0.0018293552566319704,0.0018293558387085795,1.3967539416626096e-05,-1.3967539416626096e-05,-0.0038692255038768053,0.0038692259695380926,-0.0007465849630534649,0.0007465849630534649,0.0002462362463120371,-0.00024623607168905437,-0.0055580418556928635,0.0065580434165894985,-0.001300116186030209,0.0013001160696148872,-0.0016652197809889913,0.0016652197809889913,-0.0031828663777559996,0.0031828663777559996,0.00031489189132116735,-0.00031489189132116735,-0.00048349451390095055,0.00048349457210861146,-0.0020205057226121426,0.0020205057226121426,-0.0005337817128747702,0.0005337813054211438,0.0007312154630199075,-0.0007312153466045856,-0.001433040713891387,0.001433040713891387,0.0004427661478985101,-0.0004427660896908492,0.00016573426546528935,-0.00016573438188061118,-0.00020488465088419616,0.00020488465088419616,0.0002441957767587155,-0.00024419568944722414,-0.0005731554701924324,0.0005731555284000933,0.0004407119704410434,-0.0004407119704410434,-0.0006101341568864882,0.0006101340986788273,0.0002730802516452968,-0.0002730803098529577,8.64956236910075e-05,-8.649559458717704e-05,0.0001650113263167441,-0.00016501134086865932,-0.0004166692087892443,0.0004166692087892443,0.0002363910316489637,-0.00023639106075279415],[-0.005739386659115553,0.005739386659115553,0.0003808933834079653,-0.00038089361623860896,0.001239413395524025,-0.001239413395524025,0.0008991252980194986,-0.0008991257636807859,0.0011513441568240523,-0.0011513441568240523,0.00077029038220644,-0.0007702898583374918,0.0013001163024455309,-0.001300116186030209,0.011785528622567654,-0.010785529389977455,0.004305580165237188,-0.004305580165237188,0.0021062300074845552,-0.002106230240315199,0.00021042191656306386,-0.00021042191656306386,0.0034051481634378433,-0.0034051479306071997,-0.001081950729712844,0.0010819508461281657,-0.001532063353806734,0.0015320628881454468,0.000343138788593933,-0.00034313887590542436,0.0005147535121068358,-0.0005147535121068358,0.0002784586977213621,-0.00027845875592902303,0.0009489210206083953,-0.0009489209624007344,0.00027527956990525126,-0.00027527956990525126,0.000149152911035344,-0.0001491529546910897,0.001161461230367422,-0.001161461230367422,-0.00026319484459236264,0.00026319484459236264,-0.0005685020587407053,0.0005685020587407053,-1.1721589544322342e-05,1.1721589544322342e-05,0.0004140703531447798,-0.00041407032404094934,-0.0004082483355887234,0.0004082483355887234,-7.232144707813859e-05,7.232141797430813e-05,-0.0011755605228245258,0.0011755605228245258],[0.005739386193454266,-0.005739386193454266,-0.0003808931796811521,0.00038089341251179576,-0.0012394135119393468,0.0012394135119393468,-0.0008991250651888549,0.0008991255890578032,-0.0011513439239934087,0.0011513439239934087,-0.00077029038220644,0.0007702899747528136,-0.0013001163024455309,0.0013001160696148872,-0.010785529389977455,0.011785529553890228,-0.004305579699575901,0.004305579699575901,-0.00210623093880713,0.00210623093880713,-0.0002104216255247593,0.0002104218874592334,-0.0034051486290991306,0.003405148396268487,0.0010819509625434875,-0.0010819509625434875,0.001532063470222056,-0.0015320637030526996,-0.0003431385848671198,0.0003431386430747807,-0.0005147535703144968,0.0005147535121068358,-0.00027845881413668394,0.0002784589014481753,-0.0009489209624007344,0.0009489210206083953,-0.00027527986094355583,0.00027527991915121675,-0.00014915286737959832,0.000149152911035344,-0.001161461346782744,0.001161461230367422,0.0002631945535540581,-0.0002631945535540581,0.0005685021169483662,-0.0005685021169483662,1.1721385817509145e-05,-1.1721385817509145e-05,-0.00041407044045627117,0.00041407038224861026,0.0004082482773810625,-0.0004082482773810625,7.232151983771473e-05,-7.232151983771473e-05,0.0011755605228245258,-0.0011755605228245258],[0.005050551146268845,-0.005050551146268845,0.002647894434630871,-0.0026478958316147327,0.001985473558306694,-0.001985473558306694,-0.00025568762794137,0.00025568739511072636,0.000810295226983726,-0.000810295226983726,0.0017044218257069588,-0.0017044213600456715,0.0016652197809889913,-0.0016652197809889913,0.004305580165237188,-0.004305579699575901,0.013008136302232742,-0.012008138000965118,-0.002680480945855379,0.0026804811786860228,-0.0010550898732617497,0.0010550899896770716,1.4685327187180519e-05,-1.4685385394841433e-05,-0.000696738192345947,0.0006967383087612689,0.0016452802810817957,-0.0016452796990051866,-0.0007216075900942087,0.0007216075900942087,0.0005601710872724652,-0.0005601710290648043,-0.00056457455502823,0.0005645746132358909,-7.914245361462235e-05,7.914239540696144e-05,0.0010663919383659959,-0.0010663919383659959,-0.0005868090083822608,0.0005868090083822608,0.00020541998674161732,-0.00020541998674161732,-5.780390347354114e-05,5.780390347354114e-05,-4.125613486394286e-05,4.125614941585809e-05,-0.0004999718512408435,0.0004999718512408435,-0.00027722568484023213,0.00027722568484023213,0.0002719195617828518,-0.00027191953267902136,0.00015433943190146238,-0.00015433943190146238,-0.0003880406729876995,0.0003880407311953604],[-0.005050550680607557,0.005050550680607557,-0.0026478946674615145,0.0026478958316147327,-0.0019854737911373377,0.0019854737911373377,0.00025568786077201366,-0.0002556871622800827,-0.0008102954598143697,0.0008102954598143697,-0.001704421709291637,0.0017044213600456715,-0.0016652196645736694,0.0016652197809889913,-0.004305580165237188,0.004305579699575901,-0.012008138000965118,0.013008138164877892,0.002680480945855379,-0.0026804811786860228,0.0010550898732617497,-0.0010550899896770716,-1.4685327187180519e-05,1.4685385394841433e-05,0.000696738192345947,-0.0006967383087612689,-0.0016452802810817957,0.0016452796990051866,0.0007216075900942087,-0.0007216075900942087,-0.0005601710872724652,0.0005601710290648043,0.00056457455502823,-0.0005645746132358909,7.914245361462235e-05,-7.914239540696144e-05,-0.0010663919383659959,0.0010663919383659959,0.0005868090083822608,-0.0005868090083822608,-0.00020541998674161732,0.00020541998674161732,5.780390347354114e-05,-5.780390347354114e-05,4.125613486394286e-05,-4.125614941585809e-05,0.0004999718512408435,-0.0004999718512408435,0.00027722568484023213,-0.00027722568484023213,-0.0002719195617828518,0.00027191953267902136,-0.00015433943190146238,0.00015433943190146238,0.0003880406729876995,-0.0003880407311953604],[0.003236721968278289,-0.003236721968278289,-0.0014220993034541607,0.0014220976736396551,-0.001837051589973271,0.001837051589973271,0.002820135559886694,-0.002820135559886694,0.0003340015828143805,-0.0003340015828143805,-0.00042090396163985133,0.00042090361239388585,0.0031828670762479305,-0.0031828663777559996,0.0021062300074845552,-0.00210623093880713,-0.002680480945855379,0.002680480945855379,0.009167838841676712,-0.008167837746441364,-0.0003640924987848848,0.00036409261520020664,0.0006701664533466101,-0.0006701663369312882,0.0002489412436261773,-0.0002489413018338382,-0.0007278028642758727,0.0007278030388988554,6.951051182113588e-05,-6.951068644411862e-05,0.0009715165360830724,-0.0009715166524983943,4.508619895204902e-05,-4.508618440013379e-05,0.0005130143836140633,-0.0005130144418217242,0.0005054547218605876,-0.0005054547218605876,0.00018329036538489163,-0.000183290452696383,0.000423852150561288,-0.00042385206324979663,0.00029758299933746457,-0.00029758302844129503,0.0005121200811117887,-0.0005121199646964669,7.457712490577251e-05,-7.457712490577251e-05,0.0003595403686631471,-0.0003595403686631471,-0.00039853790076449513,0.0003985378425568342,-9.941839380189776e-06,9.941853932105005e-06,-0.00018584789359010756,0.00018584789359010756],[-0.0032367215026170015,0.0032367215026170015,0.0014220987213775516,-0.0014220972079783678,0.0018370512407273054,-0.0018370512407273054,-0.0028201357927173376,0.002820135559886694,-0.0003340016701258719,0.0003340016701258719,0.00042090401984751225,-0.000420903495978564,-0.0031828670762479305,0.0031828663777559996,-0.002106230240315199,0.00210623093880713,0.0026804811786860228,-0.0026804811786860228,-0.008167837746441364,0.009167838841676712,0.0003640929935500026,-0.00036409293534234166,-0.0006701664533466101,0.0006701663369312882,-0.0002489411854185164,0.0002489413018338382,0.0007278027478605509,-0.0007278028642758727,-6.951048271730542e-05,6.951024988666177e-05,-0.0009715162450447679,0.0009715163032524288,-4.508608253672719e-05,4.508596612140536e-05,-0.0005130144418217242,0.000513014558237046,-0.0005054544890299439,0.0005054544890299439,-0.00018329048180021346,0.00018329046724829823,-0.00042385197593830526,0.00042385206324979663,-0.00029758282471448183,0.0002975828538183123,-0.0005121200811117887,0.0005121200229041278,-7.45770666981116e-05,7.457705214619637e-05,-0.0003595404850784689,0.00035954045597463846,0.0003985379880759865,-0.00039853790076449513,9.942188626155257e-06,-9.942174074240029e-06,0.00018584798090159893,-0.00018584798090159893],[-0.001179470564238727,0.001179470564238727,-0.00042719903285615146,0.0004271988000255078,-0.0013103422243148088,0.0013103422243148088,-0.0002461036783643067,0.00024610376567579806,-0.000916764372959733,0.000916764372959733,0.0018924062605947256,-0.001892406609840691,-0.00031489194952882826,0.00031489189132116735,0.00021042191656306386,-0.0002104216255247593,-0.0010550898732617497,0.0010550898732617497,-0.0003640924987848848,0.0003640929935500026,0.003272095462307334,-0.0022720941342413425,0.0005986080504953861,-0.0005986080504953861,-0.00018381825066171587,0.0001838182215578854,-0.0011131919454783201,0.0011131918290629983,0.00018230080604553223,-0.00018230080604553223,-0.0003307222796138376,0.0003307222796138376,0.00013463449431583285,-0.00013463450886774808,-0.00016633296036161482,0.0001663329458096996,-0.00027538571157492697,0.00027538574067875743,0.0002098014228977263,-0.0002098014228977263,-0.00019338652782607824,0.00019338652782607824,-8.540904673282057e-05,8.540904673282057e-05,-8.52693774504587e-05,8.526936289854348e-05,0.0001431400014553219,-0.0001431400014553219,-7.261664723046124e-05,7.261663995450363e-05,3.406530595384538e-05,-3.406529867788777e-05,3.348800237290561e-05,-3.348800237290561e-05,-0.00022277614334598184,0.0002227761287940666],[0.001179470564238727,-0.001179470564238727,0.0004271991492714733,-0.0004271988000255078,0.0013103423407301307,-0.0013103423407301307,0.0002461037947796285,-0.0002461040567141026,0.0009167644893750548,-0.0009167644893750548,-0.0018924061441794038,0.0018924062605947256,0.00031489194952882826,-0.00031489189132116735,-0.00021042191656306386,0.0002104218874592334,0.0010550899896770716,-0.0010550899896770716,0.00036409261520020664,-0.00036409293534234166,-0.0022720941342413425,0.0032720935996621847,-0.0005986080504953861,0.0005986080504953861,0.00018381825066171587,-0.0001838182215578854,0.0011131919454783201,-0.0011131918290629983,-0.00018230080604553223,0.00018230080604553223,0.0003307222796138376,-0.0003307222796138376,-0.00013463449431583285,0.00013463450886774808,0.00016633296036161482,-0.0001663329458096996,0.00027538571157492697,-0.00027538574067875743,-0.0002098014228977263,0.0002098014228977263,0.00019338652782607824,-0.00019338652782607824,8.540904673282057e-05,-8.540904673282057e-05,8.52693774504587e-05,-8.526936289854348e-05,-0.0001431400014553219,0.0001431400014553219,7.261664723046124e-05,-7.261663995450363e-05,-3.406530595384538e-05,3.406529867788777e-05,-3.348800237290561e-05,3.348800237290561e-05,0.00022277614334598184,-0.0002227761287940666],[0.0025256802327930927,-0.0025256802327930927,-0.003597863018512726,0.0035978625528514385,0.002895335666835308,-0.002895335666835308,0.0019218985689803958,-0.0019218985689803958,0.0028809490613639355,-0.0028809490613639355,0.0013028639368712902,-0.0013028639368712902,0.0004834946885239333,-0.00048349451390095055,0.0034051481634378433,-0.0034051486290991306,1.4685327187180519e-05,-1.4685327187180519e-05,0.0006701664533466101,-0.0006701664533466101,0.0005986080504953861,-0.0005986080504953861,0.004867720417678356,-0.003867718856781721,0.00041117280488833785,-0.00041117280488833785,-0.0007010686676949263,0.0007010689587332308,-0.0003494391276035458,0.0003494391276035458,0.0015030994545668364,-0.0015030994545668364,-6.561895133927464e-05,6.561895861523226e-05,8.480367250740528e-05,-8.480361429974437e-05,0.0004340146260801703,-0.0004340146842878312,-5.342612348613329e-05,5.342610165826045e-05,0.0006665909313596785,-0.0006665909313596785,0.0002652521652635187,-0.00026525219436734915,0.00021559919696301222,-0.000215599182411097,1.193031403090572e-05,-1.1930306754948106e-05,3.3922086004167795e-05,-3.392212965991348e-05,-0.00027431879425421357,0.00027431879425421357,0.0005700195906683803,-0.0005700195906683803,7.678783731535077e-05,-7.67878009355627e-05],[-0.0025256802327930927,0.0025256802327930927,0.003597863018512726,-0.003597862087190151,-0.002895335666835308,0.002895335666835308,-0.0019218985689803958,0.0019218985689803958,-0.0028809490613639355,0.0028809490613639355,-0.0013028639368712902,0.0013028637040406466,-0.0004834946885239333,0.00048349457210861146,-0.0034051479306071997,0.003405148396268487,-1.4685385394841433e-05,1.4685385394841433e-05,-0.0006701663369312882,0.0006701663369312882,-0.0005986080504953861,0.0005986080504953861,-0.003867718856781721,0.004867719020694494,-0.00041117280488833785,0.00041117280488833785,0.0007010686676949263,-0.0007010689587332308,0.0003494391276035458,-0.0003494391276035458,-0.0015030994545668364,0.0015030994545668364,6.561895133927464e-05,-6.561895861523226e-05,-8.480367250740528e-05,8.480361429974437e-05,-0.0004340146260801703,0.0004340146842878312,5.342612348613329e-05,-5.342610165826045e-05,-0.0006665909313596785,0.0006665909313596785,-0.0002652521652635187,0.00026525219436734915,-0.00021559919696301222,0.000215599182411097,-1.193031403090572e-05,1.1930306754948106e-05,-3.3922086004167795e-05,3.392212965991348e-05,0.00027431879425421357,-0.00027431879425421357,-0.0005700195906683803,0.0005700195906683803,-7.678783731535077e-05,7.67878009355627e-05],[-0.0007442370988428593,0.0007442370988428593,0.0034312682691961527,-0.0034312689676880836,0.0032457648776471615,-0.0032457648776471615,0.004566704388707876,-0.004566703923046589,0.0008202326716855168,-0.0008202326716855168,0.00035401887726038694,-0.0003540191682986915,0.0020205057226121426,-0.0020205057226121426,-0.001081950729712844,0.0010819509625434875,-0.000696738192345947,0.000696738192345947,0.0002489412436261773,-0.0002489411854185164,-0.00018381825066171587,0.00018381825066171587,0.00041117280488833785,-0.00041117280488833785,0.0063349721021950245,-0.005334970075637102,-0.0003400721470825374,0.0003400723508093506,-5.629738006973639e-05,5.629738006973639e-05,0.0016166367568075657,-0.0016166367568075657,0.00015802483540028334,-0.0001580248208483681,0.00040603510569781065,-0.0004060350765939802,0.0005074755172245204,-0.0005074755754321814,6.272780592553318e-05,-6.272780592553318e-05,0.0004728758067358285,-0.000472875835839659,0.0005465524736791849,-0.0005465524736791849,0.00011556631943676621,-0.00011556631943676621,0.0001934241154231131,-0.0001934241154231131,0.00034459627931937575,-0.0003445963084232062,0.00042328721610829234,-0.00042328721610829234,0.00025745792663656175,-0.00025745792663656175,0.00034477259032428265,-0.00034477259032428265],[0.0007442372152581811,-0.0007442372152581811,-0.003431268036365509,0.0034312685020267963,-0.0032457648776471615,0.0032457648776471615,-0.004566703923046589,0.004566703457385302,-0.0008202322642318904,0.0008202322642318904,-0.00035401893546804786,0.00035401928471401334,-0.0020205057226121426,0.0020205057226121426,0.0010819508461281657,-0.0010819509625434875,0.0006967383087612689,-0.0006967383087612689,-0.0002489413018338382,0.0002489413018338382,0.0001838182215578854,-0.0001838182215578854,-0.00041117280488833785,0.00041117280488833785,-0.005334970075637102,0.006334969773888588,0.0003400724090170115,-0.00034007226349785924,5.629750376101583e-05,-5.6297511036973447e-05,-0.001616636523976922,0.001616636523976922,-0.00015802484995219857,0.00015802484995219857,-0.0004060350183863193,0.0004060350183863193,-0.0005074757500551641,0.000507475808262825,-6.272786413319409e-05,6.272786413319409e-05,-0.00047287571942433715,0.00047287577763199806,-0.0005465525318868458,0.0005465525318868458,-0.00011556631943676621,0.00011556629033293575,-0.0001934241590788588,0.0001934241590788588,-0.0003445962502155453,0.0003445962502155453,-0.00042328733252361417,0.00042328733252361417,-0.0002574579557403922,0.0002574579557403922,-0.00034477244480513036,0.00034477244480513036],[0.002009870484471321,-0.002009870484471321,-0.0005939173279330134,0.0005939170951023698,0.0011491873301565647,-0.0011491873301565647,0.003077535657212138,-0.003077535191550851,0.0001050850551109761,-0.0001050850551109761,-2.1928557544015348e-05,2.192828105762601e-05,0.0005337822949513793,-0.0005337817128747702,-0.001532063353806734,0.001532063470222056,0.0016452802810817957,-0.0016452802810817957,-0.0007278028642758727,0.0007278027478605509,-0.0011131919454783201,0.0011131919454783201,-0.0007010686676949263,0.0007010686676949263,-0.0003400721470825374,0.0003400724090170115,0.005489813629537821,-0.0044898116029798985,-0.0008364211535081267,0.0008364211535081267,0.0011591330403462052,-0.0011591330403462052,-0.0005845107370987535,0.0005845107370987535,-0.00026502370019443333,0.0002650236419867724,0.00027905625756829977,-0.0002790562866721302,-0.0003921203315258026,0.00039212036062963307,-0.00023549539037048817,0.00023549539037048817,-9.891687659546733e-05,9.891689114738256e-05,0.0008080938132479787,-0.0008080938132479787,-0.0001915789325721562,0.0001915789325721562,-0.00015926908235996962,0.00015926905325613916,0.0006242240779101849,-0.000624224019702524,0.000644630054011941,-0.000644630054011941,6.753714114893228e-05,-6.75371557008475e-05],[-0.0020098702516406775,0.0020098702516406775,0.0005939174443483353,-0.0005939174443483353,-0.0011491874465718865,0.0011491874465718865,-0.0030775354243814945,0.003077535191550851,-0.00010508476407267153,0.00010508476407267153,2.192845568060875e-05,-2.1928150090388954e-05,-0.0005337816546671093,0.0005337813054211438,0.0015320628881454468,-0.0015320637030526996,-0.0016452796990051866,0.0016452796990051866,0.0007278030388988554,-0.0007278028642758727,0.0011131918290629983,-0.0011131918290629983,0.0007010689587332308,-0.0007010689587332308,0.0003400723508093506,-0.00034007226349785924,-0.0044898116029798985,0.005489812698215246,0.0008364212699234486,-0.0008364212699234486,-0.0011591329239308834,0.0011591329239308834,0.0005845106206834316,-0.0005845106206834316,0.0002650237292982638,-0.0002650237875059247,-0.00027905614115297794,0.00027905619936063886,0.00039212036062963307,-0.0003921203315258026,0.00023549547768197954,-0.00023549541947431862,9.891705121845007e-05,-9.891705849440768e-05,-0.0008080935222096741,0.0008080934640020132,0.00019157891802024096,-0.00019157890346832573,0.00015926903870422393,-0.0001592690241523087,-0.000624223961494863,0.0006242239032872021,-0.0006446299375966191,0.0006446299375966191,-6.753713387297466e-05,6.753718480467796e-05],[-0.00033977339626289904,0.00033977339626289904,-0.002106274012476206,0.002106274012476206,-0.0003286431892774999,0.0003286431892774999,-0.0016274063382297754,0.0016274064546450973,-0.0002122330479323864,0.0002122330479323864,0.001061015296727419,-0.0010610155295580626,-0.0007312152883969247,0.0007312154630199075,0.000343138788593933,-0.0003431385848671198,-0.0007216075900942087,0.0007216075900942087,6.951051182113588e-05,-6.951048271730542e-05,0.00018230080604553223,-0.00018230080604553223,-0.0003494391276035458,0.0003494391276035458,-5.629738006973639e-05,5.629750376101583e-05,-0.0008364211535081267,0.0008364212699234486,0.004103117156773806,-0.0031031162943691015,0.0006819921545684338,-0.0006819921545684338,0.0017539365217089653,-0.0017539365217089653,0.001179580925963819,-0.001179580925963819,-0.000996641581878066,0.0009966414654627442,0.0014127616304904222,-0.0014127613976597786,0.0006020692526362836,-0.0006020692526362836,-0.00021321071835700423,0.00021321064559742808,0.00046309211757034063,-0.00046309211757034063,0.001141872489824891,-0.001141872489824891,0.000769770354963839,-0.0007697702967561781,-0.0011618795106187463,0.0011618795106187463,2.9914910555817187e-05,-2.9914925107732415e-05,-0.00044088222784921527,0.0004408821405377239],[0.0003397734835743904,-0.0003397734835743904,0.002106274012476206,-0.002106274012476206,0.0003286430146545172,-0.0003286430146545172,0.0016274061053991318,-0.001627406571060419,0.0002122330479323864,-0.0002122330479323864,-0.001061015296727419,0.0010610155295580626,0.0007312154048122466,-0.0007312153466045856,-0.00034313887590542436,0.0003431386430747807,0.0007216075900942087,-0.0007216075900942087,-6.951068644411862e-05,6.951024988666177e-05,-0.00018230080604553223,0.00018230080604553223,0.0003494391276035458,-0.0003494391276035458,5.629738006973639e-05,-5.6297511036973447e-05,0.0008364211535081267,-0.0008364212699234486,-0.0031031162943691015,0.004103116691112518,-0.0006819921545684338,0.0006819921545684338,-0.0017539365217089653,0.0017539365217089653,-0.001179580925963819,0.001179580925963819,0.000996641581878066,-0.0009966414654627442,-0.0014127616304904222,0.0014127613976597786,-0.0006020692526362836,0.0006020692526362836,0.00021321071835700423,-0.00021321064559742808,-0.00046309211757034063,0.00046309211757034063,-0.001141872489824891,0.001141872489824891,-0.000769770354963839,0.0007697702967561781,0.0011618795106187463,-0.0011618795106187463,-2.9914910555817187e-05,2.9914925107732415e-05,0.00044088222784921527,-0.0004408821405377239],[-0.0007871754351072013,0.0007871754351072013,0.0022062137722969055,-0.002206213306635618,0.0005952992360107601,-0.0005952992360107601,0.0002740731870289892,-0.0002740733325481415,0.0006622896762564778,-0.0006622896762564778,0.0009377961978316307,-0.000937796023208648,0.001433040713891387,-0.001433040713891387,0.0005147535121068358,-0.0005147535703144968,0.0005601710872724652,-0.0005601710872724652,0.0009715165360830724,-0.0009715162450447679,-0.0003307222796138376,0.0003307222796138376,0.0015030994545668364,-0.0015030994545668364,0.0016166367568075657,-0.001616636523976922,0.0011591330403462052,-0.0011591329239308834,0.0006819921545684338,-0.0006819921545684338,0.003890551161020994,-0.002890550997108221,0.000625943997874856,-0.000625943997874856,0.0007203598506748676,-0.000720359617844224,-0.002066664630547166,0.002066664630547166,0.0004893255536444485,-0.0004893256118521094,0.0011961476411670446,-0.0011961476411670446,0.00024278718046844006,-0.00024278718046844006,0.0016453559510409832,-0.0016453559510409832,0.0006030420190654695,-0.0006030420772731304,0.0005453418707475066,-0.0005453421035781503,-0.0010093249147757888,0.001009324798360467,0.0013401651522144675,-0.0013401651522144675,-0.0011768834665417671,0.0011768834665417671],[0.0007871752604842186,-0.0007871752604842186,-0.0022062137722969055,0.002206213306635618,-0.0005952993524260819,0.0005952993524260819,-0.0002740731288213283,0.00027407341985963285,-0.0006622896762564778,0.0006622896762564778,-0.0009377961978316307,0.000937796023208648,-0.001433040713891387,0.001433040713891387,-0.0005147535121068358,0.0005147535121068358,-0.0005601710290648043,0.0005601710290648043,-0.0009715166524983943,0.0009715163032524288,0.0003307222796138376,-0.0003307222796138376,-0.0015030994545668364,0.0015030994545668364,-0.0016166367568075657,0.001616636523976922,-0.0011591330403462052,0.0011591329239308834,-0.0006819921545684338,0.0006819921545684338,-0.002890550997108221,0.003890550695359707,-0.000625943997874856,0.000625943997874856,-0.0007203597342595458,0.000720359617844224,0.0020666641648858786,-0.0020666641648858786,-0.0004893255536444485,0.0004893255536444485,-0.