{"epoch":0,"H":[[0.014252117834985256,-0.013252120465040207,0.0030604612547904253,-0.003060461487621069,0.005514591932296753,-0.005514590535312891,0.004711544141173363,-0.00471154460683465,-0.0021028085611760616,0.0021028085611760616,0.0008504670695401728,-0.0008504671277478337,0.0006415219977498055,-0.0006415219977498055,0.0007341819582507014,-0.0007341820164583623,0.002690303372219205,-0.002690303372219205,0.0025804403703659773,-0.0025804403703659773,0.0010846361983567476,-0.0010846361983567476,0.001865639933384955,-0.0018656397005543113,-0.001126938033849001,0.001126937917433679,0.002521021058782935,-0.0025210208259522915,-0.00021005574672017246,0.00021005560120102018,0.0031600571237504482,-0.003160057356581092,0.00013021704216953367,-0.00013021708582527936,0.0006139581673778594,-0.0006139581673778594,0.0021573237609118223,-0.0021573235280811787,-0.00013405313075054437,0.00013405315985437483,0.000366550637409091,-0.0003665507829282433,-0.0006596745806746185,0.0006596746388822794,-0.0004891350399702787,0.0004891349817626178,3.5075554478680715e-05,-3.507564542815089e-05,0.0004831677651964128,-0.00048316759057343006,0.0005624969489872456,-0.0005624970071949065,-0.0005162343732081354,0.0005162343732081354,0.0006574988947249949,-0.0006574989529326558],[-0.013252120465040207,0.01425211876630783,-0.0030604603234678507,0.003060460789129138,-0.005514591932296753,0.005514591000974178,-0.004711545072495937,0.00471154460683465,0.002102807629853487,-0.0021028071641921997,-0.0008504668367095292,0.0008504673605784774,-0.0006415226962417364,0.0006415226962417364,-0.000734182889573276,0.000734182947780937,-0.002690302673727274,0.0026903024408966303,-0.0025804401375353336,0.0025804403703659773,-0.0010846360819414258,0.001084635965526104,-0.0018656394677236676,0.0018656395841389894,0.0011269381502643228,-0.0011269383830949664,-0.0025210219901055098,0.0025210219901055098,0.00021005605231039226,-0.00021005605231039226,-0.0031600571237504482,0.0031600571237504482,-0.00013021673657931387,0.0001302167947869748,-0.0006139581673778594,0.0006139581091701984,-0.0021573235280811787,0.0021573235280811787,0.00013405307254288346,-0.00013405311619862914,-0.0003665506956167519,0.0003665507538244128,0.0006596747552976012,-0.0006596747552976012,0.0004891352145932615,-0.0004891352145932615,-3.507543442538008e-05,3.5075579944532365e-05,-0.000483167648781091,0.0004831674159504473,-0.0005624971818178892,0.0005624971818178892,0.0005162347806617618,-0.0005162347806617618,-0.0006574989529326558,0.0006574990111403167],[0.0030604612547904253,-0.0030604603234678507,0.0188466627150774,-0.017846662551164627,0.005952843464910984,-0.005952843930572271,0.0047507635317742825,-0.004750764463096857,-0.00011259387247264385,0.00011259317398071289,0.00024228602705989033,-0.00024228649272117764,-0.0009090790990740061,0.0009090796811506152,-0.004131728783249855,0.00413172971457243,0.0026653697714209557,-0.002665369538590312,0.0002565006725490093,-0.0002565006143413484,0.0008876749197952449,-0.0008876754436641932,0.0060762022621929646,-0.00607620133087039,0.0016201299149543047,-0.001620129682123661,0.0032704365439713,-0.0032704370096325874,-0.0021065634209662676,0.0021065634209662676,0.0009668133570812643,-0.0009668132988736033,-0.001395792467519641,0.0013957925839349627,-0.0007178251398727298,0.0007178251398727298,0.0025083639193326235,-0.0025083639193326235,-0.0009110082173720002,0.0009110082173720002,0.00043185174581594765,-0.0004318517749197781,0.0010011359117925167,-0.0010011359117925167,0.002605724148452282,-0.002605724148452282,-0.0007003993960097432,0.000700399570632726,-0.000455774599686265,0.0004557746578939259,0.002080709207803011,-0.002080709207803011,0.0006165686063468456,-0.0006165686063468456,0.0016144326655194163,-0.0016144325491040945],[-0.003060461487621069,0.003060460789129138,-0.017846662551164627,0.0188466627150774,-0.005952842999249697,0.005952843464910984,-0.0047507635317742825,0.00475076399743557,0.0001125936396420002,-0.00011259247548878193,-0.0002422861143713817,0.00024228655092883855,0.000909079797565937,-0.0009090800303965807,0.004131728317588568,-0.004131729248911142,-0.0026653690729290247,0.002665369538590312,-0.00025650026509538293,0.0002565001486800611,-0.0008876745705492795,0.0008876750362105668,-0.006076201796531677,0.00607620133087039,-0.0016201301477849483,0.0016201302642002702,-0.0032704370096325874,0.003270437242463231,0.0021065634209662676,-0.0021065634209662676,-0.000966813531704247,0.000966813531704247,0.001395792467519641,-0.001395792467519641,0.0007178251398727298,-0.0007178250816650689,-0.0025083639193326235,0.0025083639193326235,0.000911008333787322,-0.000911008391994983,-0.0004318516294006258,0.0004318515711929649,-0.001001135678961873,0.0010011355625465512,-0.002605724148452282,0.002605724148452282,0.0007003993378020823,-0.000700399512425065,0.00045577462879009545,-0.00045577468699775636,-0.0020807089749723673,0.002080709207803011,-0.0006165686063468456,0.0006165685481391847,-0.00161443289835006,0.0016144327819347382],[0.005514591932296753,-0.005514591932296753,0.005952843464910984,-0.005952842999249697,0.011603280901908875,-0.010603278875350952,0.0020983321592211723,-0.0020983321592211723,0.003620957722887397,-0.0036209579557180405,0.0010593964252620935,-0.00105939747299999,0.0010049198754131794,-0.0010049198754131794,0.001766621833667159,-0.0017666220664978027,-0.004282671958208084,0.004282671958208084,-0.0023068466689437628,0.0023068466689437628,-0.0003247625136282295,0.0003247623099014163,0.00040159455966204405,-0.00040159461786970496,0.0005638553411699831,-0.0005638552829623222,0.004298401530832052,-0.004298401530832052,-0.00031537696486338973,0.0003153769066557288,-0.000348046567523852,0.00034804653842002153,1.7494894564151764e-05,-1.7494843632448465e-05,0.00015734149201307446,-0.00015734149201307446,0.0019088396802544594,-0.001908839913085103,-7.688409823458642e-05,7.688409823458642e-05,-0.0007493537850677967,0.000749353610444814,-0.00026078661903738976,0.00026078661903738976,0.0004525624681264162,-0.0004525625554379076,-2.573228266555816e-05,2.5732297217473388e-05,6.335698708426207e-05,-6.335695798043162e-05,0.0010988871799781919,-0.0010988871799781919,0.000489527708850801,-0.0004895277670584619,0.0008633246761746705,-0.0008633247343823314],[-0.005514590535312891,0.005514591000974178,-0.005952843930572271,0.005952843464910984,-0.010603278875350952,0.011603279039263725,-0.002098332392051816,0.002098332392051816,-0.003620957024395466,0.003620957024395466,-0.0010593972401693463,0.0010593978222459555,-0.001004919409751892,0.0010049192933365703,-0.0017666216008365154,0.0017666216008365154,0.004282671958208084,-0.004282671958208084,0.00230684713460505,-0.0023068473674356937,0.00032476242631673813,-0.00032476233900524676,-0.00040159455966204405,0.0004015943850390613,-0.0005638551665470004,0.0005638552247546613,-0.004298401530832052,0.004298401530832052,0.00031537713948637247,-0.00031537713948637247,0.00034804639290086925,-0.0003480463637970388,-1.7494683561380953e-05,1.7494654457550496e-05,-0.00015734128828626126,0.00015734128828626126,-0.0019088396802544594,0.0019088396802544594,7.688420009799302e-05,-7.688420009799302e-05,0.000749354250729084,-0.0007493541343137622,0.0002607866481412202,-0.0002607867063488811,-0.0004525623517110944,0.00045256243902258575,2.5732384528964758e-05,-2.5732399080879986e-05,-6.335679063340649e-05,6.335671059787273e-05,-0.00109888706356287,0.00109888706356287,-0.0004895275924354792,0.0004895276506431401,-0.0008633243851363659,0.0008633243851363659],[0.004711544141173363,-0.004711545072495937,0.0047507635317742825,-0.0047507635317742825,0.0020983321592211723,-0.002098332392051816,0.010135051794350147,-0.009135055355727673,0.002903337124735117,-0.0029033368919044733,0.0010535140754655004,-0.0010535141918808222,0.0023573809303343296,-0.0023573809303343296,0.0012291400926187634,-0.0012291400926187634,0.003326688427478075,-0.003326688427478075,0.00141274428460747,-0.0014127441681921482,0.0010599998058751225,-0.0010599998058751225,0.0012667074333876371,-0.0012667076662182808,0.0006214786553755403,-0.0006214786553755403,-0.00041207054164260626,0.0004120704543311149,-4.085578984813765e-05,4.085577529622242e-05,-0.0013146037235856056,0.0013146037235856056,0.0001612176711205393,-0.00016121764201670885,0.00022953619190957397,-0.00022953617735765874,0.0012276873458176851,-0.0012276873458176851,1.4739445759914815e-05,-1.4739445759914815e-05,-0.00026145935407839715,0.0002614593831822276,0.0001850518019637093,-0.00018505172920413315,0.0012817243114113808,-0.0012817244278267026,-3.1373801903100684e-05,3.137382009299472e-05,-0.00012784572027157992,0.00012784573482349515,0.0010126227280125022,-0.0010126227280125022,0.0007096038898453116,-0.0007096038898453116,0.0010089613497257233,-0.0010089613497257233],[-0.00471154460683465,0.00471154460683465,-0.004750764463096857,0.00475076399743557,-0.0020983321592211723,0.002098332392051816,-0.009135055355727673,0.010135054588317871,-0.002903337124735117,0.002903337124735117,-0.0010535140754655004,0.001053514308296144,-0.002357381395995617,0.002357381395995617,-0.0012291402090340853,0.0012291402090340853,-0.0033266893588006496,0.0033266893588006496,-0.0014127439353615046,0.0014127439353615046,-0.0010599996894598007,0.0010599998058751225,-0.0012667078990489244,0.0012667077826336026,-0.0006214787717908621,0.0006214787717908621,0.00041207074536941946,-0.0004120708326809108,4.085606997250579e-05,-4.085606997250579e-05,0.0013146037235856056,-0.0013146036071702838,-0.00016121758380904794,0.00016121755470521748,-0.00022953622101340443,0.0002295362064614892,-0.0012276876950636506,0.0012276876950636506,-1.4739256585016847e-05,1.4739256585016847e-05,0.000261459470493719,-0.0002614594413898885,-0.00018505162734072655,0.00018505164189264178,-0.001281724194996059,0.0012817240785807371,3.13738601107616e-05,-3.137389285257086e-05,0.0001278457057196647,-0.00012784567661583424,-0.001012622844427824,0.001012622844427824,-0.0007096041226759553,0.0007096041226759553,-0.0010089620482176542,0.0010089620482176542],[-0.0021028085611760616,0.002102807629853487,-0.00011259387247264385,0.0001125936396420002,0.003620957722887397,-0.003620957024395466,0.002903337124735117,-0.002903337124735117,0.01123925019055605,-0.010239250026643276,0.0020823825616389513,-0.0020823825616389513,0.003550630295649171,-0.003550630295649171,0.005564630031585693,-0.005564630497246981,0.0015270104631781578,-0.0015270104631781578,-0.0013139598304405808,0.0013139598304405808,-0.00025141029618680477,0.0002514100924599916,0.0009652204462327063,-0.0009652203298173845,0.0011780227068811655,-0.0011780227068811655,0.001749192364513874,-0.0017491918988525867,-0.000854085199534893,0.000854085199534893,-0.0008398728095926344,0.0008398727513849735,-8.613965474069118e-05,8.613974205218256e-05,0.0002743693767115474,-0.0002743693476077169,0.0023153836373239756,-0.002315383404493332,-0.00029316687141545117,0.0002931669005192816,-0.0002952303912024945,0.00029523030389100313,-0.0003862867597490549,0.0003862867597490549,-4.4636064558289945e-05,4.463600635062903e-05,-0.00015990715473890305,0.0001599071838427335,0.00021948986977804452,-0.00021948982612229884,0.0003813575895037502,-0.0003813575895037502,0.00020446798589546233,-0.0002044680149992928,0.0014779642224311829,-0.0014779639896005392],[0.0021028085611760616,-0.0021028071641921997,0.00011259317398071289,-0.00011259247548878193,-0.0036209579557180405,0.003620957024395466,-0.0029033368919044733,0.002903337124735117,-0.010239250026643276,0.01123925019055605,-0.0020823825616389513,0.0020823825616389513,-0.003550630295649171,0.003550630295649171,-0.005564630031585693,0.005564630497246981,-0.0015270104631781578,0.0015270104631781578,0.0013139598304405808,-0.0013139598304405808,0.00025141029618680477,-0.0002514100924599916,-0.0009652204462327063,0.0009652203298173845,-0.0011780227068811655,0.0011780227068811655,-0.001749192364513874,0.0017491918988525867,0.000854085199534893,-0.000854085199534893,0.0008398728095926344,-0.0008398727513849735,8.613965474069118e-05,-8.613974205218256e-05,-0.0002743693767115474,0.0002743693476077169,-0.0023153836373239756,0.002315383404493332,0.00029316687141545117,-0.0002931669005192816,0.0002952303912024945,-0.00029523030389100313,0.0003862867597490549,-0.0003862867597490549,4.4636064558289945e-05,-4.463600635062903e-05,0.00015990715473890305,-0.0001599071838427335,-0.00021948986977804452,0.00021948982612229884,-0.0003813575895037502,0.0003813575895037502,-0.00020446798589546233,0.0002044680149992928,-0.0014779642224311829,0.0014779639896005392],[0.0008504670695401728,-0.0008504668367095292,0.00024228602705989033,-0.0002422861143713817,0.0010593964252620935,-0.0010593972401693463,0.0010535140754655004,-0.0010535140754655004,0.0020823825616389513,-0.0020823825616389513,0.0037270060274749994,-0.0027270072605460882,0.00036054232623428106,-0.0003605423553381115,-0.0005948433536104858,0.0005948436446487904,-0.00010740422294475138,0.00010740416473709047,-0.00046000524889677763,0.00046000530710443854,0.0006905532791279256,-0.0006905532209202647,-5.0484602979850024e-05,5.048461753176525e-05,-0.00019286898896098137,0.00019286901806481183,0.0004710822249762714,-0.0004710823413915932,0.0007861383492127061,-0.0007861383492127061,0.0013343479949980974,-0.0013343479949980974,0.00044738571159541607,-0.00044738571159541607,0.0006458339630626142,-0.0006458339630626142,-0.00016808290092740208,0.0001680829154793173,0.00030048005282878876,-0.0003004800237249583,0.0006248728604987264,-0.0006248729187063873,-0.0004476798640098423,0.00044767989311367273,-0.0003518553567118943,0.00035185538581572473,0.00025260524125769734,-0.00025260538677684963,0.00037459697341546416,-0.00037459691520780325,-0.0001997077779378742,0.0001997077779378742,-0.00027849728940054774,0.0002784972602967173,-0.00042350596049800515,0.0004235059313941747],[-0.0008504671277478337,0.0008504673605784774,-0.00024228649272117764,0.00024228655092883855,-0.00105939747299999,0.0010593978222459555,-0.0010535141918808222,0.001053514308296144,-0.0020823825616389513,0.0020823825616389513,-0.0027270072605460882,0.0037270081229507923,-0.00036054232623428106,0.000360542384441942,0.0005948432954028249,-0.0005948436446487904,0.00010740346624515951,-0.0001074034080374986,0.00046000556903891265,-0.0004600056854542345,-0.000690553686581552,0.0006905539194121957,5.0484602979850024e-05,-5.0484588427934796e-05,0.00019286942551843822,-0.00019286948372609913,-0.0004710826906375587,0.0004710826324298978,-0.0007861383492127061,0.0007861382910050452,-0.0013343478785827756,0.0013343479949980974,-0.00044738565338775516,0.00044738565338775516,-0.0006458339630626142,0.0006458339048549533,0.00016808268264867365,-0.00016808269720058888,-0.00030047999462112784,0.00030047999462112784,-0.0006248729769140482,0.00062487309332937,0.0004476799222175032,-0.0004476799222175032,0.00035185538581572473,-0.0003518553567118943,-0.00025260524125769734,0.00025260538677684963,-0.00037459691520780325,0.0003745968861039728,0.0001997077779378742,-0.0001997077779378742,0.00027849714388139546,-0.000278497114777565,0.00042350590229034424,-0.0004235058731865138],[0.0006415219977498055,-0.0006415226962417364,-0.0009090790990740061,0.000909079797565937,0.0010049198754131794,-0.001004919409751892,0.0023573809303343296,-0.002357381395995617,0.003550630295649171,-0.003550630295649171,0.00036054232623428106,-0.00036054232623428106,0.00796210952103138,-0.006962111219763756,0.0012296413769945502,-0.0012296411441639066,0.0016051281709223986,-0.0016051281709223986,0.0007654768414795399,-0.0007654766086488962,4.9550981202628464e-05,-4.955098847858608e-05,0.0006859172717668116,-0.0006859173299744725,-0.00106856320053339,0.00106856320053339,0.0012303130934014916,-0.0012303129769861698,0.00048567508929409087,-0.00048567508929409087,-0.0003643103991635144,0.0003643105155788362,0.0003378888941369951,-0.00033788892324082553,0.00026636820985004306,-0.00026636826805770397,-0.0002893547643907368,0.0002893547643907368,0.00016807107022032142,-0.00016807112842798233,0.0001833771966630593,-0.00018337724031880498,-0.0005284472717903554,0.0005284473882056773,0.0008485548314638436,-0.0008485548314638436,0.0001619207760086283,-0.00016192079056054354,4.125428677070886e-05,-4.12542576668784e-05,0.0003931477840524167,-0.0003931477549485862,-6.14755554124713e-05,6.14755554124713e-05,0.0007744400063529611,-0.0007744400063529611],[-0.0006415219977498055,0.0006415226962417364,0.0009090796811506152,-0.0009090800303965807,-0.0010049198754131794,0.0010049192933365703,-0.0023573809303343296,0.002357381395995617,-0.003550630295649171,0.003550630295649171,-0.0003605423553381115,0.000360542384441942,-0.006962111219763756,0.00796210952103138,-0.0012296413769945502,0.0012296411441639066,-0.0016051281709223986,0.0016051281709223986,-0.0007654768414795399,0.0007654766086488962,-4.9550981202628464e-05,4.955098847858608e-05,-0.0006859172717668116,0.0006859173299744725,0.00106856320053339,-0.00106856320053339,-0.0012303130934014916,0.0012303129769861698,-0.00048567508929409087,0.00048567508929409087,0.0003643103991635144,-0.0003643105155788362,-0.0003378888941369951,0.00033788892324082553,-0.00026636820985004306,0.00026636826805770397,0.0002893547643907368,-0.0002893547643907368,-0.00016807107022032142,0.00016807112842798233,-0.0001833771966630593,0.00018337724031880498,0.0005284472717903554,-0.0005284473882056773,-0.0008485548314638436,0.0008485548314638436,-0.0001619207760086283,0.00016192079056054354,-4.125428677070886e-05,4.12542576668784e-05,-0.0003931477840524167,0.0003931477549485862,6.14755554124713e-05,-6.14755554124713e-05,-0.0007744400063529611,0.0007744400063529611],[0.0007341819582507014,-0.000734182889573276,-0.004131728783249855,0.004131728317588568,0.001766621833667159,-0.0017666216008365154,0.0012291400926187634,-0.0012291402090340853,0.005564630031585693,-0.005564630031585693,-0.0005948433536104858,0.0005948432954028249,0.0012296413769945502,-0.0012296413769945502,0.010153589770197868,-0.009153592400252819,0.004650892689824104,-0.004650892689824104,0.0031025323551148176,-0.0031025323551148176,-0.0017196187982335687,0.0017196190310642123,0.002248236443847418,-0.002248236211016774,5.1160401199012995e-05,-5.116037209518254e-05,-0.0014228150248527527,0.0014228153740987182,-0.00041478133061900735,0.00041478138882666826,0.0003834329836536199,-0.0003834329836536199,-0.00023183244047686458,0.00023183242592494935,0.0003983466303907335,-0.0003983466303907335,0.0006337836966849864,-0.0006337836966849864,-9.719968511490151e-05,9.719967056298628e-05,-0.0005030912579968572,0.0005030912579968572,-0.0003283425176050514,0.00032834254670888186,-0.0005342020886018872,0.0005342020886018872,-9.987979137804359e-05,9.987985686166212e-05,0.00032133632339537144,-0.00032133638160303235,0.00016477890312671661,-0.00016477890312671661,0.0001797354343580082,-0.00017973544890992343,0.0010698448168113828,-0.0010698448168113828],[-0.0007341820164583623,0.000734182947780937,0.00413172971457243,-0.004131729248911142,-0.0017666220664978027,0.0017666216008365154,-0.0012291400926187634,0.0012291402090340853,-0.005564630497246981,0.005564630497246981,0.0005948436446487904,-0.0005948436446487904,-0.0012296411441639066,0.0012296411441639066,-0.009153592400252819,0.010153593495488167,-0.004650893621146679,0.004650893621146679,-0.003102532122284174,0.003102532122284174,0.0017196186818182468,-0.0017196189146488905,-0.002248236443847418,0.0022482366766780615,-5.116060492582619e-05,5.1160663133487105e-05,0.0014228153740987182,-0.0014228156069293618,0.0004147816216573119,-0.00041478167986497283,-0.000383433245588094,0.00038343327469192445,0.0002318323531653732,-0.0002318323531653732,-0.00039834657218307257,0.0003983466303907335,-0.0006337841041386127,0.0006337841041386127,9.719953959574923e-05,-9.719953231979162e-05,0.0005030912579968572,-0.0005030912579968572,0.00032834248850122094,-0.00032834248850122094,0.0005342017393559217,-0.0005342017393559217,9.987973317038268e-05,-9.987978410208598e-05,-0.0003213364980183542,0.0003213364980183542,-0.0001647790049901232,0.0001647790049901232,-0.00017973556532524526,0.00017973556532524526,-0.0010698450496420264,0.0010698450496420264],[0.002690303372219205,-0.002690302673727274,0.0026653697714209557,-0.0026653690729290247,-0.004282671958208084,0.004282671958208084,0.003326688427478075,-0.0033266893588006496,0.0015270104631781578,-0.0015270104631781578,-0.00010740422294475138,0.00010740346624515951,0.0016051281709223986,-0.0016051281709223986,0.004650892689824104,-0.004650893621146679,0.009372499771416187,-0.008372499607503414,0.002016540616750717,-0.002016540616750717,0.00019187302677892148,-0.00019187302677892148,0.0005545063177123666,-0.0005545061430893838,-3.1115690944716334e-05,3.1115690944716334e-05,-0.0001489076530560851,0.0001489076530560851,0.0002368366695009172,-0.0002368367277085781,0.0014872545143589377,-0.0014872545143589377,4.0125203668139875e-05,-4.012523277197033e-05,0.00040781343705020845,-0.00040781343705020845,0.000548871117644012,-0.0005488711758516729,0.00015495804836973548,-0.00015495803381782025,0.0012522123288363218,-0.0012522123288363218,-0.00027070424403063953,0.00027070427313447,-0.00027882170979864895,0.0002788217389024794,0.00010056128667201847,-0.00010056126484414563,0.0003381668939255178,-0.00033816686482168734,0.0007911299471743405,-0.0007911299471743405,0.00031773472437635064,-0.00031773472437635064,0.0012247725389897823,-0.0012247725389897823],[-0.002690303372219205,0.0026903024408966303,-0.002665369538590312,0.002665369538590312,0.004282671958208084,-0.004282671958208084,-0.003326688427478075,0.0033266893588006496,-0.0015270104631781578,0.0015270104631781578,0.00010740416473709047,-0.0001074034080374986,-0.0016051281709223986,0.0016051281709223986,-0.004650892689824104,0.004650893621146679,-0.008372499607503414,0.009372498840093613,-0.002016540616750717,0.002016540616750717,-0.00019187302677892148,0.00019187302677892148,-0.0005545063177123666,0.0005545061430893838,3.1115690944716334e-05,-3.1115690944716334e-05,0.0001489076530560851,-0.0001489076530560851,-0.0002368366695009172,0.0002368367277085781,-0.0014872545143589377,0.0014872545143589377,-4.0125203668139875e-05,4.012523277197033e-05,-0.00040781343705020845,0.00040781343705020845,-0.000548871117644012,0.0005488711758516729,-0.00015495804836973548,0.00015495803381782025,-0.0012522123288363218,0.0012522123288363218,0.00027070424403063953,-0.00027070427313447,0.00027882170979864895,-0.0002788217389024794,-0.00010056128667201847,0.00010056126484414563,-0.0003381668939255178,0.00033816686482168734,-0.0007911299471743405,0.0007911299471743405,-0.00031773472437635064,0.00031773472437635064,-0.0012247725389897823,0.0012247725389897823],[0.0025804403703659773,-0.0025804401375353336,0.0002565006725490093,-0.00025650026509538293,-0.0023068466689437628,0.00230684713460505,0.00141274428460747,-0.0014127439353615046,-0.0013139598304405808,0.0013139598304405808,-0.00046000524889677763,0.00046000556903891265,0.0007654768414795399,-0.0007654768414795399,0.0031025323551148176,-0.003102532122284174,0.002016540616750717,-0.002016540616750717,0.009086545556783676,-0.008086545392870903,-1.53594883158803e-05,1.5359459212049842e-05,0.002257513115182519,-0.0022575128823518753,0.0006922112661413848,-0.0006922112079337239,-0.0008467506850138307,0.0008467506850138307,0.0009912316454574466,-0.0009912317618727684,0.0008234437555074692,-0.0008234436972998083,0.0007041411590762436,-0.0007041411008685827,0.0002259615866933018,-0.00022596147027797997,-0.00011413078027544543,0.00011413078027544543,0.0005696876323781908,-0.0005696876905858517,0.00046071677934378386,-0.00046071677934378386,0.0003627921687439084,-0.00036279213964007795,-0.00034099427284672856,0.00034099421463906765,0.0003967380616813898,-0.00039673803257755935,0.00022645223361905664,-0.00022645229182671756,0.00013497500913217664,-0.00013497502368409187,-0.00018827544408850372,0.00018827544408850372,0.0005682366900146008,-0.0005682366900146008],[-0.0025804403703659773,0.0025804403703659773,-0.0002565006143413484,0.0002565001486800611,0.0023068466689437628,-0.0023068473674356937,-0.0014127441681921482,0.0014127439353615046,0.0013139598304405808,-0.0013139598304405808,0.00046000530710443854,-0.0004600056854542345,-0.0007654766086488962,0.0007654766086488962,-0.0031025323551148176,0.003102532122284174,-0.002016540616750717,0.002016540616750717,-0.008086545392870903,0.009086545556783676,1.53594883158803e-05,-1.5359459212049842e-05,-0.002257513115182519,0.0022575128823518753,-0.0006922112661413848,0.0006922112079337239,0.0008467506850138307,-0.0008467506850138307,-0.0009912316454574466,0.0009912317618727684,-0.0008234437555074692,0.0008234436972998083,-0.0007041411590762436,0.0007041411008685827,-0.0002259615866933018,0.00022596147027797997,0.00011413078027544543,-0.00011413078027544543,-0.0005696876323781908,0.0005696876905858517,-0.00046071677934378386,0.00046071677934378386,-0.0003627921687439084,0.00036279213964007795,0.00034099427284672856,-0.00034099421463906765,-0.0003967380616813898,0.00039673803257755935,-0.00022645223361905664,0.00022645229182671756,-0.00013497500913217664,0.00013497502368409187,0.00018827544408850372,-0.00018827544408850372,-0.0005682366900146008,0.0005682366900146008],[0.0010846361983567476,-0.0010846360819414258,0.0008876749197952449,-0.0008876745705492795,-0.0003247625136282295,0.00032476242631673813,0.0010599998058751225,-0.0010599996894598007,-0.00025141029618680477,0.00025141029618680477,0.0006905532791279256,-0.000690553686581552,4.9550981202628464e-05,-4.9550981202628464e-05,-0.0017196187982335687,0.0017196186818182468,0.00019187302677892148,-0.00019187302677892148,-1.53594883158803e-05,1.53594883158803e-05,0.002300896216183901,-0.0013008960522711277,0.0007483204244635999,-0.000748320366255939,-6.43437888356857e-05,6.434384704334661e-05,0.0007164343842305243,-0.0007164344424381852,0.000617900921497494,-0.0006179009797051549,0.0012923486065119505,-0.0012923486065119505,0.0003924703341908753,-0.0003924703341908753,0.0005755583406426013,-0.0005755583988502622,0.0004004077345598489,-0.0004004077345598489,0.000298829167149961,-0.000298829167149961,0.0008562859147787094,-0.0008562859147787094,0.0005240868777036667,-0.0005240868777036667,-0.000513748440425843,0.0005137484986335039,0.0002534509403631091,-0.00025345096946693957,0.00030354689806699753,-0.0003035468398593366,0.0001635656808502972,-0.00016356566629838198,-8.85692352312617e-05,8.85692352312617e-05,9.096259600482881e-05,-9.096259600482881e-05],[-0.0010846361983567476,0.001084635965526104,-0.0008876754436641932,0.0008876750362105668,0.0003247623099014163,-0.00032476233900524676,-0.0010599998058751225,0.0010599998058751225,0.0002514100924599916,-0.0002514100924599916,-0.0006905532209202647,0.0006905539194121957,-4.955098847858608e-05,4.955098847858608e-05,0.0017196190310642123,-0.0017196189146488905,-0.00019187302677892148,0.00019187302677892148,1.5359459212049842e-05,-1.5359459212049842e-05,-0.0013008960522711277,0.002300896681845188,-0.0007483209483325481,0.0007483209483325481,6.434394890675321e-05,-6.434394890675321e-05,-0.0007164345006458461,0.000716434558853507,-0.0006179006886668503,0.0006179006886668503,-0.0012923488393425941,0.0012923488393425941,-0.0003924703341908753,0.0003924703341908753,-0.0005755582824349403,0.0005755582824349403,-0.00040040764724835753,0.000400407676352188,-0.000298829167149961,0.000298829167149961,-0.0008562859147787094,0.0008562859729863703,-0.0005240868777036667,0.0005240869359113276,0.0005137485568411648,-0.0005137485568411648,-0.00025345091125927866,0.00025345091125927866,-0.00030354689806699753,0.0003035468398593366,-0.00016356560809072107,0.00016356559353880584,8.856934437062591e-05,-8.856934437062591e-05,-9.096247958950698e-05,9.096247958950698e-05],[0.001865639933384955,-0.0018656394677236676,0.0060762022621929646,-0.006076201796531677,0.00040159455966204405,-0.00040159455966204405,0.0012667074333876371,-0.0012667078990489244,0.0009652204462327063,-0.0009652204462327063,-5.0484602979850024e-05,5.0484602979850024e-05,0.0006859172717668116,-0.0006859172717668116,0.002248236443847418,-0.002248236443847418,0.0005545063177123666,-0.0005545063177123666,0.002257513115182519,-0.002257513115182519,0.0007483204244635999,-0.0007483209483325481,0.004700062330812216,-0.0037000617012381554,0.0002949126064777374,-0.0002949126064777374,0.0012015837710350752,-0.0012015837710350752,-0.00026214553508907557,0.00026214547688141465,0.00015065824845805764,-0.00015065824845805764,-7.139533408917487e-06,7.1396061684936285e-06,-0.0005984905292280018,0.0005984905292280018,0.0010898667387664318,-0.00108986662235111,-1.4214165275916457e-06,1.4214601833373308e-06,0.00012020178110105917,-0.00012020175927318633,0.0004944826359860599,-0.0004944826359860599,0.0004521451483014971,-0.0004521451483014971,2.082214632537216e-05,-2.0822117221541703e-05,-0.0002992593217641115,0.0002992592635564506,0.0002493817009963095,-0.0002493817009963095,-0.00010379889863543212,0.00010379892773926258,0.00017896006465889513,-0.00017896003555506468],[-0.0018656397005543113,0.0018656395841389894,-0.00607620133087039,0.00607620133087039,-0.00040159461786970496,0.0004015943850390613,-0.0012667076662182808,0.0012667077826336026,-0.0009652203298173845,0.0009652203298173845,5.048461753176525e-05,-5.0484588427934796e-05,-0.0006859173299744725,0.0006859173299744725,-0.002248236211016774,0.0022482366766780615,-0.0005545061430893838,0.0005545061430893838,-0.0022575128823518753,0.0022575128823518753,-0.000748320366255939,0.0007483209483325481,-0.0037000617012381554,0.004700062796473503,-0.00029491272289305925,0.00029491266468539834,-0.0012015837710350752,0.0012015837710350752,0.00026214541867375374,-0.00026214547688141465,-0.00015065821935422719,0.00015065821935422719,7.139751687645912e-06,-7.139751687645912e-06,0.0005984905292280018,-0.0005984905874356627,-0.0010898667387664318,0.0010898667387664318,1.4214820112101734e-06,-1.42151111504063e-06,-0.00012020175199722871,0.00012020175927318633,-0.0004944828688167036,0.0004944828688167036,-0.00045214523561298847,0.00045214523561298847,-2.082210994558409e-05,2.0822088117711246e-05,0.000299259350867942,-0.00029925937997177243,-0.0002493816427886486,0.00024938167189247906,0.0001037987822201103,-0.0001037987822201103,-0.00017896038480103016,0.0001789603556971997],[-0.001126938033849001,0.0011269381502643228,0.0016201299149543047,-0.0016201301477849483,0.0005638553411699831,-0.0005638551665470004,0.0006214786553755403,-0.0006214787717908621,0.0011780227068811655,-0.0011780227068811655,-0.00019286898896098137,0.00019286942551843822,-0.00106856320053339,0.00106856320053339,5.1160401199012995e-05,-5.116060492582619e-05,-3.1115690944716334e-05,3.1115690944716334e-05,0.0006922112661413848,-0.0006922112661413848,-6.43437888356857e-05,6.434394890675321e-05,0.0002949126064777374,-0.00029491272289305925,0.003870904678478837,-0.0028709040489047766,0.0007375659770332277,-0.0007375659770332277,0.0010547068668529391,-0.0010547068668529391,0.0002492590865585953,-0.00024925911566242576,0.0005827982095070183,-0.0005827982677146792,0.0003831543435808271,-0.0003831543435808271,0.00010209277388639748,-0.00010209277388639748,0.0004941580700688064,-0.0004941581282764673,0.00044267167686484754,-0.000442671705968678,-0.00041042501106858253,0.000410425040172413,0.00028776467661373317,-0.00028776470571756363,0.00038751846295781434,-0.0003875184920616448,0.00025375993573106825,-0.00025375987752340734,5.927373422309756e-06,-5.927402526140213e-06,-2.0547915482893586e-05,2.0547908206935972e-05,-0.00026559096295386553,0.00026559096295386553],[0.001126937917433679,-0.0011269383830949664,-0.001620129682123661,0.0016201302642002702,-0.0005638552829623222,0.0005638552247546613,-0.0006214786553755403,0.0006214787717908621,-0.0011780227068811655,0.0011780227068811655,0.00019286901806481183,-0.00019286948372609913,0.00106856320053339,-0.00106856320053339,-5.116037209518254e-05,5.1160663133487105e-05,3.1115690944716334e-05,-3.1115690944716334e-05,-0.0006922112079337239,0.0006922112079337239,6.434384704334661e-05,-6.434394890675321e-05,-0.0002949126064777374,0.00029491266468539834,-0.0028709040489047766,0.003870904678478837,-0.0007375659770332277,0.0007375659770332277,-0.0010547068668529391,0.0010547068668529391,-0.0002492590865585953,0.00024925911566242576,-0.0005827982095070183,0.0005827982677146792,-0.0003831543435808271,0.0003831543435808271,-0.00010209277388639748,0.00010209277388639748,-0.0004941580700688064,0.0004941581282764673,-0.00044267167686484754,0.000442671705968678,0.00041042501106858253,-0.000410425040172413,-0.00028776467661373317,0.00028776470571756363,-0.00038751846295781434,0.0003875184920616448,-0.00025375993573106825,0.00025375987752340734,-5.927373422309756e-06,5.927402526140213e-06,2.0547915482893586e-05,-2.0547908206935972e-05,0.00026559096295386553,-0.00026559096295386553],[0.002521021058782935,-0.0025210219901055098,0.0032704365439713,-0.0032704370096325874,0.004298401530832052,-0.004298401530832052,-0.00041207054164260626,0.00041207074536941946,0.001749192364513874,-0.001749192364513874,0.0004710822249762714,-0.0004710826906375587,0.0012303130934014916,-0.0012303130934014916,-0.0014228150248527527,0.0014228153740987182,-0.0001489076530560851,0.0001489076530560851,-0.0008467506850138307,0.0008467506850138307,0.0007164343842305243,-0.0007164345006458461,0.0012015837710350752,-0.0012015837710350752,0.0007375659770332277,-0.0007375659770332277,0.004992508329451084,-0.003992507699877024,0.00039222982013598084,-0.0003922298492398113,1.2878066627308726e-05,-1.2878066627308726e-05,0.00033665657974779606,-0.00033665657974779606,0.0006040290463715792,-0.0006040291045792401,-0.0005192072712816298,0.0005192072712816298,0.00041385446093045175,-0.00041385446093045175,0.00039014057256281376,-0.0003901406016666442,-0.00037944960058666766,0.0003794496296904981,-0.0008457520743831992,0.0008457520743831992,0.0003814426017925143,-0.0003814426891040057,0.00048029585741460323,-0.0004802958865184337,-0.00017759602633304894,0.00017759604088496417,-0.0007915483438409865,0.0007915483438409865,0.00014084312715567648,-0.00014084312715567648],[-0.0025210208259522915,0.0025210219901055098,-0.0032704370096325874,0.003270437242463231,-0.004298401530832052,0.004298401530832052,0.0004120704543311149,-0.0004120708326809108,-0.0017491918988525867,0.0017491918988525867,-0.0004710823413915932,0.0004710826324298978,-0.0012303129769861698,0.0012303129769861698,0.0014228153740987182,-0.0014228156069293618,0.0001489076530560851,-0.0001489076530560851,0.0008467506850138307,-0.0008467506850138307,-0.0007164344424381852,0.000716434558853507,-0.0012015837710350752,0.0012015837710350752,-0.0007375659770332277,0.0007375659770332277,-0.003992507699877024,0.0049925087951123714,-0.0003922298492398113,0.00039222982013598084,-1.2877804692834616e-05,1.287786290049553e-05,-0.00033665657974779606,0.00033665663795545697,-0.0006040290463715792,0.0006040290463715792,0.0005192072712816298,-0.0005192072712816298,-0.0004138545773457736,0.00041385460644960403,-0.0003901406016666442,0.00039014057256281376,0.0003794495132751763,-0.0003794495714828372,0.0008457520161755383,-0.0008457520161755383,-0.00038144266000017524,0.00038144271820783615,-0.0004802957992069423,0.0004802957992069423,0.00017759618640411645,-0.00017759618640411645,0.0007915482856333256,-0.0007915482856333256,-0.00014084321446716785,0.00014084322901908308],[-0.00021005574672017246,0.00021005605231039226,-0.0021065634209662676,0.0021065634209662676,-0.00031537696486338973,0.00031537713948637247,-4.085578984813765e-05,4.085606997250579e-05,-0.000854085199534893,0.000854085199534893,0.0007861383492127061,-0.0007861383492127061,0.00048567508929409087,-0.00048567508929409087,-0.00041478133061900735,0.0004147816216573119,0.0002368366695009172,-0.0002368366695009172,0.0009912316454574466,-0.0009912316454574466,0.000617900921497494,-0.0006179006886668503,-0.00026214553508907557,0.00026214541867375374,0.0010547068668529391,-0.0010547068668529391,0.00039222982013598084,-0.0003922298492398113,0.0031277495436370373,-0.0021277491468936205,7.562835526186973e-05,-7.56282388465479e-05,0.001310386462137103,-0.001310386462137103,0.0006346048321574926,-0.0006346048321574926,0.0016825858037918806,-0.0016825858037918806,0.001112513942644,-0.001112513942644,0.0006867884658277035,-0.0006867885822430253,0.0008895008941181004,-0.0008895008359104395,0.0006742319674231112,-0.0006742319674231112,0.000824190559796989,-0.0008241906180046499,0.0003874468384310603,-0.0003874467802233994,0.0008136517135426402,-0.0008136517135426402,0.0005089626065455377,-0.0005089626065455377,0.0002874666533898562,-0.0002874666533898562],[0.00021005560120102018,-0.00021005605231039226,0.0021065634209662676,-0.0021065634209662676,0.0003153769066557288,-0.00031537713948637247,4.085577529622242e-05,-4.085606997250579e-05,0.000854085199534893,-0.000854085199534893,-0.0007861383492127061,0.0007861382910050452,-0.00048567508929409087,0.00048567508929409087,0.00041478138882666826,-0.00041478167986497283,-0.0002368367277085781,0.0002368367277085781,-0.0009912317618727684,0.0009912317618727684,-0.0006179009797051549,0.0006179006886668503,0.00026214547688141465,-0.00026214547688141465,-0.0010547068668529391,0.0010547068668529391,-0.0003922298492398113,0.00039222982013598084,-0.0021277491468936205,0.00312774907797575,-7.562835526186973e-05,7.56282388465479e-05,-0.001310386462137103,0.001310386462137103,-0.0006346048321574926,0.0006346048321574926,-0.0016825858037918806,0.0016825858037918806,-0.001112513942644,0.001112513942644,-0.0006867884658277035,0.0006867885822430253,-0.0008895008941181004,0.0008895008359104395,-0.0006742319674231112,0.0006742319674231112,-0.000824190559796989,0.0008241906180046499,-0.0003874468384310603,0.0003874467802233994,-0.0008136517135426402,0.0008136517135426402,-0.0005089626065455377,0.0005089626065455377,-0.0002874666533898562,0.0002874666533898562],[0.0031600571237504482,-0.0031600571237504482,0.0009668133570812643,-0.000966813531704247,-0.000348046567523852,0.00034804639290086925,-0.0013146037235856056,0.0013146037235856056,-0.0008398728095926344,0.0008398728095926344,0.0013343479949980974,-0.0013343478785827756,-0.0003643103991635144,0.0003643103991635144,0.0003834329836536199,-0.000383433245588094,0.0014872545143589377,-0.0014872545143589377,0.0008234437555074692,-0.0008234437555074692,0.0012923486065119505,-0.0012923488393425941,0.00015065824845805764,-0.00015065821935422719,0.0002492590865585953,-0.0002492590865585953,1.2878066627308726e-05,-1.2877804692834616e-05,7.562835526186973e-05,-7.562835526186973e-05,0.002304232679307461,-0.0013042317004874349,0.00020298021263442934,-0.00020298021263442934,0.0004843388160225004,-0.0004843388742301613,0.0004546414129436016,-0.0004546414129436016,0.00010712196672102436,-0.00010712205403251573,0.001069924677722156,-0.001069924677722156,0.000899289851076901,-0.000899289851076901,-0.0005382759845815599,0.0005382761009968817,0.00013254758960101753,-0.00013254760415293276,0.0003076846187468618,-0.0003076845605392009,0.000309436465613544,-0.0003094364074058831,-0.0003629659186117351,0.00036296588950790465,-0.000473744235932827,0.00047374432324431837],[-0.003160057356581092,0.0031600571237504482,-0.0009668132988736033,0.000966813531704247,0.00034804653842002153,-0.0003480463637970388,0.0013146037235856056,-0.0013146036071702838,0.0008398727513849735,-0.0008398727513849735,-0.0013343479949980974,0.0013343479949980974,0.0003643105155788362,-0.0003643105155788362,-0.0003834329836536199,0.00038343327469192445,-0.0014872545143589377,0.0014872545143589377,-0.0008234436972998083,0.0008234436972998083,-0.0012923486065119505,0.0012923488393425941,-0.00015065824845805764,0.00015065821935422719,-0.00024925911566242576,0.00024925911566242576,-1.2878066627308726e-05,1.287786290049553e-05,-7.56282388465479e-05,7.56282388465479e-05,-0.0013042317004874349,0.00230423198081553,-0.00020298021263442934,0.00020298021263442934,-0.0004843388160225004,0.0004843388742301613,-0.0004546414129436016,0.0004546414129436016,-0.0001071