{"epoch":0,"H":[[0.007756655104458332,-0.0036975264083594084,-0.003059128765016794,-0.0036516040563583374,0.0017272613476961851,0.0019243427086621523,0.0022591210436075926,0.000826566421892494,-0.0030856875237077475,-0.0005831741145811975,1.2508244253695011e-05,0.0005706658121198416,-0.0016366690397262573,-0.0020927507430315018,0.0037294202484190464,0.002416345989331603,-0.0005692651029676199,-0.0018470807699486613,-0.0004407883097883314,-0.0011338518233969808,0.0015746398130431771,0.00022490654373541474,-0.0008047925657592714,0.0005798859056085348,-7.856138108763844e-05,-0.0006777698290534317,0.000756331195589155,0.00032287597423419356,-0.00033896154491230845,1.6085643437691033e-05,-0.0020462183747440577,-0.0008059461833909154,0.002852164674550295,0.0007589776068925858,0.00024178007151931524,-0.0010007575619965792,-0.0009127731318585575,3.198045305907726e-05,0.0008807926205918193,-0.002957693301141262,-0.0017350094858556986,0.004692703485488892,-0.0011573462979868054,-0.0027784151025116444,0.003935761284083128,0.00045543548185378313,-0.0008050766191445291,0.000349641137290746,-0.00035605134326033294,0.001928528887219727,-0.0015724776312708855,0.00027283100644126534,-0.0003833450609818101,0.00011051412730012089,-0.0008141482248902321,0.0007387914229184389,7.535668555647135e-05,0.00017129952902905643,0.00022540270583704114,-0.00039670211845077574,0.0011899195378646255,-0.00026293820701539516,-0.0009269812144339085,-0.0002035255020018667,0.0003494844713713974,-0.00014595896936953068,-0.00010487434337846935,0.00014631604426540434,-4.1441700886934996e-05,0.0003015022666659206,0.0007316673872992396,-0.0010331696830689907,0.00037559252814389765,-0.0004712387453764677,9.564621723257005e-05,-0.0006529028760269284,5.118963599670678e-07,0.0006523911142721772,-0.0007517964113503695,-0.0007169896271079779,0.0014687861548736691,0.00025166902923956513,0.0004228575271554291,-0.0006745264399796724],[-0.0036975264083594084,0.012922526337206364,-0.00822499766945839,0.0021133432164788246,-0.003224529093131423,0.0011111856438219547,-0.0012509895022958517,0.0036776233464479446,-0.0024266336113214493,0.002180706709623337,0.0007087630801834166,-0.002889469265937805,0.0014943733112886548,0.0019978745840489864,-0.003492247313261032,-0.0005693986313417554,0.0015294334152713418,-0.0009600346675142646,0.0032073431648314,0.0010241982527077198,-0.004231541883200407,-0.0018131346441805363,-0.0030119779985398054,0.004825112875550985,0.0014393976889550686,-0.0005282276542857289,-0.0009111698600463569,-0.0002493376669008285,0.002075259340927005,-0.0018259217031300068,-0.00031752456561662257,-0.001619368209503591,0.0019368927460163832,-0.00016510888235643506,0.00014489225577563047,2.0216801203787327e-05,0.0017679742304608226,-0.0004155637579970062,-0.0013524102978408337,0.0001853510329965502,-0.0005964242154732347,0.00041107332799583673,-0.00010811735410243273,-0.002988505410030484,0.0030966228805482388,-0.0005559638375416398,-0.000845164991915226,0.0014011288294568658,0.0012527575017884374,-0.0008475382928736508,-0.000405218917876482,-0.0005213923286646605,-0.0002988874912261963,0.0008202797616831958,-0.000692684028763324,-0.0006218950147740543,0.0013145790435373783,0.0001300435105804354,0.0008960311533883214,-0.0010260746348649263,-0.0008019068045541644,0.00048702783533371985,0.00031487891101278365,-0.00013323058374226093,0.0005199325969442725,-0.0003867020714096725,0.000609047245234251,0.0012292687315493822,-0.001838316093198955,0.0017286748625338078,-0.00021601037587970495,-0.0015126646030694246,-0.0013432130217552185,0.0005547775654122233,0.0007884352817200124,0.00042604783084243536,0.002120058052241802,-0.0025461059994995594,-0.0008445185958407819,0.0002561865549068898,0.0005883321282453835,-0.0012946316273882985,0.001059889793395996,0.0002347418194403872],[-0.003059128765016794,-0.00822499766945839,0.012284130789339542,0.0015382615383714437,0.0014972682110965252,-0.0030355295166373253,-0.0010081317741423845,-0.004504190292209387,0.00551232136785984,-0.0015975325368344784,-0.0007212715572677553,0.0023188036866486073,0.00014229514636099339,9.487615898251534e-05,-0.00023717130534350872,-0.001846948405727744,-0.0009601688361726701,0.002807117300108075,-0.0027665547095239162,0.0001096537453122437,0.002656901255249977,0.0015882269944995642,0.0038167706225067377,-0.005404997617006302,-0.0013608389999717474,0.0012059956789016724,0.00015484297182410955,-7.353963155765086e-05,-0.00173629866912961,0.0018098382279276848,0.0023637425620108843,0.002425313927233219,-0.00478905625641346,-0.0005938703543506563,-0.0003866726765409112,0.0009805422741919756,-0.0008552012732252479,0.0003835837123915553,0.00047161756083369255,0.0027723414823412895,0.002331433817744255,-0.005103775765746832,0.00126546376850456,0.005766921676695347,-0.007032385095953941,0.00010052861762233078,0.0016502419020980597,-0.00175077049061656,-0.0008967060712166131,-0.0010809904197230935,0.0019776965491473675,0.00024856149684637785,0.0006822320283390582,-0.000930793525185436,0.0015068321954458952,-0.00011689611710608006,-0.0013899360783398151,-0.00030134234111756086,-0.0011214343830943108,0.0014227766077965498,-0.0003880129079334438,-0.00022408941003959626,0.0006121022161096334,0.00033675588201731443,-0.0008694174466654658,0.0005326616228558123,-0.0005041722906753421,-0.0013755850959569216,0.0018797575030475855,-0.002030177041888237,-0.0005156575934961438,0.002545834518969059,0.0009676202316768467,-8.353868906851858e-05,-0.0008840815862640738,0.00022685463773086667,-0.0021205705124884844,0.0018937159329652786,0.0015963150653988123,0.00046080240281298757,-0.002057117410004139,0.0010429630056023598,-0.0014827477280050516,0.00043978478061035275],[-0.0036516040563583374,0.0021133432164788246,0.0015382615383714437,0.005935652181506157,0.0005408706492744386,-0.005476521328091621,-0.0013221331173554063,-0.0017471747705712914,0.0030693078879266977,0.0007995888590812683,-0.0006878508138470352,-0.00011173797975061461,0.0021192722488194704,0.0016698751132935286,-0.003789147362112999,-0.0011806852417066693,-0.0008211137028411031,0.0020017989445477724,0.0009343445999547839,0.0005491757765412331,-0.001483520376496017,0.0009162094793282449,0.0012324806302785873,-0.002148690167814493,-0.00044591096229851246,-0.0010658683022484183,0.0015117793809622526,-0.0008397231576964259,-0.00139521318487823,0.002234936458989978,0.002057672943919897,0.0003238996141590178,-0.0023815727327018976,0.001556282164528966,-0.0023722306359559298,0.0008159488206729293,0.002072923118248582,-0.0018096828134730458,-0.0002632403338793665,0.001816412783227861,-0.002425223356112838,0.0006088105728849769,0.0008868282893672585,0.002128289081156254,-0.0030151172541081905,-0.0009321813122369349,0.001565464655868709,-0.0006332833436317742,0.0006118502933532,-0.0013930724235251546,0.0007812221883796155,-0.00027275836328044534,0.000252559402724728,2.0198902348056436e-05,0.00032109342282637954,-0.0007577713113278151,0.0004366778302937746,7.641450793016702e-05,-0.0002394704206380993,0.00016305588360410184,-0.0012067757779732347,0.0002412841422483325,0.0009654915193095803,-3.679527435451746e-05,-0.00027959997532889247,0.0003163952787872404,0.00025856366846710443,0.0001735585101414472,-0.0004321222077123821,0.0004909175331704319,0.00034513368154875934,-0.0008360511856153607,-0.00020641242736019194,0.0007254083175212145,-0.0005189958610571921,0.000593704404309392,0.0004462406213860959,-0.0010399450547993183,0.00021518244466278702,0.00018451252253726125,-0.0003996949817519635,-0.0003971960977651179,-0.00016700662672519684,0.000564202549867332],[0.0017272613476961851,-0.003224529093131423,0.0014972682110965252,0.0005408706492744386,0.02277955785393715,-0.022320430725812912,-0.0011255680583417416,-0.0005546682514250278,0.001680235960520804,0.0007113262545317411,0.004683065693825483,-0.005394391715526581,0.001146720489487052,0.0004948059795424342,-0.0016415261197835207,0.001071257283911109,-0.00021622143685817719,-0.0008550359052605927,8.464377606287599e-05,0.0026380838826298714,-0.00272272783331573,-5.845064151799306e-05,-0.0022963625378906727,0.0023548128083348274,-0.0017887941794469953,-0.002309747040271759,0.00409854156896472,0.00024017196847125888,0.0009035583352670074,-0.001143730478361249,-0.0005353607120923698,0.0020740956533700228,-0.0015387351159006357,0.0009797823149710894,-0.0013762848684564233,0.00039650313556194305,0.0032827022951096296,0.0006544577772729099,-0.003937159664928913,-0.0009363589342683554,-0.000349820707924664,0.0012861801078543067,-0.0012859053676947951,-0.0035764670465141535,0.004862372297793627,0.00042343480163253844,-0.0007826979272067547,0.0003592631546780467,-0.0002214935520896688,0.002196848625317216,-0.0019753549713641405,1.3988756109029055e-05,-0.0010107713751494884,0.0009967825608327985,-0.0009171926649287343,6.589724216610193e-05,0.0008512954227626324,-0.0013336213305592537,0.0006912123644724488,0.0006424090825021267,-0.0006170920096337795,-0.0021542073227465153,0.0027712995652109385,0.0007875423179939389,0.0012123242486268282,-0.0019998664502054453,-0.0008813300519250333,-0.00012825796147808433,0.0010095882462337613,0.002430513733997941,-0.0021268099080771208,-0.00030370382592082024,0.00017836785991676152,-6.34106108918786e-05,-0.00011495721992105246,0.0010160414967685938,0.0025354567915201187,-0.0035514982882887125,0.00010131555609405041,-0.0005543195875361562,0.0004530040896497667,-0.0015036158729344606,0.0009630177519284189,0.0005405978881753981],[0.0019243427086621523,0.0011111856438219547,-0.0030355295166373253,-0.005476521328091621,-0.022320430725812912,0.028796954080462456,0.0024477008264511824,0.00230184243991971,-0.004749543499201536,-0.001510915462858975,-0.003995214588940144,0.005506130401045084,-0.0032659932039678097,-0.0021646814420819283,0.0054306755773723125,0.0001094293111236766,0.001037335256114602,-0.0011467639124020934,-0.0010189880849793553,-0.0031872601248323917,0.004206248093396425,-0.0008577592088840902,0.0010638805106282234,-0.0002061212289845571,0.002234705025330186,0.003375615691766143,-0.005610320717096329,0.000599551247432828,0.0004916551988571882,-0.0010912064462900162,-0.001522314385510981,-0.0023979966063052416,0.0039203111082315445,-0.0025360637810081244,0.0037485151551663876,-0.0012124525383114815,-0.005355626344680786,0.0011552255600690842,0.004200400784611702,-0.0008800544310361147,0.002775044646114111,-0.0018949902150779963,0.0003990761761087924,0.001448179129511118,-0.00184725527651608,0.0005087469471618533,-0.0007827659719623625,0.0002740190248005092,-0.0003903567558154464,-0.000803775736130774,0.0011941324919462204,0.00025877004372887313,0.0007582120597362518,-0.0010169818997383118,0.000596099067479372,0.0006918740691617131,-0.0012879729038104415,0.0012572071282193065,-0.0004517427587416023,-0.000805464165750891,0.0018238681368529797,0.001912923064082861,-0.003736790968105197,-0.0007507469272240996,-0.0009327244479209185,0.0016834712587296963,0.0006227663834579289,-4.530075239017606e-05,-0.0005774656310677528,-0.002921430626884103,0.0017816763138398528,0.0011397546622902155,2.804477117024362e-05,-0.0006619973573833704,0.0006339524406939745,-0.0016097452025860548,-0.0029816972091794014,0.0045914426445961,-0.0003164976660627872,0.00036980732693336904,-5.330971907824278e-05,0.0019008126109838486,-0.0007960109505802393,-0.0011048009619116783],[0.0022591210436075926,-0.0012509895022958517,-0.0010081317741423845,-0.0013221331173554063,-0.0011255680583417416,0.0024477008264511824,0.004818225745111704,0.0017873187316581607,-0.005605543963611126,-0.0013610536698251963,-0.0016518404008820653,0.0030128939542919397,-0.001328373677097261,-0.0028509546536952257,0.004179328680038452,0.0013541290536522865,-0.00034099954064004123,-0.0010131299495697021,-0.00041282048914581537,-0.0015097735449671745,0.001922593917697668,-0.0010448513785377145,-0.0018865074962377548,0.0029313587583601475,0.00038619665428996086,-0.001335907494649291,0.0009497108403593302,0.0008258242160081863,0.00016330945072695613,-0.0009891337249428034,-0.0023242312017828226,-0.0017467994475737214,0.004071030765771866,0.0004431730485521257,0.00019243930000811815,-0.0006356122903525829,0.0006098321173340082,0.0008056019432842731,-0.0014154340606182814,-0.0014369424898177385,-0.0013964048121124506,0.0028333477675914764,-0.00012373545905575156,-0.002029420342296362,0.0021531556267291307,-2.1773565094918013e-05,-0.0021073436364531517,0.0021291172597557306,0.0002499452675692737,0.000685577979311347,-0.0009355232468806207,-0.0006744842394255102,0.0001373214618070051,0.0005371627630665898,-2.014078199863434e-05,0.0004911745199933648,-0.00047103367978706956,0.0007629810716025531,-0.0006326061557047069,-0.00013037477037869394,0.0005337673937901855,-0.0009612884605303407,0.0004275210085324943,-0.0003170867566950619,-0.00017285358626395464,0.0004899403429590166,-0.0002502882853150368,-0.00033277858165092766,0.0005830668960697949,0.00046456640120595694,-0.00029402144718915224,-0.00017054496856871992,1.4945893781259656e-05,-0.0010391619289293885,0.0010242160642519593,-0.00035142479464411736,6.054870755178854e-05,0.00029087610892020166,-0.0008102612337097526,-0.0005030157044529915,0.0013132768217474222,3.312843546154909e-05,0.00028938372270204127,-0.00032251214724965394],[0.000826566421892494,0.0036776233464479446,-0.004504190292209387,-0.0017471747705712914,-0.0005546682514250278,0.00230184243991971,0.0017873187316581607,0.0030307481065392494,-0.0038180670235306025,3.399341949261725e-06,-0.0011436919448897243,0.001140292501077056,0.0006204596138559282,0.001830951077863574,-0.0024514105170965195,-0.0005811172886751592,0.0009513422846794128,-0.0003702249377965927,0.0017668543150648475,0.00061934714904055,-0.00238620163872838,-9.834003867581487e-05,0.0002624629414640367,-0.00016412284458056092,0.0024751864839345217,-0.001071098493412137,-0.0014040879905223846,0.0010723161976784468,0.0033552576787769794,-0.0044275736436247826,-0.0007891998393461108,-0.001959941815584898,0.0027491417713463306,5.68353570997715e-05,0.0002893110504373908,-0.0003461464075371623,0.0010506105609238148,0.001027622609399259,-0.0020782328210771084,0.0015094756381586194,0.0009076092974282801,-0.002417085226625204,-0.00010469405970070511,-0.001761554041877389,0.0018662480870261788,0.00015843627625145018,-0.001907774480059743,0.0017493381164968014,0.0009123773779720068,-0.0013080796925351024,0.0003957024891860783,-0.000943529128562659,0.00015324458945542574,0.0007902843644842505,3.957068838644773e-05,-0.0003904894401784986,0.00035091873724013567,-0.0002787834673654288,0.0008170173969119787,-0.0005382339586503804,-0.0005921911215409636,-0.00039359164657071233,0.000985782709904015,0.0003386224852874875,0.0001535312767373398,-0.0004921536892652512,-0.00018412235658615828,-0.00011355736933182925,0.00029767974046990275,0.001036506611853838,-0.0008550714119337499,-0.00018143531633540988,-0.0002738423354458064,-0.0007321302546188235,0.0010059725027531385,0.00024864240549504757,0.0008454478811472654,-0.001094090286642313,-0.0004561238456517458,0.0006293525802902877,-0.00017322879284620285,-0.0008020484820008278,0.0007697485270909965,3.22999112540856e-05],[-0.0030856875237077475,-0.0024266336113214493,0.00551232136785984,0.0030693078879266977,0.001680235960520804,-0.004749543499201536,-0.005605543963611126,-0.0038180670235306025,0.010423609986901283,0.001357654808089137,0.002795532811433077,-0.00415318738669157,0.0007079142378643155,0.0010200045071542263,-0.0017279188614338636,-0.0007730111246928573,-0.0006103416089899838,0.001383352791890502,-0.001354034524410963,0.0008904256392270327,0.0004636088851839304,0.001143191708251834,0.0016240448458120227,-0.002767236204817891,-0.0028613812755793333,0.00240700738504529,0.00045437406515702605,-0.001898139831610024,-0.003518565557897091,0.005416705273091793,0.0031134309247136116,0.0037067406810820103,-0.006820172071456909,-0.0005000079399906099,-0.0004817497974727303,0.0009817577665671706,-0.0016604418633505702,-0.0018332237377762794,0.0034936650190502405,-7.253323565237224e-05,0.000488794525153935,-0.00041626134770922363,0.00022842964972369373,0.00379097368568182,-0.004019403364509344,-0.00013666202721651644,0.004015116486698389,-0.003878454677760601,-0.001162322936579585,0.0006225014803931117,0.0005398211069405079,0.0016180140664801002,-0.0002905657165683806,-0.0013274481752887368,-1.9429571693763137e-05,-0.00010068512347061187,0.00012011459330096841,-0.0004841977497562766,-0.00018441112479195,0.0006686088163405657,5.8424120652489364e-05,0.001354880048893392,-0.0014133041258901358,-2.1535292034968734e-05,1.932217855937779e-05,2.213142579421401e-06,0.000434411020250991,0.00044633541256189346,-0.0008807465201243758,-0.0015010731294751167,0.0011490932665765285,0.00035197995021007955,0.00025889676180668175,0.001771292183548212,-0.0020301889162510633,0.00010278268018737435,-0.0009059965377673507,0.0008032138575799763,0.0012663851957768202,-0.00012633734149858356,-0.0011400477960705757,0.0007689206977374852,-0.0010591321624815464,0.00029021166847087443],[-0.0005831741145811975,0.002180706709623337,-0.0015975325368344784,0.0007995888590812683,0.0007113262545317411,-0.001510915462858975,-0.0013610536698251963,3.399341949261725e-06,0.001357654808089137,0.008793904446065426,-0.002143824938684702,-0.0056500802747905254,0.0012880406575277448,0.000525008887052536,-0.0018130497774109244,0.00017202983144670725,0.0012355073122307658,-0.0014075370272621512,-0.0006781549309380352,-0.0005848190048709512,0.0012629739940166473,0.0016916338354349136,0.001810534275136888,-0.0035021682269871235,-0.0007286226027645171,0.00019118349882774055,0.0005374389584176242,-0.0004921380314044654,-0.00041767998482100666,0.0009098181617446244,0.0020472826436161995,0.0005453017656691372,-0.002592584351077676,0.00011019123485311866,-8.287516538985074e-05,-2.7316076739225537e-05,0.0005574662936851382,-0.0009787548333406448,0.0004212885396555066,0.0009924268815666437,3.0769690056331456e-05,-0.0010231967316940427,0.0013144973199814558,0.0016196310753002763,-0.002934128511697054,-0.0006168721010908484,0.0018786719301715493,-0.0012617999454960227,0.00031979859340935946,-8.003180846571922e-05,-0.00023976669763214886,0.00013622757978737354,-3.132986603304744e-05,-0.00010489768465049565,0.0002542193979024887,-0.0011532253120094538,0.0008990059141069651,-0.0007345605408772826,-7.319205906242132e-05,0.0008077525999397039,-0.000661589321680367,0.0005895806243643165,7.200866821222007e-05,0.00020300423784647137,-0.0005786421243101358,0.0003756379010155797,0.0002912941272370517,0.00017356270109303296,-0.00046485691564157605,-0.0007762713939882815,8.581989095546305e-05,0.0006904517067596316,0.0003021943848580122,8.882842666935176e-05,-0.00039102285518310964,0.0008584647439420223,-0.0006600934430025518,-0.00019837151921819896,0.0006756510119885206,0.0001799074816517532,-0.0008555584354326129,0.0002818312495946884,-0.0010099445935338736,0.0007281135185621679],[1.2508244253695011e-05,0.0007087630801834166,-0.0007212715572677553,-0.0006878508138470352,0.004683065693825483,-0.003995214588940144,-0.0016518404008820653,-0.0011436919448897243,0.002795532811433077,-0.002143824938684702,0.010688411071896553,-0.00754458736628294,0.001886004931293428,0.003006796818226576,-0.004892801865935326,0.0004456404421944171,0.0013079132186248899,-0.0017535537481307983,-0.0011766627430915833,0.0027897635009139776,-0.0016131006414070725,0.0008270696271210909,0.00207392405718565,-0.002900993451476097,-0.0008567911572754383,0.00038107321597635746,0.0004757179121952504,0.0003295588248874992,0.0011189066572114825,-0.0014484655112028122,-0.0007133138133212924,0.002671263413503766,-0.001957949250936508,0.00039816100616008043,0.0007081798976287246,-0.0011063406709581614,0.00165870925411582,0.0038367323577404022,-0.005495441146194935,0.0009384428267367184,0.0034635746851563454,-0.0044020176865160465,0.0006427366170100868,-0.0008136543910950422,0.0001709179487079382,0.00011547355097718537,3.418888081796467e-05,-0.00014966257731430233,0.0004883162910118699,-0.0005576749099418521,6.935879355296493e-05,0.00015032377268653363,-0.0010501490905880928,0.0008998253033496439,-0.0007939260103739798,-0.0018837214447557926,0.0026776473969221115,-0.0007426190422847867,-0.00027649698313325644,0.0010191159090027213,0.00010283078881911933,-0.0007887104875408113,0.0006858797278255224,0.000880388543009758,0.00026368655380792916,-0.0011440750677138567,-0.0010167985456064343,-0.0013392652617767453,0.0023560640402138233,0.0006941257161088288,-0.0017647703643888235,0.001070644473657012,0.0005923478165641427,-0.00031923287315294147,-0.0002731149143073708,0.0013129212893545628,0.0005093344952911139,-0.0018222557846456766,-0.0008412210736423731,-0.001191596733406186,0.002032817807048559,-0.00034242330002598464,-0.0007506030960939825,0.0010930263670161366],[0.0005706658121198416,-0.002889469265937805,0.0023188036866486073,-0.00011173797975061461,-0.005394391715526581,0.005506130401045084,0.0030128939542919397,0.001140292501077056,-0.00415318738669157,-0.0056500802747905254,-0.00754458736628294,0.014194662682712078,-0.0031740451231598854,-0.003531805006787181,0.00670585036277771,-0.0006176694296300411,-0.0025434200651943684,0.0031610894948244095,0.0018548183143138885,-0.0022049453109502792,0.00035012656007893384,-0.002518703229725361,-0.0038844586815685034,0.006403162144124508,0.0015854145167395473,-0.0005722576170228422,-0.0010131567250937223,0.00016257911920547485,-0.0007012264104560018,0.0005386471748352051,-0.0013339660363271832,-0.003216562792658806,0.004550529178231955,-0.0005083519499748945,-0.000625304935965687,0.001133656594902277,-0.0022161754313856363,-0.002857978455722332,0.005074153654277325,-0.0019308681366965175,-0.003494344186037779,0.0054252129048109055,-0.0019572339951992035,-0.0008059756946749985,0.0027632093988358974,0.0005013981717638671,-0.0019128620624542236,0.0014114639488980174,-0.0008081149426288903,0.0006377068930305541,0.00017040787497535348,-0.0002865517744794488,0.0010814778506755829,-0.000794926134403795,0.0005397067288868129,0.0030369465239346027,-0.003576653078198433,0.0014771795831620693,0.00034968939144164324,-0.001826868741773069,0.0005587582127191126,0.0001991301542147994,-0.0007578882505185902,-0.001083392184227705,0.00031495600705966353,0.0007684361771680415,0.0007255033124238253,0.001165702473372221,-0.00189120601862669,8.214573608711362e-05,0.0016789501532912254,-0.001761095947586,-0.0008945416775532067,0.0002304032677784562,0.0006641384679824114,-0.0021713855676352978,0.00015075961709953845,0.0020206260960549116,0.0001655697706155479,0.001011689892038703,-0.0011772597208619118,6.059132283553481e-05,0.0017605484463274479,-0.0018211399437859654],[-0.0016366690397262573,0.0014943733112886548,0.00014229514636099339,0.0021192722488194704,0.001146720489487052,-0.0032659932039678097,-0.001328373677097261,0.0006204596138559282,0.0007079142378643155,0.0012880406575277448,0.001886004931293428,-0.0031740451231598854,0.006372611038386822,0.00047747179633006454,-0.005850082729011774,0.0002187004138249904,-0.0003414314705878496,0.00012273102765902877,0.0004194552020635456,-0.0003773771459236741,-4.207809979561716e-05,0.0007340440060943365,-0.0004727185005322099,-0.0002613254473544657,0.0010871054837480187,0.0003539161407388747,-0.0014410214498639107,-0.0005233483389019966,-0.00040730737964622676,0.0009306557476520538,0.00033660404733382165,-0.0004366628418210894,0.00010005870717577636,0.0009313013288192451,0.00013582191604655236,-0.0010671231430023909,0.0013810030650347471,6.647629925282672e-05,-0.001447479473426938,0.0009178787586279213,0.0004905430250801146,-0.0014084220165386796,-0.00045735813910141587,-0.0005734069272875786,0.0010307651245966554,-0.00023005549155641347,0.00039203488267958164,-0.00016197937657125294,-0.0001527562562841922,-0.000135151349240914,0.0002879075473174453,0.00024510917137376964,-0.000767706660553813,0.0005225975182838738,-0.000603581836912781,-0.0005653758998960257,0.0011689577950164676,-0.00014613931125495583,-0.00048260873882099986,0.0006287480937317014,-2.715941627684515e-05,0.0004287184856366366,-0.0004015590820927173,0.0006514886626973748,0.0006197741604410112,-0.001271262881346047,-0.00025701767299324274,0.00019247741147410125,6.45403633825481e-05,0.0006324502173811197,-0.0006117492448538542,-2.070087066385895e-05,0.00036162103060632944,-0.0005325423553586006,0.0001709213829599321,-3.942572220694274e-05,0.0007228816393762827,-0.0006834559026174247,-0.00034713701461441815,0.00019161152886226773,0.00015552545664831996,-0.0004024915106128901,0.00021487550111487508,0.00018761596584226936],[-0.0020927507430315018,0.0019978745840489864,9.487615898251534e-05,0.0016698751132935286,0.0004948059795424342,-0.0021646814420819283,-0.0028509546536952257,0.001830951077863574,0.0010200045071542263,0.000525008887052536,0.003006796818226576,-0.003531805006787181,0.00047747179633006454,0.00837568286806345,-0.007853155955672264,-0.0006875699618831277,0.0006136959418654442,7.387425284832716e-05,0.0003628492704592645,0.0012839854462072253,-0.001646834658458829,-0.0005296177114360034,0.000872767879627645,-0.0003431502846069634,0.0033654647413641214,0.0020936490036547184,-0.005459113046526909,0.0006709420122206211,0.0019204310374334455,-0.0025913731660693884,-6.1023252783343196e-05,0.00043084280332550406,-0.0003698194632306695,-0.00029585338779725134,0.0007366499630734324,-0.00044079660438001156,-4.918430931866169e-06,0.003085928503423929,-0.0030810099560767412,0.0021943170577287674,0.0043629310093820095,-0.006557248532772064,-7.447818643413484e-05,-0.0005773079465143383,0.0006517861620523036,-0.00024346431018784642,-0.0008334576850757003,0.0010769219370558858,-0.00010004788055084646,-0.0015584878856316209,0.0016585357952862978,-0.00017153340741060674,-0.0011572811054065824,0.0013288145419210196,-0.0002980560529977083,-0.0005415799678303301,0.0008396360208280385,-0.0005172872333787382,-0.0002063914726022631,0.0007236786768771708,-0.0003025468613486737,0.00044047593837603927,-0.00013792910613119602,0.0013264153385534883,0.0009874372044578195,-0.0023138525430113077,-0.0004082781379111111,-0.00011561461724340916,0.0005238928133621812,0.00021315891353879124,-0.001986800692975521,0.001773641910403967,0.00015143441851250827,-0.0010680044069886208,0.0009165700175799429,0.00012219980999361724,0.0010650880867615342,-0.0011872879695147276,-0.00013563758693635464,0.000938816461712122,-0.0008031789911910892,-0.0004368977388367057,0.00046170633868314326,-2.48087162617594e-05],[0.0037294202484190464,-0.003492247313261032,-0.00023717130534350872,-0.003789147362112999,-0.0016415261197835207,0.0054306755773723125,0.004179328680038452,-0.0024514105170965195,-0.0017279188614338636,-0.0018130497774109244,-0.004892801865935326,0.00670585036277771,-0.005850082729011774,-0.007853155955672264,0.014703238382935524,0.00046886946074664593,-0.0002722645876929164,-0.0001966047566384077,-0.0007823033956810832,-0.0009066074853762984,0.0016889107646420598,-0.0002044261054834351,-0.000400048797018826,0.0006044747424311936,-0.004452570341527462,-0.0024475660175085068,0.0069001358933746815,-0.00014759399346075952,-0.0015131240943446755,0.0016607182333245873,-0.00027557980502024293,5.820998921990395e-06,0.0002697586314752698,-0.0006354477955028415,-0.0008724718936719,0.0015079195145517588,-0.0013760845176875591,-0.0031524046789854765,0.004528489429503679,-0.0031121938955038786,-0.004853473510593176,0.00796566903591156,0.0005318366456776857,0.0011507144663482904,-0.001682551228441298,0.0004735198454000056,0.0004414240538608283,-0.0009149437537416816,0.0002528039913158864,0.0016936389729380608,-0.0019464429933577776,-7.357540016528219e-05,0.0019249878823757172,-0.0018514124676585197,0.0009016378899104893,0.0011069560423493385,-0.002008593874052167,0.0006634266464971006,0.0006890003569424152,-0.0013524271780624986,0.000329705624608323,-0.0008691940456628799,0.0005394885083660483,-0.0019779037684202194,-0.0016072113066911697,0.003585115075111389,0.0006652962183579803,-7.686309982091188e-05,-0.0005884332931600511,-0.0008456092327833176,0.0025985499378293753,-0.0017529405886307359,-0.0005130557110533118,0.0016005472280085087,-0.001087491400539875,-8.27739859232679e-05,-0.0017879698425531387,0.0018707438139244914,0.0004827749799005687,-0.001130428398028016,0.0006476532435044646,0.0008393890457227826,-0.0006765815196558833,-0.00016280729323625565],[0.002416345989331603,-0.0005693986313417554,-0.001846948405727744,-0.0011806852417066693,0.001071257283911109,0.0001094293111236766,0.0013541290536522865,-0.0005811172886751592,-0.0007730111246928573,0.00017202983144670725,0.0004456404421944171,-0.0006176694296300411,0.0002187004138249904,-0.0006875699618831277,0.00046886946074664593,0.003705250797793269,0.00434699933975935,-0.007052251137793064,-0.0010987799614667892,-0.001350904582068324,0.0024496845435351133,0.0001879389601526782,-0.0007751850644126534,0.0005872459150850773,0.0005268555833026767,-0.00028802445740439,-0.00023883127141743898,0.0006909652147442102,-0.00023439365031663328,-0.0004565715789794922,-0.0011753991711884737,0.00013948441483080387,0.0010359148727729917,-0.00041043508099392056,-0.0005740119377151132,0.0009844469605013728,-4.72165356768528e-06,-0.0005302640493027866,0.0005349857383407652,-8.376230834983289e-05,-0.0020404283422976732,0.0021241907961666584,-0.0008008816512301564,-0.0005995361134409904,0.001400417648255825,7.673777872696519e-05,-0.00011678559530992061,4.004783113487065e-05,-0.00023221482115332037,0.0015244156820699573,-0.001292200991883874,0.0001258394040632993,8.208121289499104e-05,-0.00020792061695829034,-0.00042095707613043487,0.0006109708920121193,-0.0001900138595374301,0.00015624625666532665,-0.00036904471926391125,0.00021279844804666936,0.0009159985929727554,-0.0003867016639560461,-0.0005292968708090484,-0.0003246097476221621,-0.00021910815848968923,0.0005437179352156818,-0.00018139311578124762,-0.00021173371351324022,0.0003931268583983183,-0.00011979578266618773,0.0001659855479374528,-4.618977618520148e-05,0.0003884264442604035,-0.0007722956361249089,0.0003838691918645054,-0.0002721089986152947,0.00013725378084927797,0.0001348552032141015,-0.00010862242197617888,-1.362329930998385e-05,0.00012224566307850182,0.0002001556713366881,0.0004805010976269841,-0.0006806568126194179],[-0.0005692651029676199,0.0015294334152713418,-0.0009601688361726701,-0.0008211137028411031,-0.00021622143685817719,0.001037335256114602,-0.00034099954064004123,0.0009513422846794128,-0.0006103416089899838,0.0012355073122307658,0.0013079132186248899,-0.0025434200651943684,-0.0003414314705878496,0.0006136959418654442,-0.0002722645876929164,0.00434699933975935,0.0020056269131600857,-0.00535262655466795,0.0009009315981529653,0.0016388066578656435,-0.002539738081395626,0.000339691701810807,0.002209726721048355,-0.002549418481066823,-0.0001445083471480757,0.0019172665197402239,-0.0017727580852806568,0.0006795644294470549,0.0012077223509550095,-0.0018872867804020643,0.00038691877853125334,0.0003214723546989262,-0.0007083911332301795,8.461502147838473e-06,0.0004649483598768711,-0.00047340994933620095,0.001035001827403903,0.00027527095517143607,-0.001310272840783,0.0025063578505069017,-0.0010646949522197247,-0.001441662898287177,-4.7336336137959734e-05,0.0006132550770416856,-0.0005659187445417047,0.00030824606074020267,0.0015517231076955795,-0.001859969226643443,0.0004099196521565318,-0.000678021227940917,0.0002681017213035375,0.0004035979800391942,0.0007352845859713852,-0.001138882478699088,-1.69399609148968e-05,-0.00032778430613689125,0.00034472427796572447,-0.0001822142512537539,0.0005316008464433253,-0.0003493867116048932,-0.00031214364571496844,-0.0008053950732573867,0.0011175386607646942,-0.0006118198507465422,-0.0007817185251042247,0.0013935384340584278,0.0007398352609016001,3.969779936596751e-05,-0.0007795331766828895,-0.0001437840546714142,-0.00043561196071095765,0.0005793960299342871,-1.8578910385258496e-05,-1.2371048796921968e-05,3.094997373409569e-05,-9.816558304009959e-05,-0.00088525126921013,0.0009834168013185263,0.00029514802736230195,-0.0007758816936984658,0.00048073360812850296,0.0002988933410961181,0.0003087898367084563,-0.000607683090493083],[-0.0018470807699486613,-0.0009600346675142646,0.002807117300108075,0.0020017989445477724,-0.0008550359052605927,-0.0011467639124020934,-0.0010131299495697021,-0.0003702249377965927,0.001383352791890502,-0.0014075370272621512,-0.0017535537481307983,0.0031610894948244095,0.00012273102765902877,7.387425284832716e-05,-0.0001966047566384077,-0.007052251137793064,-0.00535262655466795,0.013404876925051212,0.00019784833420999348,-0.00028790239593945444,9.005409083329141e-05,-0.0005276306183077395,-0.0014345420058816671,0.0019621725659817457,-0.0003823474398814142,-0.0016292422078549862,0.0020115897059440613,-0.0013705292949452996,-0.0009733282495290041,0.002343857893720269,0.000788480625487864,-0.0004609570896718651,-0.00032752350671216846,0.00040197375346906483,0.00010906347597483546,-0.0005110371857881546,-0.0010302797891199589,0.00025499286130070686,0.0007752866367809474,-0.0024225960951298475,0.0031051249243319035,-0.0006825285963714123,0.00084821751806885,-1.3718847185373306e-05,-0.0008344986708834767,-0.00038498389767482877,-0.0014349373523145914,0.001819921308197081,-0.000177704612724483,-0.0008463945123367012,0.0010240990668535233,-0.0005294376169331372,-0.0008173658861778677,0.0013468035031110048,0.0004378968442324549,-0.00028318699332885444,-0.00015470993821509182,2.5967805413529277e-05,-0.00016255603986792266,0.0001365882926620543,-0.0006038548890501261,0.0011920963879674673,-0.0005882416153326631,0.0009364297147840261,0.0010008264798671007,-0.0019372561946511269,-0.0005584422033280134,0.00017203576862812042,0.0003864065511152148,0.0002635795681271702,0.0002696265291888267,-0.0005332060973159969,-0.0003698474611155689,0.00078466662671417,-0.00041481919470243156,0.0003702744725160301,0.0007479972555302083,-0.0011182717280462384,-0.00018652534345164895,0.0007895051967352629,-0.0006029799114912748,-0.0004990495508536696,-0.0007892913417890668,0.0012883407762274146],[-0.0004407883097883314,0.0032073431648314,-0.0027665547095239162,0.0009343445999547839,8.464377606287599e-05,-0.0010189880849793553,-0.00041282048914581537,0.0017668543150648475,-0.001354034524410963,-0.0006781549309380352,-0.0011766627430915833,0.0018548183143138885,0.0004194552020635456,0.0003628492704592645,-0.0007823033956810832,-0.0010987799614667892,0.0009009315981529653,0.00019784833420999348,0.0013102068332955241,0.008598705753684044,-0.008908911608159542,0.00048755831085145473,0.00035651057260110974,-0.0008440689416602254,0.00036952365189790726,0.0005259152967482805,-0.0008954387158155441,-0.0001428083487553522,0.0010077161714434624,-0.000864907749928534,0.001503397012129426,0.0008578284760005772,-0.0023612254299223423,0.00030765478732064366,3.491778625175357e-05,-0.0003425725444685668,0.00011094598448835313,4.906686081085354e-05,-0.00016001281619537622,0.0034265993162989616,-0.0020491299219429493,-0.0013774702092632651,-0.0005040560499764979,0.0015247731935232878,-0.0010207172017544508,-0.00030231423443183303,-0.0009089633240364492,0.0012112775584682822,-0.00040125465602613986,-0.00020088304881937802,0.000602137646637857,9.614232112653553e-05,-0.0009105037897825241,0.0008143613813444972,6.015954204485752e-05,0.0004384779604151845,-0.0004986374988220632,0.0002517690882086754,0.0004988624714314938,-0.0007506315596401691,3.9448903407901525e-05,-0.0007099296781234443,0.0006704807165078819,-0.000738796079531312,-0.0001424023212166503,0.0008811983279883862,0.00046803581062704325,0.0010778512805700302,-0.0015458870911970735,0.00020356403547339141,0.0004613423952832818,-0.0006649064598605037,-3.880356962326914e-05,-0.00013527687406167388,0.0001740804873406887,-0.0003298244555480778,6.654935714323074e-05,0.00026327514206059277,0.0002862792171072215,0.000865384005010128,-0.00115166325122118,0.00014981310232542455,-0.00015417300164699554,4.359986633062363e-06],[-0.0011338518233969808,0.0010241982527077198,0.0001096537453122437,0.0005491757765412331,0.0026380838826298714,-0.0031872601248323917,-0.0015097735449671745,0.00061934714904055,0.0008904256392270327,-0.0005848190048709512,0.0027897635009139776,-0.0022049453109502792,-0.0003773771459236741,0.0012839854462072253,-0.0009066074853762984,-0.001350904582068324,0.0016388066578656435,-0.00028790239593945444,0.008598705753684044,0.0025050798431038857,-0.010103786364197731,-0.0009094480192288756,0.0007076940382830799,0.00020175380632281303,-0.0008118001860566437,0.002072036499157548,-0.001260236487723887,0.00052981375483796,0.002297841478139162,-0.0028276555240154266,0.0003816561074927449,0.002219993155449629,-0.002601649146527052,0.000826203846372664,0.0007135917549021542,-0.0015397954266518354,0.0010730429785326123,0.0026814243756234646,-0.003754467237740755,0.004083623178303242,0.0016110535943880677,-0.005694677587598562,-0.0013917942997068167,0.0006261062226258218,0.0007656880188733339,0.0008681181934662163,-0.0009959042072296143,0.00012778595555573702,-0.00013958860654383898,-0.0006758805247955024,0.0008154691313393414,0.0001708983618300408,-0.001464933156967163,0.0012940347660332918,-0.0005827096756547689,-0.00042347481939941645,0.0010061844950541854,0.0001372375845676288,8.793879533186555e-05,-0.0002251764526590705,0.0006301220273599029,-0.0010029530385509133,0.00037283109850250185,-0.00011628528591245413,9.073411638382822e-05,2.555121318437159e-05,-0.0001961619418580085,-0.0003697887877933681,0.0005659507587552071,2.8935635782545432e-05,-0.0003389545017853379,0.0003100188623648137,3.3571297535672784e-05,4.692092625191435e-05,-8.04922019597143e-05,7.135470514185727e-05,0.0007667762110941112,-0.0008381309453397989,1.7476952052675188e-05,0.0003314164641778916,-0.00034889340167865157,7.471005665138364e-05,0.00011046131839975715,-0.00018517137505114079],[0.0015746398130431771,-0.004231541883200407,0.002656901255249977,-0.001483520376496017,-0.00272272783331573,0.004206248093396425,0.001922593917697668,-0.00238620163872838,0.0004636088851839304,0.0012629739940166473,-0.0016131006414070725,0.00035012656007893384,-4.207809979561716e-05,-0.001646834658458829,0.0016889107646420598,0.0024496845435351133,-0.002539738081395626,9.005409083329141e-05,-0.008908911608159542,-0.010103786364197731,0.02001270093023777,0.00042188874795101583,-0.001064205076545477,0.0006423162994906306,0.00044227560283616185,-0.002597952261567116,0.002155676484107971,-0.0003870060318149626,-0.003305557882413268,0.00369256385602057,-0.0018850548658519983,-0.0030778232030570507,0.004962877370417118,-0.0011338589247316122,-0.0007485101814381778,0.0018823688151314855,-0.0011839898070320487,-0.00273049040697515,0.003914480097591877,-0.007510223891586065,0.00043807830661535263,0.007072146981954575,0.00189585005864501,-0.002150879008695483,0.0002550292992964387,-0.0005658033769577742,0.0019048667745664716,-0.0013390633976086974,0.0005408430006355047,0.00087676418479532,-0.001417607069015503,-0.00026704053743742406,0.002375437179580331,-0.0021083964966237545,0.0005225499626249075,-1.5003664884716272e-05,-0.0005075462395325303,-0.00038900654180906713,-0.0005868020234629512,0.0009758085361681879,-0.0006695710471831262,0.0017128821928054094,-0.0010433112038299441,0.0008550811326131225,5.166808841750026e-05,-0.0009067492792382836,-0.0002718741015996784,-0.0007080619689077139,0.0009799362160265446,-0.00023249961668625474,-0.000122387136798352,0.00035488675348460674,5.232403054833412e-06,8.835626067593694e-05,-9.358860552310944e-05,0.0002584699250292033,-0.0008333256701007485,0.0005748557741753757,-0.00030375548521988094,-0.0011968001490458846,0.0015005555469542742,-0.00022452308621723205,4.3711159378290176e-05,0.00018081191228702664],[0.00022490654373541474,-0.0018131346441805363,0.0015882269944995642,0.0009162094793282449,-5.845064151799306e-05,-0.0008577592088840902,-0.0010448513785377145,-9.834003867581487e-05,0.001143191708251834,0.0016916338354349136,0.0008270696271210909,-0.002518703229725361,0.0007340440060943365,-0.0005296177114360034,-0.0002044261054834351,0.0001879389601526782,0.000339691701810807,-0.0005276306183077395,0.00048