{"epoch":0,"H":[[0.009423807263374329,-0.00842380616813898,0.012406546622514725,-0.0124065475538373,0.008101154118776321,-0.008101153187453747,0.003975569270551205,-0.003975569270551205,0.0011649070074781775,-0.0011649063089862466,0.0004308762145228684,-0.0004308762727305293,0.004253398161381483,-0.004253397695720196,0.007331608794629574,-0.007331608794629574,0.004322119522839785,-0.004322119522839785,0.003823269158601761,-0.003823268925771117,-8.352531585842371e-05,8.352479198947549e-05,0.004456778522580862,-0.004456778988242149,-0.0037298407405614853,0.0037298412062227726,-0.002248734002932906,0.00224873423576355,-0.0006683461251668632,0.0006683461251668632,8.28858173917979e-05,-8.288549724966288e-05,-0.00029103748966008425,0.0002910376060754061,-0.001632197992876172,0.001632197992876172,0.0029544567223638296,-0.002954456489533186,-0.0004275852406863123,0.0004275851824786514,0.00043481949251145124,-0.0004348194634076208,0.000401857600081712,-0.000401857600081712,0.002204708755016327,-0.002204708755016327,-0.00048710554256103933,0.00048710560076870024,-0.0006078982842154801,0.000607898342423141,0.0014793036971241236,-0.0014793036971241236,0.0013576357159763575,-0.0013576357159763575,0.0006336462683975697,-0.0006336462683975697],[-0.00842380616813898,0.009423807263374329,-0.012406546622514725,0.0124065475538373,-0.008101154118776321,0.008101153187453747,-0.003975569270551205,0.003975569270551205,-0.0011649070074781775,0.0011649063089862466,-0.0004308762145228684,0.0004308762727305293,-0.004253398161381483,0.004253397695720196,-0.007331608794629574,0.007331608794629574,-0.004322119522839785,0.004322119522839785,-0.003823269158601761,0.003823268925771117,8.352531585842371e-05,-8.352479198947549e-05,-0.004456778522580862,0.004456778988242149,0.0037298407405614853,-0.0037298412062227726,0.002248734002932906,-0.00224873423576355,0.0006683461251668632,-0.0006683461251668632,-8.28858173917979e-05,8.288549724966288e-05,0.00029103748966008425,-0.0002910376060754061,0.001632197992876172,-0.001632197992876172,-0.0029544567223638296,0.002954456489533186,0.0004275852406863123,-0.0004275851824786514,-0.00043481949251145124,0.0004348194634076208,-0.000401857600081712,0.000401857600081712,-0.002204708755016327,0.002204708755016327,0.00048710554256103933,-0.00048710560076870024,0.0006078982842154801,-0.000607898342423141,-0.0014793036971241236,0.0014793036971241236,-0.0013576357159763575,0.0013576357159763575,-0.0006336462683975697,0.0006336462683975697],[0.012406546622514725,-0.012406546622514725,0.014448634348809719,-0.01344863511621952,0.004288123454898596,-0.0042881229892373085,0.008950350806117058,-0.008950350806117058,0.0053665596060454845,-0.00536655867472291,0.0005242711049504578,-0.0005242709303274751,0.010190114378929138,-0.010190114378929138,-0.004731711000204086,0.004731711465865374,-0.00023191957734525204,0.00023191957734525204,0.002254049526527524,-0.0022540497593581676,-0.0010318253189325333,0.0010318252025172114,0.01148176845163107,-0.01148176845163107,0.00951390527188778,-0.009513904340565205,0.007734537124633789,-0.007734537590295076,-0.001544472062960267,0.0015444719465449452,0.001501412596553564,-0.001501412596553564,-0.0005851057358086109,0.0005851060850545764,0.0009316985961049795,-0.0009316985961049795,0.008188102394342422,-0.008188102394342422,-0.00024133670376613736,0.00024133663100656122,0.0011068955063819885,-0.0011068955063819885,0.0042031304910779,-0.0042031304910779,0.004177621100097895,-0.004177621100097895,0.0001452724391128868,-0.0001452719880035147,0.0006786868907511234,-0.0006786868907511234,0.004853502381592989,-0.004853502381592989,0.0021134191192686558,-0.0021134191192686558,0.003622697666287422,-0.003622697666287422],[-0.0124065475538373,0.0124065475538373,-0.01344863511621952,0.014448634348809719,-0.0042881229892373085,0.004288123454898596,-0.008950352668762207,0.008950351737439632,-0.0053665596060454845,0.00536655867472291,-0.0005242710467427969,0.0005242705810815096,-0.010190114378929138,0.010190113447606564,0.004731710068881512,-0.004731710068881512,0.00023191934451460838,-0.00023191934451460838,-0.0022540499921888113,0.002254050225019455,0.0010318262502551079,-0.001031826133839786,-0.011481769382953644,0.011481769382953644,-0.009513904340565205,0.009513904340565205,-0.007734537124633789,0.007734538055956364,0.001544471480883658,-0.0015444715972989798,-0.0015014118980616331,0.0015014118980616331,0.0005851062014698982,-0.0005851062014698982,-0.0009316984796896577,0.0009316985378973186,-0.008188101463019848,0.008188101463019848,0.00024133680562954396,-0.00024133652914315462,-0.0011068952735513449,0.0011068952735513449,-0.0042031304910779,0.0042031304910779,-0.004177620634436607,0.00417762016877532,-0.00014527267194353044,0.0001452727592550218,-0.0006786871235817671,0.0006786870653741062,-0.004853501915931702,0.004853501915931702,-0.002113418187946081,0.002113418187946081,-0.0036226967349648476,0.003622696502134204],[0.008101154118776321,-0.008101154118776321,0.004288123454898596,-0.0042881229892373085,0.012868435122072697,-0.011868435889482498,0.0035141122061759233,-0.0035141119733452797,0.0059859491884708405,-0.0059859491884708405,-1.5540135791525245e-05,1.5539495507255197e-05,0.008000042289495468,-0.008000042289495468,0.005775196012109518,-0.005775196477770805,0.007170333061367273,-0.007170332130044699,0.003824357409030199,-0.003824357409030199,-1.5241472283378243e-05,1.5241355868056417e-05,0.0008228946244344115,-0.0008228947408497334,-5.338332266546786e-05,5.338346818462014e-05,-0.0020488363225013018,0.0020488363225013018,-5.725363735109568e-06,5.725247319787741e-06,0.002246574964374304,-0.002246574964374304,-4.343767068348825e-05,4.3437612475827336e-05,0.00010202371049672365,-0.00010202373960055411,0.00303109223023057,-0.003031091997399926,-6.390387716237456e-05,6.390376074705273e-05,0.0010047859977930784,-0.0010047859977930784,0.001107238931581378,-0.001107238931581378,0.002135924529284239,-0.002135924529284239,-0.0002881527179852128,0.0002881528052967042,-1.6320102076861076e-05,1.632017119845841e-05,0.0005671554245054722,-0.0005671554245054722,0.002050333423539996,-0.002050333423539996,0.001720239408314228,-0.001720239408314228],[-0.008101153187453747,0.008101153187453747,-0.0042881229892373085,0.004288123454898596,-0.011868435889482498,0.012868435122072697,-0.0035141119733452797,0.0035141119733452797,-0.005985948257148266,0.005985948257148266,1.5539320884272456e-05,-1.553955371491611e-05,-0.008000043220818043,0.008000043220818043,-0.0057751950807869434,0.0057751950807869434,-0.007170331664383411,0.007170332130044699,-0.00382435810752213,0.00382435810752213,1.5241093933582306e-05,-1.5241123037412763e-05,-0.0008228941587731242,0.0008228940423578024,5.338384653441608e-05,-5.338413757272065e-05,0.0020488358568400145,-0.0020488358568400145,5.7257129810750484e-06,-5.7257129810750484e-06,-0.002246574964374304,0.002246574964374304,4.343767068348825e-05,-4.343778709881008e-05,-0.00010202395787928253,0.00010202392877545208,-0.00303109223023057,0.0030310917645692825,6.390396447386593e-05,-6.390381895471364e-05,-0.0010047859977930784,0.0010047859977930784,-0.0011072388151660562,0.0011072388151660562,-0.002135924529284239,0.002135924529284239,0.0002881528635043651,-0.0002881528635043651,1.632025850994978e-05,-1.6320313079631887e-05,-0.0005671550752595067,0.0005671550752595067,-0.002050332957878709,0.002050332957878709,-0.0017202390590682626,0.0017202390590682626],[0.003975569270551205,-0.003975569270551205,0.008950350806117058,-0.008950352668762207,0.0035141122061759233,-0.0035141119733452797,0.014033988118171692,-0.013033991679549217,0.0031037856824696064,-0.00310378591530025,-0.0007788185030221939,0.0007788183866068721,0.0037195668555796146,-0.003719567321240902,0.0015545188216492534,-0.0015545187052339315,0.0015500019071623683,-0.0015500017907470465,0.003757620230317116,-0.003757620230317116,-0.0011457809014245868,0.0011457809014245868,0.0013383394107222557,-0.0013383394107222557,0.0038833152502775192,-0.0038833143189549446,0.0010535246692597866,-0.0010535249020904303,0.00014137147809378803,-0.0001413715217495337,-0.0008244305499829352,0.0008244304917752743,0.00010856965673156083,-0.00010856965673156083,-0.00018132213153876364,0.00018132213153876364,0.0005469024763442576,-0.0005469024763442576,9.719727677293122e-05,-9.719727677293122e-05,0.0007434121798723936,-0.0007434121216647327,-0.0006796530215069652,0.000679653137922287,-0.001766607747413218,0.001766607747413218,9.952188702300191e-05,-9.9521828815341e-05,0.00031022552866488695,-0.0003102255577687174,0.00027311165467835963,-0.00027311162557452917,3.786361776292324e-05,-3.786361776292324e-05,0.00022047758102416992,-0.00022047763923183084],[-0.003975569270551205,0.003975569270551205,-0.008950350806117058,0.008950351737439632,-0.0035141119733452797,0.0035141119733452797,-0.013033991679549217,0.01403399184346199,-0.0031037849839776754,0.003103785216808319,0.0007788183866068721,-0.0007788176881149411,-0.0037195668555796146,0.0037195670884102583,-0.0015545184724032879,0.0015545184724032879,-0.0015500026056542993,0.001550002838484943,-0.0037576204631477594,0.0037576209288090467,0.0011457809014245868,-0.001145780785009265,-0.0013383388286456466,0.0013383387122303247,-0.003883314784616232,0.0038833143189549446,-0.001053523737937212,0.0010535242035984993,-0.00014137144898995757,0.00014137143443804234,0.0008244310156442225,-0.0008244312484748662,-0.00010856977314688265,0.00010856971493922174,0.0001813224225770682,-0.00018132240802515298,-0.0005469022435136139,0.0005469023017212749,-9.719726222101599e-05,9.719717490952462e-05,-0.0007434121798723936,0.0007434121798723936,0.0006796534871682525,-0.0006796534871682525,0.0017666079802438617,-0.0017666079802438617,-9.952179971151054e-05,9.952179971151054e-05,-0.0003102254995610565,0.00031022547045722604,-0.0002731113345362246,0.0002731112763285637,-3.786355955526233e-05,3.786355955526233e-05,-0.0002204774646088481,0.0002204774646088481],[0.0011649070074781775,-0.0011649070074781775,0.0053665596060454845,-0.0053665596060454845,0.0059859491884708405,-0.005985948257148266,0.0031037856824696064,-0.0031037849839776754,0.012742998078465462,-0.011742999777197838,0.0007158115040510893,-0.0007158118532970548,0.00372856087051332,-0.00372856087051332,0.009428152814507484,-0.009428152814507484,0.0024640129413455725,-0.0024640129413455725,0.002687612781301141,-0.002687612781301141,0.00042976741679012775,-0.0004297675914131105,-0.0007063466473482549,0.0007063467055559158,-0.004361196421086788,0.0043611968867480755,0.0008439865778200328,-0.0008439868106506765,0.0008019708911888301,-0.0008019707165658474,0.000980454497039318,-0.0009804543806239963,0.00041536299977451563,-0.0004153627378400415,-0.00042731338180601597,0.0004273134400136769,0.0011858099605888128,-0.001185809844173491,0.00012719382357317954,-0.00012719380902126431,0.0008515004301443696,-0.0008515003137290478,-6.392629438778386e-05,6.392628711182624e-05,0.0003145685768686235,-0.0003145685768686235,8.84606852196157e-05,-8.846069977153093e-05,-0.00032139362883754075,0.0003213935415260494,0.0006407441687770188,-0.0006407441687770188,-0.000492157822009176,0.0004921578802168369,-0.000437935785157606,0.000437935785157606],[-0.0011649063089862466,0.0011649063089862466,-0.00536655867472291,0.00536655867472291,-0.0059859491884708405,0.005985948257148266,-0.00310378591530025,0.003103785216808319,-0.011742999777197838,0.012742998078465462,-0.0007158115040510893,0.0007158118532970548,-0.00372856087051332,0.00372856087051332,-0.009428152814507484,0.009428152814507484,-0.0024640129413455725,0.0024640129413455725,-0.002687612781301141,0.002687612781301141,-0.00042976741679012775,0.0004297675914131105,0.0007063466473482549,-0.0007063467055559158,0.004361196421086788,-0.0043611968867480755,-0.0008439865778200328,0.0008439868106506765,-0.0008019708911888301,0.0008019707165658474,-0.000980454497039318,0.0009804543806239963,-0.00041536299977451563,0.0004153627378400415,0.00042731338180601597,-0.0004273134400136769,-0.0011858099605888128,0.001185809844173491,-0.00012719382357317954,0.00012719380902126431,-0.0008515004301443696,0.0008515003137290478,6.392629438778386e-05,-6.392628711182624e-05,-0.0003145685768686235,0.0003145685768686235,-8.84606852196157e-05,8.846069977153093e-05,0.00032139362883754075,-0.0003213935415260494,-0.0006407441687770188,0.0006407441687770188,0.000492157822009176,-0.0004921578802168369,0.000437935785157606,-0.000437935785157606],[0.0004308762145228684,-0.0004308762145228684,0.0005242711049504578,-0.0005242710467427969,-1.5540135791525245e-05,1.5539320884272456e-05,-0.0007788185030221939,0.0007788183866068721,0.0007158115040510893,-0.0007158115040510893,0.0054349759593605995,-0.004434976726770401,-0.0019261641427874565,0.0019261641427874565,0.001890660496428609,-0.0018906606128439307,0.0018151979893445969,-0.0018151982221752405,-0.0014721790794283152,0.0014721790794283152,0.0014453274197876453,-0.0014453273033723235,-0.0013307698536664248,0.0013307700864970684,-0.0008676436846144497,0.0008676437428221107,0.001178537611849606,-0.0011785374954342842,0.000979789299890399,-0.000979789299890399,0.00152313313446939,-0.00152313313446939,0.0007916945032775402,-0.0007916945032775402,0.001311363885179162,-0.0013113640015944839,0.000722150900401175,-0.000722150900401175,0.0006379323313012719,-0.0006379323313012719,0.0009126105578616261,-0.0009126105578616261,0.00040762772550806403,-0.00040762778371572495,0.0013854432618245482,-0.0013854432618245482,0.0005992442602291703,-0.0005992442602291703,0.0007417412707582116,-0.0007417411543428898,0.00035285906051285565,-0.00035285906051285565,-9.067647624760866e-06,9.067589417099953e-06,0.00010778631258290261,-0.00010778634168673307],[-0.0004308762727305293,0.0004308762727305293,-0.0005242709303274751,0.0005242705810815096,1.5539495507255197e-05,-1.553955371491611e-05,0.0007788183866068721,-0.0007788176881149411,-0.0007158118532970548,0.0007158118532970548,-0.004434976726770401,0.005434975493699312,0.0019261641427874565,-0.0019261641427874565,-0.001890660496428609,0.0018906606128439307,-0.0018151979893445969,0.0018151982221752405,0.0014721790794283152,-0.0014721790794283152,-0.0014453274197876453,0.0014453273033723235,0.0013307698536664248,-0.0013307700864970684,0.0008676436846144497,-0.0008676437428221107,-0.001178537611849606,0.0011785374954342842,-0.000979789299890399,0.000979789299890399,-0.00152313313446939,0.00152313313446939,-0.0007916945032775402,0.0007916945032775402,-0.001311363885179162,0.0013113640015944839,-0.000722150900401175,0.000722150900401175,-0.0006379323313012719,0.0006379323313012719,-0.0009126105578616261,0.0009126105578616261,-0.00040762772550806403,0.00040762778371572495,-0.0013854432618245482,0.0013854432618245482,-0.0005992442602291703,0.0005992442602291703,-0.0007417412707582116,0.0007417411543428898,-0.00035285906051285565,0.00035285906051285565,9.067647624760866e-06,-9.067589417099953e-06,-0.00010778631258290261,0.00010778634168673307],[0.004253398161381483,-0.004253398161381483,0.010190114378929138,-0.010190114378929138,0.008000042289495468,-0.008000043220818043,0.0037195668555796146,-0.0037195668555796146,0.00372856087051332,-0.00372856087051332,-0.0019261641427874565,0.0019261641427874565,0.016521913930773735,-0.015521911904215813,0.00598399993032217,-0.00598399993032217,0.001336697954684496,-0.001336697838269174,0.002992577850818634,-0.0029925780836492777,-0.0015815059887245297,0.0015815052902325988,0.001994483405724168,-0.0019944836385548115,-0.0010767584899440408,0.0010767582571133971,0.0007170652970671654,-0.0007170651806518435,0.0004032427677884698,-0.0004032428259961307,0.002033534226939082,-0.002033534226939082,0.00029443835956044495,-0.0002944382722489536,0.0010866456432268023,-0.0010866457596421242,0.0022074966691434383,-0.0022074966691434383,0.00011722183262463659,-0.00011722184717655182,0.0006685440894216299,-0.0006685439730063081,0.00042055401718243957,-0.00042055401718243957,-0.00047389091923832893,0.00047389097744598985,5.247535591479391e-05,-5.247532681096345e-05,0.0008183962199836969,-0.0008183962199836969,0.0005117629771120846,-0.0005117629771120846,0.0004896023310720921,-0.0004896022728644311,0.0009475879487581551,-0.0009475879487581551],[-0.004253397695720196,0.004253397695720196,-0.010190114378929138,0.010190113447606564,-0.008000042289495468,0.008000043220818043,-0.003719567321240902,0.0037195670884102583,-0.00372856087051332,0.00372856087051332,0.0019261641427874565,-0.0019261641427874565,-0.015521911904215813,0.016521910205483437,-0.00598399993032217,0.00598399993032217,-0.001336697838269174,0.0013366977218538523,-0.0029925783164799213,0.0029925780836492777,0.0015815054066479206,-0.0015815056394785643,-0.001994483405724168,0.001994483871385455,0.0010767581406980753,-0.0010767580242827535,-0.0007170658209361136,0.0007170657045207918,-0.0004032424185425043,0.000403242273023352,-0.002033534226939082,0.002033534226939082,-0.0002944382431451231,0.00029443821404129267,-0.0010866455268114805,0.0010866456432268023,-0.0022074966691434383,0.0022074966691434383,-0.00011722164344973862,0.00011722167255356908,-0.0006685440894216299,0.000668544031213969,-0.0004205538716632873,0.0004205538716632873,0.0004738911520689726,-0.0004738911520689726,-5.2475210395641625e-05,5.247515218798071e-05,-0.0008183962781913579,0.0008183963363990188,-0.0005117631517350674,0.0005117631517350674,-0.0004896022146567702,0.0004896021564491093,-0.0009475877741351724,0.0009475877741351724],[0.007331608794629574,-0.007331608794629574,-0.004731711000204086,0.004731710068881512,0.005775196012109518,-0.0057751950807869434,0.0015545188216492534,-0.0015545184724032879,0.009428152814507484,-0.009428152814507484,0.001890660496428609,-0.001890660496428609,0.00598399993032217,-0.00598399993032217,0.01988162472844124,-0.018881622701883316,0.006543968338519335,-0.006543968338519335,0.0031509175896644592,-0.0031509180553257465,0.0011235408019274473,-0.00112354033626616,0.0018953620456159115,-0.0018953620456159115,-0.0006306713912636042,0.0006306713330559433,0.003009650856256485,-0.0030096513219177723,0.0027406690642237663,-0.0027406690642237663,0.0025637748185545206,-0.0025637748185545206,0.0016412236727774143,-0.0016412236727774143,0.0014624304603785276,-0.0014624304603785276,0.003086082637310028,-0.003086082637310028,0.0011378336930647492,-0.0011378336930647492,0.0012044000905007124,-0.0012044002069160342,0.0016399420564994216,-0.0016399419400840998,0.0011701794574037194,-0.0011701794574037194,0.0008482045959681273,-0.0008482045959681273,0.0012166425585746765,-0.0012166424421593547,0.00224819453433156,-0.002248194767162204,0.0009363722056150436,-0.0009363721474073827,0.001999638509005308,-0.001999638509005308],[-0.007331608794629574,0.007331608794629574,0.004731711465865374,-0.004731710068881512,-0.005775196477770805,0.0057751950807869434,-0.0015545187052339315,0.0015545184724032879,-0.009428152814507484,0.009428152814507484,-0.0018906606128439307,0.0018906606128439307,-0.00598399993032217,0.00598399993032217,-0.018881622701883316,0.01988162472844124,-0.006543966941535473,0.006543966941535473,-0.0031509175896644592,0.0031509175896644592,-0.0011235408019274473,0.0011235408019274473,-0.0018953614635393023,0.001895361696369946,0.000630671507678926,-0.0006306717987172306,-0.0030096513219177723,0.0030096513219177723,-0.0027406695298850536,0.00274066929705441,-0.002563774585723877,0.002563774585723877,-0.0016412241384387016,0.0016412241384387016,-0.0014624305767938495,0.0014624305767938495,-0.003086082637310028,0.003086082637310028,-0.001137833809480071,0.001137833925895393,-0.001204400323331356,0.0012044002069160342,-0.001639942405745387,0.001639942405745387,-0.0011701793409883976,0.0011701793409883976,-0.0008482047123834491,0.0008482047123834491,-0.0012166425585746765,0.0012166425585746765,-0.002248194767162204,0.002248194767162204,-0.00093637261306867,0.0009363725548610091,-0.001999638043344021,0.001999638043344021],[0.004322119522839785,-0.004322119522839785,-0.00023191957734525204,0.00023191934451460838,0.007170333061367273,-0.007170331664383411,0.0015500019071623683,-0.0015500026056542993,0.0024640129413455725,-0.0024640129413455725,0.0018151979893445969,-0.0018151979893445969,0.001336697954684496,-0.001336697838269174,0.006543968338519335,-0.006543966941535473,0.010017696768045425,-0.009017697535455227,0.0027396325021982193,-0.0027396325021982193,0.0010976733174175024,-0.001097673550248146,0.001852341229096055,-0.0018523411126807332,0.0001423191133653745,-0.00014231904060579836,-0.0008479426614940166,0.000847942428663373,-0.0005120349233038723,0.0005120349233038723,0.0006398616242222488,-0.0006398616824299097,-0.00033141300082206726,0.00033141300082206726,0.0008817408233880997,-0.0008817408233880997,0.0009650851134210825,-0.0009650850552134216,-0.0005200584419071674,0.0005200584419071674,0.00012917046842630953,-0.00012917049753013998,0.0003018767456524074,-0.0003018767456524074,0.0002226700889877975,-0.00022267010353971273,-0.00034534087171778083,0.000345340755302459,0.0005277309101074934,-0.0005277309101074934,0.0006349110044538975,-0.0006349110044538975,-0.0009302009711973369,0.0009302010294049978,-0.00014719362661708146,0.00014719358296133578],[-0.004322119522839785,0.004322119522839785,0.00023191957734525204,-0.00023191934451460838,-0.007170332130044699,0.007170332130044699,-0.0015500017907470465,0.001550002838484943,-0.0024640129413455725,0.0024640129413455725,-0.0018151982221752405,0.0018151982221752405,-0.001336697838269174,0.0013366977218538523,-0.006543968338519335,0.006543966941535473,-0.009017697535455227,0.010017696768045425,-0.0027396325021982193,0.0027396325021982193,-0.0010976733174175024,0.001097673550248146,-0.001852341229096055,0.0018523411126807332,-0.0001423191133653745,0.00014231904060579836,0.0008479426614940166,-0.000847942428663373,0.0005120349233038723,-0.0005120349233038723,-0.0006398616242222488,0.0006398616824299097,0.00033141300082206726,-0.00033141300082206726,-0.0008817408233880997,0.0008817408233880997,-0.0009650851134210825,0.0009650850552134216,0.0005200584419071674,-0.0005200584419071674,-0.00012917046842630953,0.00012917049753013998,-0.0003018767456524074,0.0003018767456524074,-0.0002226700889877975,0.00022267010353971273,0.00034534087171778083,-0.000345340755302459,-0.0005277309101074934,0.0005277309101074934,-0.0006349110044538975,0.0006349110044538975,0.0009302009711973369,-0.0009302010294049978,0.00014719362661708146,-0.00014719358296133578],[0.003823269158601761,-0.003823269158601761,0.002254049526527524,-0.0022540499921888113,0.003824357409030199,-0.00382435810752213,0.003757620230317116,-0.0037576204631477594,0.002687612781301141,-0.002687612781301141,-0.0014721790794283152,0.0014721790794283152,0.002992577850818634,-0.0029925783164799213,0.0031509175896644592,-0.0031509175896644592,0.0027396325021982193,-0.0027396325021982193,0.010367232374846935,-0.009367233142256737,-0.0010933117009699345,0.0010933115845546126,0.001435819431208074,-0.0014358191983774304,-0.003946418408304453,0.003946417942643166,-0.0010713606607168913,0.0010713606607168913,0.0018009340856224298,-0.001800933969207108,0.002097672550007701,-0.002097672550007701,0.0006920598680153489,-0.0006920598680153489,9.749518358148634e-05,-9.749541641213e-05,-0.00034273811616003513,0.0003427379997447133,0.0007452939171344042,-0.0007452936843037605,0.0026265231426805258,-0.0026265233755111694,0.0011477788211777806,-0.0011477788211777806,0.0023505697026848793,-0.0023505697026848793,0.0005525019951164722,-0.0005525021115317941,0.00014444609405472875,-0.00014444578846450895,0.0004488775448407978,-0.0004488775157369673,-0.0006335537182167172,0.0006335537182167172,-0.0004957534256391227,0.0004957533674314618],[-0.003823268925771117,0.003823268925771117,-0.0022540497593581676,0.002254050225019455,-0.003824357409030199,0.00382435810752213,-0.003757620230317116,0.0037576209288090467,-0.002687612781301141,0.002687612781301141,0.0014721790794283152,-0.0014721790794283152,-0.0029925780836492777,0.0029925780836492777,-0.0031509180553257465,0.0031509175896644592,-0.0027396325021982193,0.0027396325021982193,-0.009367233142256737,0.010367234237492085,0.0010933117009699345,-0.0010933117009699345,-0.001435819547623396,0.001435819431208074,0.003946418408304453,-0.003946417942643166,0.0010713604278862476,-0.0010713603114709258,-0.0018009342020377517,0.0018009342020377517,-0.002097673248499632,0.002097673248499632,-0.0006920595769770443,0.0006920597516000271,-9.749541641213e-05,9.749529999680817e-05,0.00034273811616003513,-0.00034273811616003513,-0.0007452939171344042,0.0007452938589267433,-0.0026265233755111694,0.0026265233755111694,-0.0011477790540084243,0.0011477791704237461,-0.002350569935515523,0.0023505701683461666,-0.0005525015876628458,0.0005525018787011504,-0.00014444607950281352,0.0001444456574972719,-0.00044887742842547596,0.00044887731201015413,0.0006335533689707518,-0.0006335533689707518,0.0004957533674314618,-0.0004957533092238009],[-8.352531585842371e-05,8.352531585842371e-05,-0.0010318253189325333,0.0010318262502551079,-1.5241472283378243e-05,1.5241093933582306e-05,-0.0011457809014245868,0.0011457809014245868,0.00042976741679012775,-0.00042976741679012775,0.0014453274197876453,-0.0014453274197876453,-0.0015815059887245297,0.0015815054066479206,0.0011235408019274473,-0.0011235408019274473,0.0010976733174175024,-0.0010976733174175024,-0.0010933117009699345,0.0010933117009699345,0.002631212817505002,-0.0016312126535922289,-0.00040716331568546593,0.00040716331568546593,-0.0010394264245405793,0.0010394263081252575,0.00015290497685782611,-0.00015290497685782611,0.00043018287396989763,-0.00043018287396989763,0.0004680786223616451,-0.00046807870967313647,0.0002162525779567659,-0.00021625269437208772,0.0001939826615853235,-0.0001939826615853235,-0.0004133930488023907,0.0004133929905947298,0.000420725264120847,-0.00042072523501701653,0.0010080625070258975,-0.0010080625070258975,-0.00041357765439897776,0.00041357765439897776,0.0008176686242222786,-0.0008176686242222786,0.00030078101553954184,-0.0003007811028510332,0.00027509647770784795,-0.0002750964486040175,0.00010528528946451843,-0.00010528531856834888,0.00032425677636638284,-0.0003242567472625524,0.0003049359074793756,-0.0003049359074793756],[8.352479198947549e-05,-8.352479198947549e-05,0.0010318252025172114,-0.001031826133839786,1.5241355868056417e-05,-1.5241123037412763e-05,0.0011457809014245868,-0.001145780785009265,-0.0004297675914131105,0.0004297675914131105,-0.0014453273033723235,0.0014453273033723235,0.0015815052902325988,-0.0015815056394785643,-0.00112354033626616,0.0011235408019274473,-0.001097673550248146,0.001097673550248146,0.0010933115845546126,-0.0010933117009699345,-0.0016312126535922289,0.002631212119013071,0.00040716331568546593,-0.00040716331568546593,0.0010394264245405793,-0.0010394263081252575,-0.00015290497685782611,0.00015290497685782611,-0.00043018287396989763,0.00043018287396989763,-0.0004680786223616451,0.00046807870967313647,-0.0002162525779567659,0.00021625269437208772,-0.0001939826615853235,0.0001939826615853235,0.0004133930488023907,-0.0004133929905947298,-0.000420725264120847,0.00042072523501701653,-0.0010080625070258975,0.0010080625070258975,0.00041357765439897776,-0.00041357765439897776,-0.0008176686242222786,0.0008176686242222786,-0.00030078101553954184,0.0003007811028510332,-0.00027509647770784795,0.0002750964486040175,-0.00010528528946451843,0.00010528531856834888,-0.00032425677636638284,0.0003242567472625524,-0.0003049359074793756,0.0003049359074793756],[0.004456778522580862,-0.004456778522580862,0.01148176845163107,-0.011481769382953644,0.0008228946244344115,-0.0008228941587731242,0.0013383394107222557,-0.0013383388286456466,-0.0007063466473482549,0.0007063466473482549,-0.0013307698536664248,0.0013307698536664248,0.001994483405724168,-0.001994483405724168,0.0018953620456159115,-0.0018953614635393023,0.001852341229096055,-0.001852341229096055,0.001435819431208074,-0.001435819547623396,-0.00040716331568546593,0.00040716331568546593,0.00551606435328722,-0.004516064655035734,0.0020568741019815207,-0.002056873869150877,-0.0005202861502766609,0.0005202862084843218,0.0011429899604991078,-0.001142989844083786,0.0014853022294119,-0.0014853023458272219,0.0005415221676230431,-0.000541522225830704,0.0006117392331361771,-0.0006117391749285161,0.0008559753187000751,-0.0008559753187000751,0.00047090993029996753,-0.0004709098720923066,0.0015033193631097674,-0.0015033193631097674,0.00018113607075065374,-0.00018113607075065374,2.791022416204214e-05,-2.791022416204214e-05,0.000626086606644094,-0.0006260866648517549,0.0004843620990868658,-0.00048436198267154396,0.000552506186068058,-0.000552506186068058,0.0006179965566843748,-0.0006179966148920357,0.0012233832385390997,-0.0012233832385390997],[-0.004456778988242149,0.004456778988242149,-0.01148176845163107,0.011481769382953644,-0.0008228947408497334,0.0008228940423578024,-0.0013383394107222557,0.0013383387122303247,0.0007063467055559158,-0.0007063467055559158,0.0013307700864970684,-0.0013307700864970684,-0.0019944836385548115,0.001994483871385455,-0.0018953620456159115,0.001895361696369946,-0.0018523411126807332,0.0018523411126807332,-0.0014358191983774304,0.001435819431208074,0.00040716331568546593,-0.00040716331568546593,-0.004516064655035734,0.00551606435328722,-0.0020568741019815207,0.002056873869150877,0.0005202861502766609,-0.0005202862084843218,-0.0011429899604991078,0.001142989844083786,-0.0014853022294119,0.0014853023458272219,-0.0005415221676230431,0.000541522225830704,-0.0006117392331361771,0.0006117391749285161,-0.0008559753187000751,0.0008559753187000751,-0.00047090993029996753,0.0004709098720923066,-0.0015033193631097674,0.0015033193631097674,-0.00018113607075065374,0.00018113607075065374,-2.791022416204214e-05,2.791022416204214e-05,-0.000626086606644094,0.0006260866648517549,-0.0004843620990868658,0.00048436198267154396,-0.000552506186068058,0.000552506186068058,-0.0006179965566843748,0.0006179966148920357,-0.0012233832385390997,0.0012233832385390997],[-0.0037298407405614853,0.0037298407405614853,0.00951390527188778,-0.009513904340565205,-5.338332266546786e-05,5.338384653441608e-05,0.0038833152502775192,-0.003883314784616232,-0.004361196421086788,0.004361196421086788,-0.0008676436846144497,0.0008676436846144497,-0.0010767584899440408,0.0010767581406980753,-0.0006306713912636042,0.000630671507678926,0.0001423191133653745,-0.0001423191133653745,-0.003946418408304453,0.003946418408304453,-0.0010394264245405793,0.0010394264245405793,0.0020568741019815207,-0.0020568741019815207,0.00508400984108448,-0.00408400921151042,0.0014143584994599223,-0.0014143586158752441,0.0003281761601101607,-0.00032817618921399117,0.0007473062723875046,-0.0007473062141798437,5.0129383453167975e-05,-5.012935434933752e-05,-0.0005383339594118297,0.0005383339594118297,-0.00085292017320171,0.00085292017320171,6.801127892686054e-05,-6.80112570989877e-05,-4.1909137507900596e-05,4.1909137507900596e-05,-0.0001039211347233504,0.00010392116382718086,5.515530938282609e-05,-5.515530938282609e-05,0.0002001319226110354,-0.00020013199537061155,-0.0003184701199643314,0.0003184702363796532,-0.0006242443923838437,0.0006242443923838437,-0.0009084651828743517,0.0009084651828743517,-0.0003077017317991704,0.00030770167359150946],[0.0037298412062227726,-0.0037298412062227726,-0.009513904340565205,0.009513904340565205,5.338346818462014e-05,-5.338413757272065e-05,-0.0038833143189549446,0.0038833143189549446,0.0043611968867480755,-0.0043611968867480755,0.0008676437428221107,-0.0008676437428221107,0.0010767582571133971,-0.0010767580242827535,0.0006306713330559433,-0.0006306717987172306,-0.00014231904060579836,0.00014231904060579836,0.003946417942643166,-0.003946417942643166,0.0010394263081252575,-0.0010394263081252575,-0.002056873869150877,0.002056873869150877,-0.00408400921151042,0.005084008909761906,-0.0014143583830446005,0.0014143586158752441,-0.0003281762183178216,0.0003281762183178216,-0.0007473058649338782,0.0007473058649338782,-5.012933979742229e-05,5.012933979742229e-05,0.0005383340176194906,-0.0005383340176194906,0.0008529201149940491,-0.0008529201149940491,-6.80112570989877e-05,6.801123527111486e-05,4.190916661173105e-05,-4.190916661173105e-05,0.00010392093099653721,-0.00010392096010036767,-5.515541124623269e-05,5.5155403970275074e-05,-0.00020013199537061155,0.00020013203902635723,0.0003184701781719923,-0.00031847029458731413,0.0006242442177608609,-0.0006242442177608609,0.0009084652410820127,-0.0009084651246666908,0.00030770196462981403,-0.0003077019064221531],[-0.002248734002932906,0.002248734002932906,0.007734537124633789,-0.007734537124633789,-0.0020488363225013018,0.0020488358568400145,0.0010535246692597866,-0.001053523737937212,0.0008439865778200328,-0.0008439865778200328,0.001178537611849606,-0.001178537611849606,0.0007170652970671654,-0.0007170658209361136,0.003009650856256485,-0.0030096513219177723,-0.0008479426614940166,0.0008479426614940166,-0.0010713606607168913,0.0010713604278862476,0.00015290497685782611,-0.00015290497685782611,-0.0005202861502766609,0.0005202861502766609,0.0014143584994599223,-0.0014143583830446005,0.007097944617271423,-0.006097942125052214,0.0004313869576435536,-0.0004313868994358927,-5.078071262687445e-05,5.078059621155262e-05,0.00013762059097643942,-0.0001376205764245242,0.0008053700439631939,-0.0008053700439631939,0.0015457386616617441,-0.001545738778077066,0.00018309487495571375,-0.0001830949040595442,0.0007941460935398936,-0.0007941460935398936,0.0009532812982797623,-0.0009532812982797623,0.0007181806722655892,-0.0007181806722655892,0.00016615148342680186,-0.0001661514543229714,0.000599161721765995,-0.0005991616635583341,0.00012754691124428064,-0.00012754691124428064,0.0009035266702994704,-0.0009035265538841486,0.0002836478524841368,-0.0002836478524841368],[0.00224873423576355,-0.00224873423576355,-0.007734537590295076,0.007734538055956364,0.0020488363225013018,-0.0020488358568400145,-0.0010535249020904303,0.0010535242035984993,-0.0008439868106506765,0.0008439868106506765,-0.0011785374954342842,0.0011785374954342842,-0.0007170651806518435,0.0007170657045207918,-0.0030096513219177723,0.0030096513219177723,0.000847942428663373,-0.000847942428663373,0.0010713606607168913,-0.0010713603114709258,-0.00015290497685782611,0.00015290497685782611,0.0005202862084843218,-0.0005202862084843218,-0.0014143586158752441,0.0014143586158752441,-0.006097942125052214,0.007097943220287561,-0.0004313872486818582,0.0004313872486818582,5.078106187283993e-05,-5.078077083453536e-05,-0.0001376205764245242,0.0001376205327687785,-0.0008053698693402112,0.0008053698693402112,-0.0015457388944923878,0.0015457388944923878,-0.00018309493316337466,0.00018309496226720512,-0.0007941459771245718,0.0007941459189169109,-0.000953281472902745,0.0009532815311104059,-0.0007181811379268765,0.0007181811379268765,-0.00016615142521914095,0.00016615141066722572,-0.0005991616053506732,0.0005991616053506732,-0.00012754698400385678,0.00012754696945194155,-0.0009035265538841486,0.0009035264956764877,-0.000283647736068815,0.0002836476778611541],[-0.0006683461251668632,0.0006683461251668632,-0.001544472062960267,0.001544471480883658,-5.725363735109568e-06,5.7257129810750484e-06,0.00014137147809378803,-0.00014137144898995757,0.0008019708911888301,-0.0008019708911888301,0.000979789299890399,-0.000979789299890399,0.0004032427677884698,-0.0004032424185425043,0.0027406690642237663,-0.0027406695298850536,-0.0005120349233038723,0.0005120349233038723,0.0018009340856224298,-0.0018009342020377517,0.00043018287396989763,-0.00043018287396989763,0.0011429899604991078,-0.0011429899604991078,0.0003281761601101607,-0.0003281762183178216,0.0004313869576435536,-0.0004313872486818582,0.0036770962178707123,-0.0026770946569740772,0.0031816435512155294,-0.0031816435512155294,0.0013420077739283442,-0.0013420077739283442,0.0013886283850297332,-0.0013886282686144114,-0.002128882799297571,0.002128882799297571,0.0010678090620785952,-0.0010678090620785952,0.0013598159421235323,-0.0013598159421235323,-0.0013505052775144577,0.0013505052775144577,0.00033215811708942056,-0.0003321580879855901,0.0008605057955719531,-0.0008605057955719531,0.0009248922578990459,-0.0009248921414837241,-0.0023540230467915535,0.0023540230467915535,0.0001674043305683881,-0.0001674043305683881,5.916617374168709e-05,-5.916617374168709e-05],[0.0006683461251668632,-0.0006683461251668632,0.0015444719465449452,-0.0015444715972989798,5.725247319787741e-06,-5.7257129810750484e-06,-0.0001413715217495337,0.00014137143443804234,-0.0008019707165658474,0.0008019707165658474,-0.000979789299890399,0.000979789299890399,-0.0004032428259961307,0.000403242273023352,-0.0027406690642237663,0.00274066929705441,0.0005120349233038723,-0.0005120349233038723,-0.001800933969207108,0.0018009342020377517,-0.00043018287396989763,0.00043018287396989763,-0.001142989844083786,0.001142989844083786,-0.00032817618921399117,0.0003281762183178216,-0.0004313868994358927,0.0004313872486818582,-0.0026770946569740772,0.0036770948208868504,-0.0031816435512155294,0.0031816435512155294,-0.0013420077739283442,0.0013420077739283442,-0.0013886283850297332,0.0013886282686144114,0.002128882799297571,-0.002128882799297571,-0.0010678090620785952,0.0010678090620785952,-0.0013598159421235323,0.0013598159421235323,0.0013505052775144577,-0.0013505052775144577,-0.00033215811708942056,0.0003321580879855901,-0.0008605057955719531,0.0008605057955719531,-0.0009248922578990459,0.0009248921414837241,0.0023540230467915535,-0.0023540230467915535,-0.0001674043305683881,0.0001674043305683881,-5.916617374168709e-05,5.916617374168709e-05],[8.28858173917979e-05,-8.28858173917979e-05,0.001501412596553564,-0.0015014118980616331,0.002246574964374304,-0.002246574964374304,-0.0008244305499829352,0.0008244310156442225,0.000980454497039318,-0.000980454497039318,0.00152313313446939,-0.00152313313446939,0.002033534226939082,-0.002033534226939082,0.0025637748185545206,-0.002563774585723877,0.0006398616242222488,-0.0006398616242222488,0.002097672550007701,-0.002097673248499632,0.0004680786223616451,-0.0004680786223616451,0.0014853022294119,-0.0014853022294119,0.0007473062723875046,-0.0007473058649338782,-5.078071262687445e-05,5.078106187283993e-05,0.0031816435512155294,-0.0031816435512155294,0.008683868683874607,-0.007683868985623121,0.002081543207168579,-0.0020815436728298664,0.0023229517973959446,-0.0023229517973959446,0.001377822831273079,-0.001377822831273079,0.0014928871532902122,-0.0014928868040442467,0.0017468973528593779,-0.0017468974692746997,-0.0005485386936925352,0.0005485387519001961,-0.0002672629780136049,0.0002672629780136049,0.0012249447172507644,-0.0012249448336660862,0.0013561449013650417,-0.0013561445521190763,-0.002176883863285184,0.002176883863285184,-0.00025585206458345056,0.0002558521809987724,-0.001296779839321971,0.001296779839321971],[-8.288549724966288e-05,8.288549724966288e-05,-0.001501412596553564,0.0015014118980616331,-0.002246574964374304,0.002246574964374304,0.0008244304917752743,-0.0008244312484748662,-0.0009804543806239963,0.0009804543806239963,-0.00152313313446939,0.00152313313446939,-0.002033534226939082,0.002033534226939082,-0.0025637748185545206,0.002563774585723877,-0.0006398616824299097,0.0006398616824299097,-0.002097672550007701,0.002097673248499632,-0.00046807870967313647,0.00046807870967313647,-0.0014853023458272219,0.0014853023458272219,-0.0007473062141798437,0.0007473058649338782,5.078059621155262e-05,-5.078077083453536e-05,-0.0031816435512155294,0.0031816435512155294,-0.007683868985623121,0.008683869615197182,-0.0020815434399992228,0.0020815436728298664,-0.0023229520302265882,0.0023229520302265882,-0.001377822831273079,0.001377822831273079,-0.0014928871532902122,0.0014928870368748903,-0.0017468975856900215,0.0017468977021053433,0.0005485384026542306,-0.0005485384026542306,0.0002672626869753003,-0.0002672626869753003,-0.0012249447172507644,0.0012249448336660862,-0.0013561449013650417,0.001356144668534398,0.0021768836304545403,-0.0021768836304545403,0.00025585165712982416,-0.0002558517153374851,0.0012967796064913273,-0.0012967796064913273],[-0.00029103748966008425,0.00