{"epoch":0,"H":[[0.024011526256799698,-0.023011524230241776,0.006912164390087128,-0.006912164390087128,0.010631242766976357,-0.010631243698298931,0.0009444526513107121,-0.0009444529423490167,0.008642422035336494,-0.008642422035336494,0.002991915214806795,-0.002991916611790657,0.0018403526628389955,-0.00184035231359303,0.012869706377387047,-0.012869706377387047,0.008976764976978302,-0.008976764976978302,0.0004883961519226432,-0.0004883958026766777,0.000680883473251015,-0.0006808835314586759,-1.6928650438785553e-05,1.6928126569837332e-05,0.002004447625949979,-0.0020044471602886915,0.0019962205551564693,-0.0019962205551564693,0.00024525311891920865,-0.0002452530025038868,-0.0004465175443328917,0.0004465174279175699,-0.00012497580610215664,0.00012497582065407187,0.0003323385608382523,-0.0003323385026305914,0.00381265627220273,-0.0038126560393720865,2.656426659086719e-05,-2.6564339350443333e-05,0.00013845320791006088,-0.00013845329522155225,0.0005705130170099437,-0.0005705130170099437,0.0015566302463412285,-0.0015566302463412285,-5.362067895475775e-05,5.3620635299012065e-05,0.00023341068299487233,-0.00023341068299487233,0.0012575788423418999,-0.0012575788423418999,0.0018674656748771667,-0.0018674657912924886,0.0019122386584058404,-0.0019122387748211622],[-0.023011524230241776,0.02401152439415455,-0.006912164390087128,0.006912164390087128,-0.010631242766976357,0.010631243698298931,-0.0009444526513107121,0.0009444529423490167,-0.008642422035336494,0.008642422035336494,-0.002991915214806795,0.002991916611790657,-0.0018403526628389955,0.00184035231359303,-0.012869706377387047,0.012869706377387047,-0.008976764976978302,0.008976764976978302,-0.0004883961519226432,0.0004883958026766777,-0.000680883473251015,0.0006808835314586759,1.6928650438785553e-05,-1.6928126569837332e-05,-0.002004447625949979,0.0020044471602886915,-0.0019962205551564693,0.0019962205551564693,-0.00024525311891920865,0.0002452530025038868,0.0004465175443328917,-0.0004465174279175699,0.00012497580610215664,-0.00012497582065407187,-0.0003323385608382523,0.0003323385026305914,-0.00381265627220273,0.0038126560393720865,-2.656426659086719e-05,2.6564339350443333e-05,-0.00013845320791006088,0.00013845329522155225,-0.0005705130170099437,0.0005705130170099437,-0.0015566302463412285,0.0015566302463412285,5.362067895475775e-05,-5.3620635299012065e-05,-0.00023341068299487233,0.00023341068299487233,-0.0012575788423418999,0.0012575788423418999,-0.0018674656748771667,0.0018674657912924886,-0.0019122386584058404,0.0019122387748211622],[0.006912164390087128,-0.006912164390087128,0.018079914152622223,-0.01707991398870945,0.0058697424829006195,-0.0058697424829006195,0.001226623891852796,-0.0012266243575140834,0.001164599903859198,-0.001164599903859198,-0.0004599526000674814,0.0004599526000674814,0.0027935998514294624,-0.002793600084260106,-0.0007669826736673713,0.0007669827318750322,0.00038785231299698353,-0.00038785231299698353,0.0010976778576150537,-0.0010976779740303755,0.0008238398004323244,-0.0008238403243012726,-0.00533831724897027,0.005338316783308983,0.002113168127834797,-0.002113168127834797,-0.000404933700338006,0.00040493340929970145,0.0008015251951292157,-0.0008015250787138939,0.0012032135855406523,-0.001203213701955974,-7.10969470674172e-05,7.109683065209538e-05,0.0010664890287443995,-0.0010664891451597214,0.002900472842156887,-0.002900472842156887,0.00016537534247618169,-0.00016537525516469032,0.00029471266316249967,-0.00029471275047399104,0.0014650735538452864,-0.0014650735538452864,0.0002442617551423609,-0.00024426172603853047,0.00015467665798496455,-0.00015467671619262546,0.0005985928000882268,-0.000598592683672905,0.0024196840822696686,-0.0024196840822696686,0.0014345410745590925,-0.0014345410745590925,0.0017385289538651705,-0.0017385289538651705],[-0.006912164390087128,0.006912164390087128,-0.01707991398870945,0.018079910427331924,-0.0058697424829006195,0.005869743414223194,-0.0012266242410987616,0.0012266244739294052,-0.0011645997874438763,0.00116460002027452,0.00045995356049388647,-0.00045995338587090373,-0.002793599385768175,0.002793599385768175,0.000766982848290354,-0.0007669832557439804,-0.00038785277865827084,0.0003878525458276272,-0.0010976782068610191,0.0010976782068610191,-0.0008238399750553071,0.0008238402660936117,0.0053383177146315575,-0.005338316783308983,-0.0021131683606654406,0.002113168127834797,0.0004049338458571583,-0.00040493381675332785,-0.0008015248458832502,0.000801525020506233,-0.0012032134691253304,0.0012032135855406523,7.109736907295883e-05,-7.109736907295883e-05,-0.0010664891451597214,0.0010664891451597214,-0.002900472842156887,0.002900472842156887,-0.0001653751969570294,0.0001653751387493685,-0.0002947127795778215,0.0002947127213701606,-0.0014650735538452864,0.0014650735538452864,-0.0002442619879730046,0.0002442619879730046,-0.00015467667253687978,0.00015467667253687978,-0.0005985927418805659,0.0005985927418805659,-0.0024196840822696686,0.0024196840822696686,-0.0014345410745590925,0.0014345410745590925,-0.0017385290702804923,0.0017385290702804923],[0.010631242766976357,-0.010631242766976357,0.0058697424829006195,-0.0058697424829006195,0.011847048997879028,-0.01084704790264368,0.002393015893176198,-0.0023930156603455544,0.0017485429998487234,-0.0017485427670180798,0.0013763757888227701,-0.0013763769529759884,0.002840500557795167,-0.0028405003249645233,0.0038283816538751125,-0.003828381421044469,0.004594397731125355,-0.00459439679980278,0.0005544816376641393,-0.0005544814048334956,0.00027585006318986416,-0.0002758500922936946,-0.0004142290854360908,0.00041422888170927763,-0.004949665628373623,0.004949665628373623,0.0008565220050513744,-0.0008565221214666963,0.00013195551582612097,-0.00013195567589718848,0.0005993935628794134,-0.0005993936210870743,-0.00011508818715810776,0.00011508825264172629,-0.0001356554130325094,0.00013565525296144187,0.002515500644221902,-0.002515500644221902,-2.948057954199612e-05,2.9480550438165665e-05,0.00043046590872108936,-0.00043046590872108936,0.0004260498972143978,-0.00042604992631822824,0.001356207998469472,-0.0013562081148847938,-1.3283424777910113e-05,1.3283290172694251e-05,-0.00017056657816283405,0.00017056657816283405,0.0017943023703992367,-0.0017943023703992367,0.0019573913887143135,-0.001957391621544957,0.001877765404060483,-0.001877765404060483],[-0.010631243698298931,0.010631243698298931,-0.0058697424829006195,0.005869743414223194,-0.01084704790264368,0.011847048066556454,-0.002393015893176198,0.0023930156603455544,-0.0017485429998487234,0.0017485427670180798,-0.0013763757888227701,0.0013763769529759884,-0.002840500557795167,0.0028405003249645233,-0.0038283816538751125,0.003828381421044469,-0.004594397731125355,0.00459439679980278,-0.0005544816376641393,0.0005544814048334956,-0.00027585006318986416,0.0002758500922936946,0.0004142290854360908,-0.00041422888170927763,0.004949665628373623,-0.004949665628373623,-0.0008565220050513744,0.0008565221214666963,-0.00013195551582612097,0.00013195567589718848,-0.0005993935628794134,0.0005993936210870743,0.00011508818715810776,-0.00011508825264172629,0.0001356554130325094,-0.00013565525296144187,-0.002515500644221902,0.002515500644221902,2.948057954199612e-05,-2.9480550438165665e-05,-0.00043046590872108936,0.00043046590872108936,-0.0004260498972143978,0.00042604992631822824,-0.001356207998469472,0.0013562081148847938,1.3283424777910113e-05,-1.3283290172694251e-05,0.00017056657816283405,-0.00017056657816283405,-0.0017943023703992367,0.0017943023703992367,-0.0019573913887143135,0.001957391621544957,-0.001877765404060483,0.001877765404060483],[0.0009444526513107121,-0.0009444526513107121,0.001226623891852796,-0.0012266242410987616,0.002393015893176198,-0.002393015893176198,0.01188974641263485,-0.010889747180044651,0.0017284536734223366,-0.0017284536734223366,0.0007848009117878973,-0.0007848010282032192,0.0038372031413018703,-0.0038372024428099394,0.000729088147636503,-0.0007290883804671466,0.0008120930870063603,-0.0008120930870063603,-0.0006486614001914859,0.0006486612837761641,0.0008764243102632463,-0.0008764240192249417,-0.0010437258752062917,0.001043725642375648,0.0008227323414757848,-0.0008227323414757848,0.0006645343964919448,-0.0006645345129072666,0.0006545329233631492,-0.0006545329815708101,0.0009392406209371984,-0.0009392406209371984,0.00041437734034843743,-0.0004143773694522679,0.0005451953620649874,-0.0005451954202726483,0.0008121570572257042,-0.0008121570572257042,0.0005062067648395896,-0.0005062067648395896,0.00013976392801851034,-0.00013976398622617126,0.0015140054747462273,-0.0015140054747462273,0.0012060411972925067,-0.0012060410808771849,0.0005267930682748556,-0.0005267930682748556,0.00038894961471669376,-0.00038894961471669376,0.00037824304308742285,-0.00037824304308742285,0.0008252293919213116,-0.0008252293919213116,0.0013065924867987633,-0.0013065924867987633],[-0.0009444529423490167,0.0009444529423490167,-0.0012266243575140834,0.0012266244739294052,-0.0023930156603455544,0.0023930156603455544,-0.010889747180044651,0.0118897445499897,-0.001728453440591693,0.0017284532077610493,-0.0007848005625419319,0.0007848010864108801,-0.003837202675640583,0.0038372024428099394,-0.0007290884386748075,0.0007290886715054512,-0.0008120932034216821,0.000812093319837004,0.0006486608763225377,-0.0006486609927378595,-0.0008764246595092118,0.0008764243102632463,0.0010437252931296825,-0.0010437251767143607,-0.0008227321086451411,0.0008227319922298193,-0.0006645349785685539,0.000664534280076623,-0.0006545329233631492,0.0006545328651554883,-0.0009392405045218766,0.0009392405045218766,-0.00041437751497142017,0.00041437751497142017,-0.0005451955366879702,0.0005451955366879702,-0.0008121573482640088,0.0008121573482640088,-0.0005062067648395896,0.0005062067648395896,-0.00013976413174532354,0.00013976413174532354,-0.0015140054747462273,0.0015140054747462273,-0.0012060411972925067,0.0012060411972925067,-0.0005267929518595338,0.0005267929518595338,-0.0003889497311320156,0.00038894976023584604,-0.0003782432759180665,0.0003782432759180665,-0.0008252296829596162,0.0008252296829596162,-0.0013065928360447288,0.0013065928360447288],[0.008642422035336494,-0.008642422035336494,0.001164599903859198,-0.0011645997874438763,0.0017485429998487234,-0.0017485429998487234,0.0017284536734223366,-0.001728453440591693,0.006349029950797558,-0.00534902885556221,0.0004795341519638896,-0.00047953438479453325,0.0019756972324103117,-0.0019756972324103117,0.0043196589685976505,-0.004319658502936363,0.005059366580098867,-0.005059367045760155,-0.001438209437765181,0.001438209437765181,0.00032222416484728456,-0.00032222422305494547,-0.00028302421560510993,0.00028302407008595765,-0.0014223194448277354,0.0014223194448277354,-0.00018737820209935308,0.0001873780129244551,0.00027978653088212013,-0.00027978658908978105,0.0001926514960359782,-0.0001926514960359782,-3.1531817512586713e-06,3.153167199343443e-06,-0.00021092893439345062,0.0002109288761857897,0.0020453697070479393,-0.0020453697070479393,0.00011090923362644389,-0.00011090916814282537,0.0004304087779019028,-0.0004304087779019028,0.0006964709609746933,-0.0006964709609746933,0.0010307547636330128,-0.0010307547636330128,0.00012572220293805003,-0.00012572220293805003,-6.0552927607204765e-05,6.0552942159119993e-05,0.0007641457486897707,-0.0007641457486897707,0.001294018467888236,-0.001294018467888236,0.0008895291248336434,-0.0008895291248336434],[-0.008642422035336494,0.008642422035336494,-0.001164599903859198,0.00116460002027452,-0.0017485427670180798,0.0017485427670180798,-0.0017284536734223366,0.0017284532077610493,-0.00534902885556221,0.006349029019474983,-0.0004795339482370764,0.00047953432658687234,-0.001975696999579668,0.0019756972324103117,-0.004319658037275076,0.004319658037275076,-0.00505936611443758,0.00505936611443758,0.0014382093213498592,-0.0014382093213498592,-0.0003222239902243018,0.00032222410663962364,0.0002830243029166013,-0.0002830243029166013,0.0014223193284124136,-0.0014223194448277354,0.00018737810023594648,-0.00018737778009381145,-0.00027978653088212013,0.0002797865599859506,-0.00019265164155513048,0.00019265164155513048,3.1531453714706004e-06,-3.153123543597758e-06,0.00021092916722409427,-0.00021092910901643336,-0.0020453697070479393,0.002045369939878583,-0.00011090930638602003,0.00011090924817835912,-0.0004304087196942419,0.00043040874879807234,-0.0006964709027670324,0.0006964709027670324,-0.0010307547636330128,0.0010307547636330128,-0.00012572214473038912,0.00012572215928230435,6.0552942159119993e-05,-6.0552942159119993e-05,-0.0007641457486897707,0.0007641457486897707,-0.0012940183514729142,0.001294018467888236,-0.0008895291248336434,0.0008895291248336434],[0.002991915214806795,-0.002991915214806795,-0.0004599526000674814,0.00045995356049388647,0.0013763757888227701,-0.0013763757888227701,0.0007848009117878973,-0.0007848005625419319,0.0004795341519638896,-0.0004795339482370764,0.004624750930815935,-0.0036247509997338057,-0.0004885430680587888,0.0004885430680587888,0.00037879234878346324,-0.0003787923778872937,0.0020724048372358084,-0.0020724048372358084,-0.00026737459120340645,0.00026737464941106737,0.00035236511030234396,-0.0003523652849253267,-0.0010534977773204446,0.0010534976609051228,-8.533176151104271e-05,8.533177606295794e-05,0.0019052466377615929,-0.0019052467541769147,0.000842466251924634,-0.0008424661937169731,0.0008044915739446878,-0.0008044915739446878,0.0006846730248071253,-0.0006846730248071253,0.00034868871443904936,-0.0003486887726467103,0.0011944461148232222,-0.0011944461148232222,0.0005233172560110688,-0.0005233172560110688,0.0005700693582184613,-0.0005700693582184613,0.00044917676132172346,-0.00044917676132172346,0.0005916980444453657,-0.0005916980444453657,0.0004014504957012832,-0.0004014504957012832,0.0001691257202764973,-0.00016912570572458208,0.0006633619777858257,-0.0006633620359934866,0.00013399316230788827,-0.00013399316230788827,0.0005361320218071342,-0.0005361320218071342],[-0.002991916611790657,0.002991916611790657,0.0004599526000674814,-0.00045995338587090373,-0.0013763769529759884,0.0013763769529759884,-0.0007848010282032192,0.0007848010864108801,-0.00047953438479453325,0.00047953432658687234,-0.0036247509997338057,0.004624752793461084,0.000488542951643467,-0.0004885428352281451,-0.0003787930472753942,0.00037879316369071603,-0.0020724055357277393,0.0020724055357277393,0.00026737473672255874,-0.0002673746785148978,-0.00035236511030234396,0.0003523651685100049,0.0010534980101510882,-0.0010534978937357664,8.533183427061886e-05,-8.533183427061886e-05,-0.0019052467541769147,0.0019052471034228802,-0.0008424664265476167,0.0008424663683399558,-0.000804491457529366,0.000804491457529366,-0.0006846731994301081,0.0006846731994301081,-0.00034868871443904936,0.0003486887726467103,-0.0011944465804845095,0.0011944465804845095,-0.0005233172560110688,0.0005233172560110688,-0.0005700694164261222,0.0005700694164261222,-0.0004491768777370453,0.0004491768777370453,-0.0005916982190683484,0.0005916982190683484,-0.0004014505248051137,0.0004014505248051137,-0.00016912570572458208,0.00016912570572458208,-0.0006633621524088085,0.0006633620942011476,-0.00013399336603470147,0.0001339933805866167,-0.0005361322546377778,0.0005361322546377778],[0.0018403526628389955,-0.0018403526628389955,0.0027935998514294624,-0.002793599385768175,0.002840500557795167,-0.002840500557795167,0.0038372031413018703,-0.003837202675640583,0.0019756972324103117,-0.001975696999579668,-0.0004885430680587888,0.000488542951643467,0.0075139557011425495,-0.006513956002891064,0.0037329650949686766,-0.0037329650949686766,0.0017660041339695454,-0.0017660041339695454,0.0002644844935275614,-0.0002644845226313919,0.00014656397979706526,-0.00014656409621238708,0.0007895502494648099,-0.0007895503076724708,0.00034871831303462386,-0.00034871831303462386,-0.002246695104986429,0.0022466955706477165,0.0010742581216618419,-0.0010742581216618419,0.0016579660587012768,-0.0016579660587012768,0.0005934122600592673,-0.0005934122018516064,0.00043868698412552476,-0.00043868686771020293,-0.0005950767663307488,0.0005950767663307488,0.0004970583249814808,-0.0004970583249814808,0.00035355050931684673,-0.00035355048021301627,0.0005937037640251219,-0.0005937037640251219,0.00023827486438676715,-0.00023827484983485192,0.0004467730177566409,-0.0004467730177566409,0.00017275349819101393,-0.00017275355639867485,-0.0003792836214415729,0.00037928359233774245,-9.51170950429514e-05,9.511710231890902e-05,-0.00038044145912863314,0.0003804414300248027],[-0.00184035231359303,0.00184035231359303,-0.002793600084260106,0.002793599385768175,-0.0028405003249645233,0.0028405003249645233,-0.0038372024428099394,0.0038372024428099394,-0.0019756972324103117,0.0019756972324103117,0.0004885430680587888,-0.0004885428352281451,-0.006513956002891064,0.007513955235481262,-0.003732964862138033,0.0037329650949686766,-0.001766003668308258,0.001766003668308258,-0.00026448440621607006,0.00026448434800840914,-0.00014656424173153937,0.0001465642562834546,-0.0007895504240877926,0.0007895504240877926,-0.00034871860407292843,0.0003487185458652675,0.00224669580347836,-0.002246696036309004,-0.00107425800524652,0.00107425800524652,-0.0016579661751165986,0.0016579661751165986,-0.0005934123182669282,0.0005934123182669282,-0.0004386871005408466,0.00043868704233318567,0.0005950764752924442,-0.0005950764752924442,-0.0004970583831891418,0.0004970583831891418,-0.00035355056752450764,0.0003535505384206772,-0.0005937038222327828,0.0005937038222327828,-0.0002382748352829367,0.0002382748352829367,-0.0004467730759643018,0.0004467731050681323,-0.0001727535272948444,0.0001727535272948444,0.0003792835050262511,-0.00037928344681859016,9.511693497188389e-05,-9.511692769592628e-05,0.00038044157554395497,-0.0003804415464401245],[0.012869706377387047,-0.012869706377387047,-0.0007669826736673713,0.000766982848290354,0.0038283816538751125,-0.0038283816538751125,0.000729088147636503,-0.0007290884386748075,0.0043196589685976505,-0.004319658037275076,0.00037879234878346324,-0.0003787930472753942,0.0037329650949686766,-0.003732964862138033,0.01809115707874298,-0.017091158777475357,0.008166911080479622,-0.008166911080479622,0.0009379384573549032,-0.0009379384573549032,0.0001178713864646852,-0.00011787132825702429,0.0015139705501496792,-0.001513970666565001,-0.0012178722536191344,0.0012178721372038126,-0.002744545927271247,0.0027445442974567413,0.0015365168219432235,-0.0015365168219432235,0.000983065809123218,-0.000983065809123218,0.0011187788331881166,-0.0011187788331881166,0.0003873739333357662,-0.0003873739333357662,0.00225139781832695,-0.00225139781832695,0.0008935783989727497,-0.0008935783989727497,0.0011300183832645416,-0.0011300183832645416,0.0006979508325457573,-0.0006979508325457573,0.0019281452987343073,-0.0019281452987343073,0.0006627572001889348,-0.0006627572001889348,0.0001588364248163998,-0.0001588364248163998,0.0008218986913561821,-0.0008218986913561821,0.0013210338074713945,-0.0013210338074713945,0.0011424690019339323,-0.0011424690019339323],[-0.012869706377387047,0.012869706377387047,0.0007669827318750322,-0.0007669832557439804,-0.003828381421044469,0.003828381421044469,-0.0007290883804671466,0.0007290886715054512,-0.004319658502936363,0.004319658037275076,-0.0003787923778872937,0.00037879316369071603,-0.0037329650949686766,0.0037329650949686766,-0.017091158777475357,0.01809115894138813,-0.008166910149157047,0.008166910149157047,-0.0009379385155625641,0.0009379383991472423,-0.00011787161929532886,0.00011787161929532886,-0.0015139705501496792,0.001513970666565001,0.0012178726028651,-0.0012178723700344563,0.0027445456944406033,-0.0027445440646260977,-0.0015365165891125798,0.0015365165891125798,-0.0009830656927078962,0.0009830656927078962,-0.0011187787167727947,0.0011187787167727947,-0.000387373729608953,0.0003873737878166139,-0.00225139781832695,0.00225139781832695,-0.0008935783989727497,0.0008935782825574279,-0.001130018150433898,0.0011300180340185761,-0.0006979506579227746,0.0006979506579227746,-0.0019281452987343073,0.0019281452987343073,-0.0006627572001889348,0.0006627572001889348,-0.00015883625019341707,0.00015883627929724753,-0.000821898749563843,0.000821898749563843,-0.0013210338074713945,0.0013210338074713945,-0.0011424688855186105,0.0011424688855186105],[0.008976764976978302,-0.008976764976978302,0.00038785231299698353,-0.00038785277865827084,0.004594397731125355,-0.004594397731125355,0.0008120930870063603,-0.0008120932034216821,0.005059366580098867,-0.00505936611443758,0.0020724048372358084,-0.0020724055357277393,0.0017660041339695454,-0.001766003668308258,0.008166911080479622,-0.008166910149157047,0.010281292721629143,-0.00928129255771637,0.0012287262361496687,-0.0012287262361496687,0.0008781577926129103,-0.0008781581418588758,0.0011281511979177594,-0.0011281510815024376,-0.0006977916928008199,0.000697791634593159,-0.0024096739944070578,0.0024096735287457705,0.00020445692643988878,-0.00020445692643988878,0.0003434100071899593,-0.0003434100071899593,0.00015485554467886686,-0.00015485554467886686,0.0002447818114887923,-0.00024478178238496184,0.0009407334728166461,-0.0009407334728166461,0.0001646312593948096,-0.00016463128849864006,0.000812038138974458,-0.0008120380807667971,0.0002995558315888047,-0.0002995558315888047,0.0007001594640314579,-0.0007001595222391188,0.00014626265328843147,-0.00014626265328843147,0.00020251730165909976,-0.00020251733076293021,0.0003845214087050408,-0.0003845214087050408,0.0003391687059774995,-0.0003391687059774995,0.0003439165302552283,-0.0003439165884628892],[-0.008976764976978302,0.008976764976978302,-0.00038785231299698353,0.0003878525458276272,-0.00459439679980278,0.00459439679980278,-0.0008120930870063603,0.000812093319837004,-0.005059367045760155,0.00505936611443758,-0.0020724048372358084,0.0020724055357277393,-0.0017660041339695454,0.001766003668308258,-0.008166911080479622,0.008166910149157047,-0.00928129255771637,0.010281291790306568,-0.0012287262361496687,0.0012287262361496687,-0.0008781577926129103,0.0008781581418588758,-0.0011281511979177594,0.0011281510815024376,0.0006977916928008199,-0.000697791634593159,0.0024096739944070578,-0.0024096735287457705,-0.00020445692643988878,0.00020445692643988878,-0.0003434100071899593,0.0003434100071899593,-0.00015485554467886686,0.00015485554467886686,-0.0002447818114887923,0.00024478178238496184,-0.0009407334728166461,0.0009407334728166461,-0.0001646312593948096,0.00016463128849864006,-0.000812038138974458,0.0008120380807667971,-0.0002995558315888047,0.0002995558315888047,-0.0007001594640314579,0.0007001595222391188,-0.00014626265328843147,0.00014626265328843147,-0.00020251730165909976,0.00020251733076293021,-0.0003845214087050408,0.0003845214087050408,-0.0003391687059774995,0.0003391687059774995,-0.0003439165302552283,0.0003439165884628892],[0.0004883961519226432,-0.0004883961519226432,0.0010976778576150537,-0.0010976782068610191,0.0005544816376641393,-0.0005544816376641393,-0.0006486614001914859,0.0006486608763225377,-0.001438209437765181,0.0014382093213498592,-0.00026737459120340645,0.00026737473672255874,0.0002644844935275614,-0.00026448440621607006,0.0009379384573549032,-0.0009379385155625641,0.0012287262361496687,-0.0012287262361496687,0.005764822009950876,-0.004764823708683252,0.00025699654361233115,-0.00025699689285829663,0.0006456378614529967,-0.0006456378614529967,-0.0021579787135124207,0.0021579787135124207,-0.0005608339561149478,0.0005608337814919651,0.00015820408589206636,-0.0001582040567882359,0.0016322152223438025,-0.0016322152223438025,-7.267270120792091e-05,7.26726939319633e-05,-0.0003488071379251778,0.0003488070797175169,0.00019146491831634194,-0.0001914649474201724,-1.0013507562689483e-05,1.0013507562689483e-05,0.00035092514008283615,-0.0003509251691866666,0.000521895766723901,-0.000521895766723901,0.00023637712001800537,-0.00023637712001800537,-7.066934631438926e-05,7.066934631438926e-05,-0.0001773109834175557,0.00017731101252138615,-8.891959441825747e-05,8.891956531442702e-05,-0.0010717537952587008,0.0010717539116740227,-0.0007891804561950266,0.0007891804561950266],[-0.0004883958026766777,0.0004883958026766777,-0.0010976779740303755,0.0010976782068610191,-0.0005544814048334956,0.0005544814048334956,0.0006486612837761641,-0.0006486609927378595,0.001438209437765181,-0.0014382093213498592,0.00026737464941106737,-0.0002673746785148978,-0.0002644845226313919,0.00026448434800840914,-0.0009379384573549032,0.0009379383991472423,-0.0012287262361496687,0.0012287262361496687,-0.004764823708683252,0.0057648238725960255,-0.00025699689285829663,0.000256996980169788,-0.0006456381524913013,0.0006456381524913013,0.0021579789463430643,-0.0021579787135124207,0.0005608341889455914,-0.0005608337814919651,-0.000158203998580575,0.00015820391126908362,-0.0016322156880050898,0.001632215571589768,7.267261389642954e-05,-7.267262117238715e-05,0.00034880725434049964,-0.0003488072252366692,-0.0001914647000376135,0.0001914647000376135,1.0013551218435168e-05,-1.0013551218435168e-05,-0.0003509253147058189,0.0003509253147058189,-0.0005218955921009183,0.0005218956503085792,-0.00023637717822566628,0.00023637717822566628,7.066939724609256e-05,-7.066939724609256e-05,0.00017731095431372523,-0.00017731095431372523,8.891973993740976e-05,-8.89197108335793e-05,0.0010717541445046663,-0.0010717541445046663,0.0007891803397797048,-0.0007891802815720439],[0.000680883473251015,-0.000680883473251015,0.0008238398004323244,-0.0008238399750553071,0.00027585006318986416,-0.00027585006318986416,0.0008764243102632463,-0.0008764246595092118,0.00032222416484728456,-0.0003222239902243018,0.00035236511030234396,-0.00035236511030234396,0.00014656397979706526,-0.00014656424173153937,0.0001178713864646852,-0.00011787161929532886,0.0008781577926129103,-0.0008781577926129103,0.00025699654361233115,-0.00025699689285829663,0.002271386794745922,-0.0012713856995105743,-0.0004595920327119529,0.0004595920327119529,-0.0005199953448027372,0.0005199952283874154,-0.00027920748107135296,0.00027920748107135296,0.00024200021289288998,-0.00024200024199672043,-0.00028313620714470744,0.00028313620714470744,0.00029541164985857904,-0.0002954116207547486,0.0003547485393937677,-0.0003547485393937677,0.00017353513976559043,-0.00017353513976559043,0.00019898157916031778,-0.00019898155005648732,-8.930939657147974e-05,8.930938929552212e-05,0.0001310369116254151,-0.0001310369116254151,0.00017024294356815517,-0.00017024294356815517,0.00016527195111848414,-0.00016527195111848414,0.00020757173479069024,-0.0002075717056868598,0.00020348267571534961,-0.00020348267571534961,6.332725752145052e-05,-6.332726479740813e-05,0.0002257167361676693,-0.0002257167361676693],[-0.0006808835314586759,0.0006808835314586759,-0.0008238403243012726,0.0008238402660936117,-0.0002758500922936946,0.0002758500922936946,-0.0008764240192249417,0.0008764243102632463,-0.00032222422305494547,0.00032222410663962364,-0.0003523652849253267,0.0003523651685100049,-0.00014656409621238708,0.0001465642562834546,-0.00011787132825702429,0.00011787161929532886,-0.0008781581418588758,0.0008781581418588758,-0.00025699689285829663,0.000256996980169788,-0.0012713856995105743,0.0022713865619152784,0.00045959209091961384,-0.0004595920327119529,0.0005199954612180591,-0.0005199954612180591,0.0002792073064483702,-0.0002792072482407093,-0.00024200030020438135,0.00024200031475629658,0.0002831362362485379,-0.0002831362362485379,-0.00029541170806623995,0.0002954116789624095,-0.00035474868491292,0.00035474868491292,-0.00017353505245409906,0.00017353505245409906,-0.00019898155005648732,0.00019898155005648732,8.93094256753102e-05,-8.93094256753102e-05,-0.00013103705714456737,0.00013103705714456737,-0.00017024300177581608,0.00017024300177581608,-0.00016527189291082323,0.00016527189291082323,-0.0002075717638945207,0.0002075717638945207,-0.00020348276302684098,0.00020348276302684098,-6.332733028102666e-05,6.332733028102666e-05,-0.00022571685258299112,0.00022571685258299112],[-1.6928650438785553e-05,1.6928650438785553e-05,-0.00533831724897027,0.0053383177146315575,-0.0004142290854360908,0.0004142290854360908,-0.0010437258752062917,0.0010437252931296825,-0.00028302421560510993,0.0002830243029166013,-0.0010534977773204446,0.0010534980101510882,0.0007895502494648099,-0.0007895504240877926,0.0015139705501496792,-0.0015139705501496792,0.0011281511979177594,-0.0011281511979177594,0.0006456378614529967,-0.0006456381524913013,-0.0004595920327119529,0.00045959209091961384,0.004609523341059685,-0.00360952434130013,0.00018530493252910674,-0.00018530493252910674,0.0012465444160625339,-0.0012465447653084993,-0.00047941645607352257,0.00047941645607352257,-0.00027908553602173924,0.00027908553602173924,-0.0003795702359639108,0.0003795702359639108,-0.000455918547231704,0.00045591857633553445,0.000229299403144978,-0.00022929944680072367,-0.00019811447418760508,0.00019811445963568985,-4.970219742972404e-05,4.9702190153766423e-05,-3.703329275595024e-05,3.7033300031907856e-05,0.0006572000565938652,-0.0006572001148015261,-0.00016659712127875537,0.00016659710672684014,-0.00024574354756623507,0.00024574354756623507,0.00011512190394569188,-0.00011512190394569188,0.0003896609414368868,-0.00038966097054071724,-6.531976396217942e-06,6.531976396217942e-06],[1.6928126569837332e-05,-1.6928126569837332e-05,0.005338316783308983,-0.005338316783308983,0.00041422888170927763,-0.00041422888170927763,0.001043725642375648,-0.0010437251767143607,0.00028302407008595765,-0.0002830243029166013,0.0010534976609051228,-0.0010534978937357664,-0.0007895503076724708,0.0007895504240877926,-0.001513970666565001,0.001513970666565001,-0.0011281510815024376,0.0011281510815024376,-0.0006456378614529967,0.0006456381524913013,0.0004595920327119529,-0.0004595920327119529,-0.00360952434130013,0.004609524738043547,-0.0001853049179771915,0.00018530493252910674,-0.0012465440668165684,0.0012465445324778557,0.00047941639786586165,-0.00047941639786586165,0.0002790855651255697,-0.00027908559422940016,0.0003795702650677413,-0.0003795702650677413,0.0004559184890240431,-0.00045591843081638217,-0.00022929937404114753,0.00022929938859306276,0.0001981144305318594,-0.0001981144305318594,4.970224108546972e-05,-4.970221925759688e-05,3.703335823956877e-05,-3.703336187754758e-05,-0.000657200173009187,0.000657200173009187,0.00016659712127875537,-0.00016659710672684014,0.0002457435766700655,-0.000245743605773896,-0.00011512194760143757,0.00011512193304952234,-0.0003896609996445477,0.0003896609996445477,6.5321073634549975e-06,-6.5321073634549975e-06],[0.002004447625949979,-0.002004447625949979,0.002113168127834797,-0.0021131683606654406,-0.004949665628373623,0.004949665628373623,0.0008227323414757848,-0.0008227321086451411,-0.0014223194448277354,0.0014223193284124136,-8.533176151104271e-05,8.533183427061886e-05,0.00034871831303462386,-0.00034871860407292843,-0.0012178722536191344,0.0012178726028651,-0.0006977916928008199,0.0006977916928008199,-0.0021579787135124207,0.0021579789463430643,-0.0005199953448027372,0.0005199954612180591,0.00018530493252910674,-0.0001853049179771915,0.005808766465634108,-0.004808768164366484,-0.00023214748944155872,0.00023214728571474552,-0.00011058468953706324,0.00011058463132940233,0.00040622393134981394,-0.00040622393134981394,-0.00019138044444844127,0.0001913804153446108,-2.454894274706021e-05,2.454886634950526e-05,0.000737783731892705,-0.000737783731892705,-0.0001263412123080343,0.00012634124141186476,0.0003374730295035988,-0.0003374730295035988,0.00038146026781760156,-0.00038146026781760156,3.1305389711633325e-05,-3.1305389711633325e-05,-2.6408964913571253e-05,2.640896855155006e-05,7.284035382326692e-05,-7.2840390203055e-05,-1.4685545465908945e-05,1.4685545465908945e-05,0.00035068768193013966,-0.0003506877110339701,0.0003811221686191857,-0.00038112213951535523],[-0.0020044471602886915,0.0020044471602886915,-0.002113168127834797,0.002113168127834797,0.004949665628373623,-0.004949665628373623,-0.0008227323414757848,0.0008227319922298193,0.0014223194448277354,-0.0014223194448277354,8.533177606295794e-05,-8.533183427061886e-05,-0.00034871831303462386,0.0003487185458652675,0.0012178721372038126,-0.0012178723700344563,0.000697791634593159,-0.000697791634593159,0.0021579787135124207,-0.0021579787135124207,0.0005199952283874154,-0.0005199954612180591,-0.00018530493252910674,0.00018530493252910674,-0.004808768164366484,0.0058087678626179695,0.0002321474312338978,-0.0002321474312338978,0.00011058457312174141,-0.00011058454401791096,-0.0004062240186613053,0.00040622398955747485,0.00019138047355227172,-0.00019138044444844127,2.4548859073547646e-05,-2.4548826331738383e-05,-0.000737783731892705,0.000737783731892705,0.00012634124141186476,-0.00012634127051569521,-0.00033747305860742927,0.00033747305860742927,-0.00038146020960994065,0.00038146020960994065,-3.130533150397241e-05,3.1305302400141954e-05,2.6409006750327535e-05,-2.6409023121232167e-05,-7.284030289156362e-05,7.284030289156362e-05,1.4685603673569858e-05,-1.4685603673569858e-05,-0.0003506875946186483,0.00035068762372247875,-0.00038112193578854203,0.00038112193578854203],[0.0019962205551564693,-0.0019962205551564693,-0.000404933700338006,0.0004049338458571583,0.0008565220050513744,-0.0008565220050513744,0.0006645343964919448,-0.0006645349785685539,-0.00018737820209935308,0.00018737810023594648,0.0019052466377615929,-0.0019052467541769147,-0.002246695104986429,0.00224669580347836,-0.002744545927271247,0.0027445456944406033,-0.0024096739944070578,0.0024096739944070578,-0.0005608339561149478,0.0005608341889455914,-0.00027920748107135296,0.0002792073064483702,0.0012465444160625339,-0.0012465440668165684,-0.00023214748944155872,0.0002321474312338978,0.008930454030632973,-0.007930455729365349,0.00017665432824287564,-0.00017665438645053655,-9.844059241004288e-05,9.844057785812765e-05,9.273299656342715e-05,-9.273298928746954e-05,-0.000275307334959507,0.00027530730585567653,0.001186302863061428,-0.001186302863061428,2.971784124383703e-05,-2.971784124383703e-05,-0.0001962287351489067,0.0001962287351489067,-0.000616932287812233,0.0006169324042275548,0.0007265206659212708,-0.0007265207241289318,7.0429618972411845e-06,-7.042960987746483e-06,-0.00019468263781163841,0.00019468260870780796,0.0007447543903253973,-0.0007447543903253973,0.000980085926130414,-0.0009800858097150922,0.0007494135061278939,-0.0007494135061278939],[-0.0019962205551564693,0.0019962205551564693,0.00040493340929970145,-0.00040493381675332785,-0.0008565221214666963,0.0008565221214666963,-0.0006645345129072666,0.000664534280076623,0.0001873780129244551,-0.00018737778009381145,-0.0019052467541769147,0.0019052471034228802,0.0022466955706477165,-0.002246696036309004,0.0027445442974567413,-0.0027445440646260977,0.0024096735287457705,-0.0024096735287457705,0.0005608337814919651,-0.0005608337814919651,0.00027920748107135296,-0.0002792072482407093,-0.0012465447653084993,0.0012465445324778557,0.00023214728571474552,-0.0002321474312338978,-0.007930455729365349,0.008930453099310398,-0.00017665432824287564,0.00017665437189862132,9.844033775152639e-05,-9.844035230344161e-05,-9.273306932300329e-05,9.273306932300329e-05,0.0002753072767518461,-0.0002753072767518461,-0.0011863030958920717,0.00118630297947675,-2.971790308947675e-05,2.9717881261603907e-05,0.0001962287351489067,-0.0001962287351489067,0.0006169325206428766,-0.0006169325206428766,-0.0007265206077136099,0.0007265206659212708,-7.043011464702431e-06,7.043012374197133e-06,0.00019468259415589273,-0.00019468260870780796,-0.0007447542157024145,0.0007447542157024145,-0.0009800855768844485,0.0009800856932997704,-0.0007494132732972503,0.0007494132732972503],[0.00024525311891920865,-0.00024525311891920865,0.0008015251951292157,-0.0008015248458832502,0.00013195551582612097,-0.00013195551582612097,0.0006545329233631492,-0.0006545329233631492,0.00027978653088212013,-0.00027978653088212013,0.000842466251924634,-0.0008424664265476167,0.0010742581216618419,-0.00107425800524652,0.0015365168219432235,-0.0015365165891125798,0.00020445692643988878,-0.00020445692643988878,0.00015820408589206636,-0.000158203998580575,0.00024200021289288998,-0.00024200030020438135,-0.00047941645607352257,0.00047941639786586165,-0.00011058468953706324,0.00011058457312174141,0.00017665432824287564,-0.00017665432824287564,0.0027177303563803434,-0.0017177292611449957,0.0019387167412787676,-0.0019387167412787676,0.0010331235826015472,-0.0010331235826015472,0.0007026896928437054,-0.0007026898092590272,-0.0014889005105942488,0.0014889005105942488,0.0007211399497464299,-0.0007211399497464299,0.0007979801739566028,-0.0007979801739566028,-0.00036077731056138873,0.0003607772523537278,0.0006437288830056787,-0.0006437288830056787,0.0005672484403476119,-0.0005672484403476119,0.00036478377296589315,-0.00036478371475823224,-4.690165224019438e-05,4.690165224019438e-05,0.00033054599771276116,-0.0003305459686089307,7.105845725163817e-07,-7.105845725163817e-07],[-0.0002452530025038868,0.0002452530025038868,-0.0008015250787138939,0.000801525020506233,-0.00013195567589718848,0.00013195567589718848,-0.0006545329815708101,0.0006545328651554883,-0.00027978658908978105,0.0002797865599859506,-0.0008424661937169731,0.0008424663683399558,-0.0010742581216618419,0.00107425800524652,-0.0015365168219432235,0.0015365165891125798,-0.00020445692643988878,0.00020445692643988878,-0.0001582040567882359,0.00015820391126908362,-0.00024200024199672043,0.00024200031475629658,0.00047941645607352257,-0.00047941639786586165,0.00011058463132940233,-0.00011058454401791096,-0.00017665438645053655,0.00017665437189862132,-0.0017177292611449957,0.0027177303563803434,-0.0019387169741094112,0.0019387169741094112,-0.0010331235826015472,0.0010331235826015472,-0.0007026896928437054,0.0007026897510513663,0.0014889005105942488,-0.0014889005105942488,-0.0007211399497464299,0.0007211399497464299,-0.0007979802321642637,0.0007979802321642637,0.0003607772814575583,-0.00036077731056138873,-0.0006437289412133396,0.0006437289412133396,-0.0005672484403476119,0.0005672484403476119,-0.00036478371475823224,0.00036478371475823224,4.690172499977052e-05,-4.6901783207431436e-05,-0.00033054593950510025,0.0003305459104012698,-7.10555468685925e-07,7.10555468685925e-07],[-0.0004465175443328917,0.0004465175443328917,0.0012032135855406523,-0.0012032134691253304,0.0005993935628794134,-0.0005993935628794134,0.0009392406209371984,-0.0009392405045218766,0.0001926514960359782,-0.00019265164155513048,0.0008044915739446878,-0.000804491457529366,0.0016579660587012768,-0.0016579661751165986,0.000983065809123218,-0.0009830656927078962,0.0003434100071899593,-0.0003434100071899593,0.0016322152223438025,-0.0016322156880050898,-0.00028313620714470744,0.0002831362362485379,-0.00027908553602173924,0.0002790855651255697,0.00040622393134981394,-0.0004062240186613053,-9.844059241004288e-05,9.844033775152639e-05,0.0019387167412787676,-0.0019387169741094112,0.008349994197487831,-0.007349994964897633,0.0014371544821187854,-0.0014371544821187854,0.00110443658195436,-0.0011044366983696818,-0.0024782796390354633,0.0024782796390354633,0.0009452442172914743,-0.0009452442172914743,0.0024169455282390118,-0.0024169455282390118,-0.0026818409096449614,0.0026818409096449614,0.0009416310931555927,-0.0009416310349479318,0.000732054584659636,-0.0007320546428672969,0.0005167709896340966,-0.0005167710478417575,0.000599193386733532,-0.0005991932703182101,0.0001499991922173649,-0.00014999914856161922,0.0003077927976846695,-0.00030779276858083904],[0.0004465174279175699,-0.0004465174279175699,-0.001203213701955974,0.0012032135855406523,-0.0005993936210870743,0.0005993936210870743,-0.0009392406209371984,0.0009392405045218766,-0.0001926514960359782,0.00019265164155513048,-0.0008044915739446878,0.000804491457529366,-0.0016579660587012768,0.0016579661751165986,-0.000983065809123218,0.0009830656927078962,-0.0003434100071899593,0.0003434100071899593,-0.0016322152223438025,0.001632215571589768,0.00028313620714470744,-0.0002831362362485379,0.00027908553602173924,-0.00027908559422940016,-0.00040622393134981394,0.00040622398955747485,9.844057785812765e-05,-9.844035230344161e-05,-0.0019387167412787676,0.0019387169741094112,-0.007349994964897633,0.008349994197487831,-0.0014371544821187854,0.0014371544821187854,-0.00110443658195436,0.0011044366983696818,0.00247827963